0 0.7786015625 0.3833123076923077 0.758259765625 0.48984 0.925955078125 0.5006246153846154 0.94038671875 0.39105538461538464 0.857052734375 0.3834169230769231
0 0.7389453125 0.4357892307692307 0.72801953125 0.4953338461538461 0.75683203125 0.49454307692307686 0.767412109375 0.4408030769230769
0 0.607470703125 0.39270153846153844 0.611427734375 0.4034476923076923 0.60838671875 0.4232876923076923 0.654890625 0.4260646153846154 0.659810546875 0.3988584615384615
0 0.56008984375 0.42835230769230764 0.55608203125 0.4617276923076923 0.601400390625 0.4657784615384615 0.605978515625 0.43384461538461544 0.561576171875 0.4293476923076923
0 0.477001953125 0.5003953846153846 0.516224609375 0.4986661538461538 0.518154296875 0.51688 0.479123046875 0.5202307692307692
0 0.516318359375 0.49716615384615387 0.538119140625 0.4923307692307692 0.553166015625 0.48743384615384616 0.572880859375 0.4942061538461538 0.574681640625 0.5117538461538461 0.518375 0.5169430769230768
0 0.5746015625 0.5108384615384616 0.597341796875 0.5091092307692308 0.601298828125 0.4659138461538461 0.55701953125 0.4615984615384615 0.553078125 0.4874461538461538 0.573453125 0.49388
0 0.68393359375 0.2637061538461538 0.685376953125 0.22401846153846153 0.6476328125 0.2243676923076923 0.64043359375 0.2690076923076923 0.650884765625 0.2630892307692308
0 0.6424375 0.2516892307692308 0.647501953125 0.2248276923076923 0.6190546875 0.22494000000000003 0.6156484375 0.24911384615384616
0 0.568314453125 0.2577123076923077 0.574248046875 0.2257523076923077 0.55058984375 0.22644153846153847 0.547357421875 0.25728
0 0.50389453125 0.2516476923076923 0.5086953125 0.22535692307692307 0.55232421875 0.22537538461538462 0.5465 0.25647846153846154
0 0.50118359375 0.27022615384615384 0.52512109375 0.27228153846153846 0.527466796875 0.2555892307692308 0.50505859375 0.2529476923076923
0 0.56090625 0.30781538461538466 0.6114921875 0.31369846153846154 0.61953515625 0.26629692307692304 0.52848046875 0.25557076923076927 0.522826171875 0.2899015384615385 0.56194140625 0.2940276923076923
0 0.5744140625 0.3096923076923077 0.567470703125 0.3505507692307692 0.605703125 0.35164615384615383 0.610587890625 0.31284615384615383
0 0.28909375 0.2345076923076923 0.292560546875 0.35954153846153847 0.38607421875 0.35785076923076925 0.37830859375 0.23075384615384617
0 0.383578125 0.32002 0.47258203125 0.3212430769230769 0.46534765625 0.22632923076923078 0.3786640625 0.2290630769230769
0 0.200935546875 0.35805692307692305 0.19365234375 0.2913061538461538 0.047046875 0.3004246153846154 0.04989453125 0.36657538461538464
0 0.08183203125 0.4079261538461538 0.0784140625 0.4479030769230769 0.16423828125 0.4526953846153846 0.168978515625 0.41460153846153847
0 0.072802734375 0.5824907692307693 0.1805390625 0.5766323076923077 0.17615234375 0.5253230769230769 0.1566015625 0.5270261538461538 0.157716796875 0.5404292307692308 0.08637890625 0.5440538461538461 0.082576171875 0.5305538461538462 0.065146484375 0.5323153846153846
0 0.07623828125 0.6150569230769231 0.07903125 0.651556923076923 0.208857421875 0.6468738461538461 0.203986328125 0.6050553846153847
0 0.08063671875 0.6537938461538462 0.087599609375 0.727836923076923 0.231376953125 0.7196553846153846 0.2216171875 0.6456461538461539
0 0.223818359375 0.6455938461538462 0.226783203125 0.6708907692307693 0.30078125 0.6679492307692307 0.29741015625 0.6409600000000001
0 0.22591796875 0.6702861538461539 0.229921875 0.7189753846153846 0.3038125 0.7156630769230768 0.299443359375 0.6671230769230769
0 0.213591796875 0.9004523076923077 0.20176953125 0.7901338461538462 0.30811328125 0.7839369230769231 0.3158828125 0.9193661538461538
0 0.260287109375 0.5401323076923077 0.265546875 0.5729692307692308 0.30091015625 0.5699261538461539 0.297869140625 0.5385461538461539
0 0.225064453125 0.5621123076923077 0.225447265625 0.5744923076923077 0.26558203125 0.5713476923076922 0.263916015625 0.5592846153846154
0 0.369966796875 0.6062046153846155 0.370888671875 0.5793907692307692 0.430974609375 0.5784030769230769 0.43042578125 0.607116923076923
0 0.431033203125 0.5784615384615385 0.4306171875 0.6066323076923077 0.460638671875 0.6055415384615385 0.46069140625 0.5779630769230769
0 0.363810546875 0.6760061538461538 0.36365625 0.6980246153846154 0.453849609375 0.7088969230769231 0.4535859375 0.6765076923076924
0 0.41666015625 0.6419199999999999 0.416837890625 0.6766861538461538 0.453640625 0.6760338461538462 0.453359375 0.6420292307692308
0 0.42957421875 0.6075030769230769 0.429689453125 0.6421830769230769 0.453193359375 0.64202 0.4533203125 0.6081815384615384
0 0.307513671875 0.63462 0.348146484375 0.6359661538461538 0.34869140625 0.6629061538461538 0.365431640625 0.675703076923077 0.364529296875 0.6977169230769231 0.310197265625 0.6903215384615384
0 0.58777734375 0.8359692307692308 0.559181640625 0.9575584615384616 0.69047265625 0.9730830769230769 0.71416015625 0.8534553846153846
0 0.839140625 0.9926523076923077 0.689546875 0.97346 0.71196875 0.8524046153846153 0.86596484375 0.8703153846153847