0 0.5832916666666667 0.1708372641509434 0.12585000000000002 0.1555188679245283
0 0.485925 0.13484669811320754 0.06851666666666667 0.08319575471698112
0 0.3875166666666667 0.1585495283018868 0.12715833333333335 0.13214622641509435
0 0.5524 0.3889150943396227 0.08316666666666667 0.1018632075471698
0 0.5274666666666668 0.7343160377358491 0.127175 0.08153301886792452
0 0.486325 0.6708490566037736 0.045816666666666665 0.04186320754716981
0 0.5509416666666667 0.6366273584905661 0.08165 0.11593160377358491
0 0.5506833333333334 0.5464740566037736 0.08199166666666667 0.06560141509433963
0 0.45248333333333335 0.5772641509433962 0.049049999999999996 0.05912735849056604
0 0.39325 0.678691037735849 0.14139166666666667 0.1981367924528302
0 0.3486416666666667 0.4945518867924528 0.25855833333333333 0.17128537735849056
0 0.37920000000000004 0.31412735849056606 0.19640833333333332 0.1897995283018868