0 0.1450497017892644 0.43740421455938694 0.19622266401590457 0.7390996168582376
0 0.30243207422133866 0.2830842911877395 0.039383697813121274 0.14127394636015325
0 0.34370444002650763 0.23972222222222223 0.04318091451292246 0.029224137931034483
0 0.30290258449304175 0.5873275862068965 0.0410934393638171 0.14325670498084292
0 0.34435387673956264 0.5862739463601533 0.04042412193505633 0.14209770114942527
0 0.32287607687210074 0.7288888888888889 0.08200132538104704 0.1406704980842912
0 0.3825049701789265 0.7361973180076629 0.03619615639496355 0.12542145593869733
0 0.42021206096752817 0.7358045977011494 0.037912524850894636 0.12631226053639846
0 0.4993638170974155 0.6573563218390804 0.12035122597746853 0.2796647509578544
0 0.5803313452617628 0.58727969348659 0.04062955599734924 0.13994252873563218
0 0.6203180914512922 0.6349137931034483 0.039502982107355866 0.028687739463601532
0 0.580490390987409 0.27779693486590035 0.04035785288270378 0.15812260536398468
0 0.733737574552684 0.7451053639846743 0.04125248508946322 0.14511494252873564
0 0.7715440689198144 0.7440708812260536 0.035772034459907225 0.145411877394636
0 0.8072962226640159 0.7691858237547893 0.034280980781974814 0.09788314176245211
0 0.8424519549370444 0.7348850574712644 0.03532803180914513 0.12469348659003832
0 0.9151689860834991 0.7037739463601532 0.07744201457919152 0.0589367816091954
0 0.9152021206096752 0.6467911877394636 0.07680583167660703 0.055383141762452105
0 0.8930815109343937 0.5881896551724138 0.03123923127899271 0.06489463601532568
0 0.9154671968190855 0.4645498084291188 0.07669317428760769 0.05423371647509578
0 0.9152882703777336 0.4128639846743295 0.07694499668654738 0.053218390804597705
0 0.9156063618290259 0.36121647509578547 0.07697813121272365 0.052279693486590034
0 0.915268389662028 0.3100670498084291 0.0769118621603711 0.052318007662835245
0 0.9153479125248509 0.2573659003831418 0.07584493041749503 0.05192528735632184
0 0.9153015241882041 0.2060153256704981 0.07636845593108019 0.051580459770114946
0 0.9076474486414845 0.12951149425287356 0.03642809807819748 0.03474137931034483
0 0.8046653412856196 0.6346168582375479 0.03928429423459245 0.028093869731800766
0 0.8222133863485752 0.591455938697318 0.07505632869449967 0.05902298850574712
0 0.8224850894632207 0.5257758620689655 0.07424784625579854 0.07085249042145594
0 0.8220278330019881 0.4646934865900383 0.07485089463220676 0.05138888888888889
0 0.8222465208747515 0.4134003831417624 0.07495692511597084 0.05118773946360153
0 0.8225513585155733 0.36137931034482756 0.07538104705102718 0.05128352490421456
0 0.8224850894632207 0.3089846743295019 0.07525513585155733 0.0525191570881226
0 0.8221669980119285 0.25765325670498085 0.07505632869449967 0.05073754789272031
0 0.8414247846255799 0.15339080459770113 0.03497017892644135 0.10557471264367815
0 0.8062491716368456 0.15297892720306513 0.03421471172962227 0.10602490421455939
0 0.7713055003313454 0.15330459770114943 0.03482438701126574 0.10540229885057471
0 0.7339297548045063 0.15298850574712644 0.03987408880053015 0.10476053639846744