0 0.21460210930009588 0.21281368821292776 0.1538638542665388 0.18662864385297845
0 0.3464333652924257 0.2138022813688213 0.10910834132310641 0.18859315589353615
0 0.4797986577181208 0.2131558935361217 0.15604985618408437 0.18887198986058304
0 0.6501534036433365 0.21183776932826362 0.18361457334611697 0.1862230671736375
0 0.7921380632790029 0.21396704689480353 0.10125599232981783 0.18425855513307984
0 0.7925023969319271 0.786489226869455 0.10554170661553211 0.18740177439797212
0 0.6877085330776606 0.7869961977186313 0.10486097794822627 0.1852851711026616
0 0.5837008628954937 0.7868314321926488 0.10465963566634708 0.18595690747782
0 0.4663279002876318 0.7870595690747783 0.13119846596356663 0.18742712294043093
0 0.1904602109300096 0.7867300380228137 0.10607861936720997 0.18988593155893535
0 0.4357718120805369 0.588212927756654 0.09636625119846597 0.10866920152091254
0 0.3393192713326942 0.5873764258555133 0.0970469798657718 0.10481622306717364
0 0.21536912751677853 0.5944233206590621 0.15398849472674978 0.1915082382762991
0 0.19088207094918505 0.40309252217997465 0.10591562799616491 0.19116603295310522
0 0.3869511025886865 0.4552091254752852 0.19234899328859062 0.16342205323193917
0 0.6653883029721956 0.5011153358681876 0.36338446788111217 0.37650190114068444