0 0.08572984749455338 0.12929166666666667 0.07486928104575163 0.10779166666666666
0 0.15810457516339868 0.128425 0.07178649237472767 0.10755833333333333
0 0.2432244008714597 0.07544166666666667 0.10101307189542484 0.08434166666666666
0 0.33673202614379083 0.07589166666666666 0.08656862745098039 0.08299166666666667
0 0.47693899782135074 0.07541666666666667 0.19320261437908498 0.08298333333333333
0 0.6176688453159042 0.07558333333333334 0.08826797385620914 0.08331666666666666
0 0.7108496732026143 0.07560833333333333 0.09844226579520697 0.08335
0 0.8291176470588235 0.12901666666666667 0.13673202614379085 0.10675833333333334
0 0.5359477124183006 0.20075833333333334 0.11193899782135076 0.09541666666666666
0 0.4195424836601307 0.20138333333333333 0.11779956427015251 0.09265000000000001
0 0.47700435729847496 0.31674166666666664 0.23098039215686272 0.13943333333333333
0 0.4768736383442266 0.45524166666666666 0.23110021786492374 0.050291666666666665
0 0.47733115468409587 0.49643333333333334 0.23272331154684095 0.032749999999999994
0 0.12245098039215686 0.2613083333333333 0.14547930283224403 0.08575833333333333
0 0.24506535947712418 0.26133333333333336 0.10093681917211329 0.08674166666666668
0 0.10372549019607843 0.39638333333333337 0.10836601307189543 0.18389166666666665
0 0.22694989106753813 0.395675 0.1352069716775599 0.18248333333333333
0 0.23700435729847494 0.5665749999999999 0.11898692810457517 0.08719166666666667
0 0.1138235294117647 0.5665583333333334 0.1269281045751634 0.08790833333333332
0 0.17252723311546841 0.6747166666666666 0.24607843137254903 0.129875
0 0.17320261437908496 0.7930750000000001 0.24799564270152505 0.109175