0 0.20426519337016577 0.2576484375 0.24622099447513812 0.2215703125
0 0.4127955801104972 0.20415624999999998 0.17056353591160223 0.11458593749999998
0 0.4143646408839779 0.3157734375 0.16963535911602212 0.10896874999999999
0 0.6155469613259669 0.2555 0.23480662983425415 0.21960937500000002
0 0.8141988950276243 0.20147656249999998 0.15866298342541438 0.11276562500000001
0 0.8137016574585635 0.313015625 0.1559668508287293 0.10585156250000001
0 0.7402430939226519 0.463203125 0.3070939226519337 0.1882890625
0 0.632232044198895 0.6603749999999999 0.41214364640883977 0.2056171875
0 0.28723756906077347 0.7246406249999999 0.27176795580110497 0.19335156250000002
0 0.17341436464088397 0.5921328124999999 0.17756906077348064 0.0715859375
0 0.3340220994475138 0.46303124999999995 0.5010607734806629 0.1869765625