0 0.76761 0.41910000000000003 0.14388 0.07401
0 0.76725 0.48283 0.14474 0.05725
0 0.7675 0.5396599999999999 0.14404 0.05631
0 0.7677200000000001 0.60321 0.14569 0.07243000000000001
0 0.7675599999999999 0.6957300000000001 0.14264 0.10776999999999999
0 0.7688400000000001 0.82072 0.14221999999999999 0.14178
0 0.6415700000000001 0.82001 0.11220000000000001 0.14285
0 0.53134 0.82009 0.11129 0.143
0 0.42027 0.83889 0.11031999999999999 0.10678
0 0.3098 0.82052 0.11073000000000001 0.14262
0 0.32421 0.41331 0.086 0.03719
0 0.33575 0.45637 0.06204 0.045590000000000006
0 0.29218 0.45712 0.02355 0.04582
0 0.52204 0.4467 0.127 0.12974000000000002
0 0.7682 0.20342 0.14227 0.14206
0 0.64103 0.20324 0.11388 0.14189
0 0.53031 0.20349 0.10926000000000001 0.14334
0 0.42012 0.18478999999999998 0.11143 0.10725
0 0.31019 0.20411 0.11202 0.1407
0 0.76706 0.32856 0.14393999999999998 0.10945999999999999
0 0.28578 0.5784 0.16411 0.1276