0 0.2223538344722855 0.16048283261802573 0.09790432801822323 0.15123390557939914
0 0.31854973424449506 0.13956008583690988 0.09660592255125285 0.11298283261802575
0 0.4131359149582384 0.15525751072961372 0.09375854214123007 0.14555793991416308
0 0.5073652239939256 0.15497854077253218 0.09527714502657555 0.1450107296137339
0 0.6035231586940015 0.2340450643776824 0.09602126044039483 0.29974248927038627
0 0.6032118451025057 0.4537553648068669 0.09635535307517085 0.14237124463519313
0 0.6029992406985573 0.5950536480686696 0.09594533029612756 0.14026824034334762
0 0.40156416097190584 0.6450858369098713 0.09510250569476082 0.13769313304721031
0 0.30608200455580864 0.6441738197424893 0.09444950645406226 0.13769313304721031
0 0.21799544419134398 0.6262875536480688 0.08142748671222474 0.1755793991416309
0 0.22343204252088078 0.3876502145922747 0.09960516324981018 0.30359442060085834
0 0.4822095671981777 0.3394527896995708 0.08029612756264237 0.12341201716738197
0 0.3657023538344723 0.464098712446352 0.10703113135914959 0.12706008583690986
0 0.36411541381928625 0.3381974248927038 0.10507972665148063 0.12389484978540773