0 0.22722627737226278 0.07088637435172089 0.3063295099061522 0.1053936822253654
0 0.22715328467153284 0.1779066478076379 0.30983315954118873 0.11106553512494106
0 0.2278832116788321 0.4947147571900047 0.30881126173096973 0.10452616690240452
0 0.22660062565172054 0.6037057991513437 0.30981230448383734 0.10937765205091939
0 0.22642335766423355 0.7131918906176332 0.30588112617309693 0.10550212164073551
0 0.16547445255474452 0.8755115511551155 0.1894577685088634 0.20561999057048563
0 0.3811366006256517 0.9073173031588874 0.23531803962460895 0.1423715228665724
0 0.5968508863399374 0.8756812824139556 0.18857142857142858 0.20375294672324376
0 0.6053388946819603 0.4677086280056577 0.16289885297184567 0.058396982555398394
0 0.6051094890510949 0.5741631305987741 0.15811261730969758 0.057925506836397925
0 0.6059541188738269 0.6351296558227251 0.15980187695516163 0.05457331447430457
0 0.6064233576642335 0.73999528524281 0.16072992700729927 0.05678925035360679
0 0.6047236704900938 0.1622913719943423 0.16167883211678832 0.06421499292786421
0 0.605422314911366 0.045893446487505894 0.16306569343065694 0.05850542197076851
0 0.6070281543274244 0.2145685997171146 0.1653806047966632 0.04074021687883074