0 0.11271527777777778 0.4435649935649935 0.1186875 0.11023166023166024
0 0.22645833333333334 0.44424710424710423 0.10885416666666667 0.11243243243243244
0 0.13638194444444443 0.2818275418275418 0.16520138888888888 0.21317889317889316
0 0.2484583333333333 0.2802831402831403 0.060368055555555564 0.2127155727155727
0 0.3064513888888889 0.28555984555984554 0.0554375 0.2245817245817246
0 0.36081944444444447 0.28665379665379664 0.05380555555555556 0.22413127413127415
0 0.40821527777777783 0.35462033462033465 0.040125 0.08821106821106822
0 0.4145 0.24285714285714285 0.05385416666666666 0.1364993564993565
0 0.42713194444444447 0.26016731016731015 0.028722222222222222 0.03274131274131274
0 0.42711805555555554 0.29454311454311455 0.02826388888888889 0.03274131274131274
0 0.45539583333333333 0.2605920205920206 0.026972222222222224 0.033281853281853284
0 0.45517361111111115 0.29405405405405405 0.02720138888888889 0.03236808236808237
0 0.45509722222222226 0.20886743886743886 0.027388888888888886 0.06922779922779923
0 0.4425277777777778 0.3265637065637066 0.028916666666666667 0.030682110682110682
0 0.4428125 0.3707464607464607 0.028951388888888888 0.056280566280566276
0 0.4772430555555556 0.3547747747747748 0.03991666666666666 0.08750321750321749
0 0.4829444444444445 0.24214929214929215 0.028722222222222222 0.13787644787644787
0 0.5243888888888889 0.28544401544401543 0.05438194444444445 0.22643500643500644
0 0.5789583333333334 0.28545688545688547 0.0541875 0.22624195624195623
0 0.7715555555555556 0.28222651222651224 0.11432638888888888 0.21184041184041183
0 0.7697638888888889 0.44173745173745177 0.12211805555555555 0.11392535392535393
0 0.7972638888888889 0.6051222651222651 0.06554166666666666 0.2175675675675676
0 0.6856111111111111 0.6019819819819819 0.15845138888888888 0.22523809523809524
0 0.5509027777777777 0.601994851994852 0.11075694444444445 0.22682110682110684
0 0.3339375 0.6028056628056628 0.11184027777777779 0.22532818532818535
0 0.25251388888888887 0.6059330759330759 0.05227083333333333 0.21501930501930502
0 0.14697916666666666 0.6065250965250965 0.1877361111111111 0.2133976833976834