0 0.8021083086053412 0.7708661912751678 0.07070771513353116 0.056875
0 0.8025741839762612 0.6949265939597316 0.0710459940652819 0.09200503355704698
0 0.7757551928783383 0.3770218120805369 0.06885014836795253 0.1077768456375839
0 0.7239080118694362 0.3414576342281879 0.03506231454005935 0.07186451342281878
0 0.6870192878338279 0.3414765100671141 0.036406528189910976 0.07144714765100672
0 0.6443635014836796 0.3411849832214765 0.04927596439169139 0.07127936241610738
0 0.7046854599406528 0.41096476510067115 0.07202967359050445 0.06906459731543624
0 0.6442848664688426 0.41117869127516776 0.04911424332344213 0.06998112416107383
0 0.5342017804154303 0.4116883389261745 0.07058011869436201 0.06963087248322147
0 0.5246557863501483 0.3410130033557047 0.05258160237388724 0.07059563758389262
0 0.4806454005934718 0.3413296979865772 0.03631305637982196 0.07016359060402685
0 0.43951780415430264 0.34174706375838926 0.04498219584569733 0.07062080536912753
0 0.45814094955489615 0.4117428691275168 0.0815326409495549 0.06949454697986578
0 0.3447359050445104 0.41778523489932884 0.06619584569732938 0.055771812080536914
0 0.34460830860534125 0.47421140939597317 0.06675222551928783 0.05662332214765101
0 0.34465133531157266 0.6019924496644296 0.06613946587537091 0.09193582214765102
0 0.4229347181008902 0.6020260067114094 0.09082937685459941 0.09191275167785234
0 0.42984718100890207 0.6909437919463087 0.07743175074183976 0.08552013422818791
0 0.35996439169139466 0.6908137583892617 0.06293026706231454 0.08566694630872483
0 0.2933946587537092 0.8442827181208054 0.07248813056379821 0.13534815436241612
0 0.5351483679525223 0.8481417785234899 0.16829970326409494 0.14340394295302014
0 0.691146884272997 0.7737856543624161 0.06159050445103858 0.05080327181208053
0 0.6908783382789319 0.6739744127516779 0.06105192878338279 0.051090604026845635
0 0.6910074183976261 0.6242491610738256 0.06164540059347181 0.04820260067114094
0 0.6909169139465875 0.5764093959731544 0.06146290801186943 0.04733640939597315
0 0.6909881305637983 0.5264555369127516 0.06090504451038576 0.05266778523489933
0 0.42065430267062315 0.8472084731543623 0.06043768545994065 0.1396015100671141
0 0.36011424332344216 0.8458871644295302 0.060916913946587534 0.1375964765100671
0 0.21026706231454007 0.776960989932886 0.09400148367952522 0.2583347315436242
0 0.05423590504451039 0.7474664429530201 0.044005934718100895 0.06183515100671141
0 0.10751038575667655 0.7465729865771812 0.06290356083086054 0.06332424496644296
0 0.06476409495548961 0.6826111577181209 0.06460089020771513 0.06520553691275167
0 0.11840059347181009 0.6816317114093959 0.04248071216617211 0.06718120805369128
0 0.13004747774480713 0.5975104865771812 0.06624035608308605 0.1015121644295302
0 0.11018249258160237 0.5620322986577181 0.02651038575667656 0.030557885906040267
0 0.11 0.5925943791946309 0.027071216617210684 0.03136744966442953
0 0.11009495548961423 0.6279697986577181 0.026799703264094955 0.03852768456375839
0 0.06494955489614243 0.45416317114093957 0.06450593471810089 0.09802852348993288
0 0.10516617210682494 0.43089974832214767 0.055899109792284865 0.05150377516778523
0 0.11669732937685459 0.48585989932885904 0.03768545994065282 0.05718540268456376
0 0.11624035608308605 0.5312248322147651 0.03903560830860534 0.03134857382550336
0 0.04991543026706231 0.26994756711409396 0.03692433234421365 0.0474748322147651
0 0.3016261127596439 0.2176468120805369 0.10459643916913947 0.11518875838926175
0 0.3899584569732938 0.20100671140939597 0.07252225519287835 0.0795763422818792
0 0.5955370919881305 0.2188066275167785 0.04856231454005935 0.11386954697986576
0 0.2927166172106825 0.7120260067114094 0.07177299703264095 0.12995176174496645
0 0.522700296735905 0.5565834731543624 0.05173590504451039 0.052414010067114096
0 0.5253813056379822 0.6150838926174497 0.05759050445103858 0.06333892617449664
0 0.5382433234421365 0.5991547818791946 0.032660237388724034 0.030853607382550337
0 0.5381008902077151 0.6307256711409396 0.03237685459940653 0.033080956375838924
0 0.5233887240356083 0.6906459731543624 0.04947626112759644 0.08671770134228189
0 0.5838768545994065 0.690815855704698 0.07209495548961424 0.08528942953020134