0 0.28262109375 0.21230514096185737 0.12244921875 0.21390823659480374
0 0.1742421875 0.17147042564953013 0.09421484375 0.1801271420674406
0 0.1738984375 0.32492537313432834 0.09352734375 0.12858485351022667
0 0.22983984375 0.47994472084024326 0.14021484374999998 0.17955223880597015
0 0.18209375 0.6257379767827529 0.043625000000000004 0.11092316196793808
0 0.22828125 0.596301824212272 0.04655078125 0.0509673852957435
0 0.228515625 0.6516860143725816 0.046296875 0.05739635157545605
0 0.22112890625 0.754521835268104 0.1214609375 0.14517412935323384
0 0.44578125 0.7281923714759535 0.10152734375000001 0.1515257048092869
0 0.53933984375 0.7067827529021559 0.08240625 0.10715312327252625
0 0.45780859375 0.4747982310668878 0.3122890625 0.3055721393034826
0 0.63780859375 0.598955223880597 0.04578125 0.09129353233830846
0 0.64020703125 0.5105804311774461 0.051652343749999996 0.06727473742399116
0 0.68933203125 0.2435544499723604 0.1592890625 0.23361525704809288
0 0.82003515625 0.3316030956329464 0.1101015625 0.279485903814262