0 0.15823437499999998 0.20659375000000002 0.1515703125 0.24428125
0 0.1583203125 0.43923124999999996 0.15097265625 0.22010000000000002
0 0.15903515625 0.6623375 0.15239843749999998 0.22615625
0 0.5387304687500001 0.1739375 0.13441015625 0.1736
0 0.5383554687500001 0.35881250000000003 0.13366015625 0.1947875
0 0.6911015625 0.17845624999999998 0.14391015625 0.19180624999999998
0 0.84434375 0.17889375000000002 0.1336484375 0.19496875
0 0.84028515625 0.7276250000000001 0.1413359375 0.10730624999999999
0 0.33101953125 0.19091875000000003 0.17603125 0.21560625000000003
0 0.32906640625 0.6655125 0.17036328125 0.22055
0 0.85618359375 0.389625 0.11070312499999999 0.2270375
0 0.839890625 0.5898 0.14427734375 0.17095