0 0.137314453125 0.16891927083333333 0.135478515625 0.2108723958333333
0 0.273955078125 0.16856770833333334 0.132861328125 0.21345052083333335
0 0.408291015625 0.16843750000000002 0.13298828125 0.2131640625
0 0.53330078125 0.16846354166666666 0.11361328125 0.21180989583333332
0 0.647197265625 0.1678125 0.114150390625 0.21050781249999997
0 0.815458984375 0.8323697916666667 0.23048828125 0.24240885416666666
0 0.1831640625 0.4879036458333333 0.23119140625 0.24529947916666664
0 0.114189453125 0.31921875 0.090390625 0.0898046875
0 0.8174609375 0.2093359375 0.22515625 0.296875
0 0.81552734375 0.5304296875 0.2295703125 0.34889322916666665
0 0.455966796875 0.41865885416666665 0.59330078125 0.2906640625