0 0.1762136752136752 0.2703869407496977 0.24266666666666667 0.26406287787182586
0 0.37872649572649575 0.27105199516324063 0.1613162393162393 0.2644740024183797
0 0.5291452991452992 0.27162031438935913 0.13756410256410256 0.26559854897218865
0 0.6918461538461539 0.27159613059250304 0.18772649572649572 0.2655501813784764
0 0.8650256410256411 0.2133857315598549 0.15784615384615386 0.14828295042321643
0 0.8597606837606837 0.36492140266021766 0.16815384615384615 0.1550665054413543
0 0.8685641025641025 0.4992744860943168 0.15735042735042734 0.11194679564691656
0 0.8678888888888888 0.6146795646916565 0.15446153846153846 0.11892382103990326
0 0.8522478632478633 0.7662031438935912 0.18476068376068375 0.1858887545344619
0 0.6908376068376069 0.766118500604595 0.13817094017094017 0.18443772672309552
0 0.5547264957264957 0.78546553808948 0.1348974358974359 0.14446191051995164
0 0.4325811965811966 0.7862636033857315 0.1094017094017094 0.1460459492140266
0 0.26932478632478635 0.7673881499395405 0.216008547008547 0.18656590084643287
0 0.10757264957264957 0.7676662636033857 0.10488888888888889 0.18690447400241836
0 0.11432478632478632 0.44041112454655384 0.11877777777777777 0.07743651753325273
0 0.26117094017094017 0.503881499395405 0.09743589743589744 0.07141475211608223
0 0.26116239316239315 0.5761668681983071 0.09742735042735043 0.07178960096735187
0 0.18147008547008547 0.5701692865779927 0.257051282051282 0.20714631197097944
0 0.7410683760683761 0.5386215235792019 0.09891452991452991 0.14603385731559854
0 0.6196581196581197 0.5391172914147522 0.09458974358974359 0.14702539298669892