0 0.17987771739130434 0.15868506493506493 0.2270923913043478 0.18264610389610392
0 0.38229619565217393 0.15840909090909092 0.17952445652173912 0.18418831168831168
0 0.5705978260869565 0.1575974025974026 0.19570652173913042 0.18256493506493504
0 0.7921603260869565 0.15685064935064935 0.12559782608695652 0.1795292207792208
0 0.8991032608695653 0.12477272727272727 0.0848233695652174 0.11689935064935066
0 0.8980298913043478 0.21512987012987014 0.0839945652173913 0.06670454545454546
0 0.8630298913043479 0.3844805194805195 0.15240489130434784 0.279025974025974
0 0.8627853260869565 0.6317370129870129 0.14798913043478262 0.21491883116883115
0 0.8523097826086956 0.8436201298701298 0.1740625 0.1799512987012987
0 0.6410326086956522 0.8471103896103896 0.24644021739130434 0.18224025974025976
0 0.3944836956521739 0.8463149350649352 0.2458016304347826 0.1814448051948052
0 0.13866847826086956 0.3413311688311688 0.14485054347826087 0.1861525974025974
0 0.13887228260869564 0.5190097402597402 0.1438858695652174 0.1699512987012987
0 0.3704483695652174 0.5014448051948052 0.1980163043478261 0.360974025974026
0 0.6512092391304348 0.41248376623376626 0.1538858695652174 0.17477272727272727
0 0.6517934782608696 0.5929383116883117 0.15380434782608696 0.18344155844155843
0 0.16817934782608696 0.8279058441558441 0.2036548913043478 0.22042207792207794