0 0.630988326848249 0.6207780320366132 0.021151750972762645 0.12334096109839816
0 0.651976653696498 0.6213043478260869 0.021455252918287936 0.12551487414187643
0 0.6725603112840467 0.6208695652173913 0.021400778210116732 0.1254233409610984
0 0.6932762645914397 0.6204805491990846 0.02072373540856031 0.12556064073226544
0 0.7143813229571985 0.6195423340961098 0.0216420233463035 0.12578947368421053
0 0.735704280155642 0.61837528604119 0.020964980544747082 0.1251258581235698
0 0.7566848249027237 0.6180091533180778 0.02090272373540856 0.12384439359267733
0 0.7776108949416343 0.6178718535469108 0.020521400778210117 0.12432494279176201
0 0.7964980544747081 0.6175286041189931 0.017128404669260702 0.12363844393592678
0 0.8155252918287939 0.6172768878718535 0.020599221789883267 0.12208237986270024
0 0.8366070038910506 0.617116704805492 0.0212295719844358 0.12178489702517162
0 0.8576186770428015 0.6178032036613272 0.021346303501945524 0.1220366132723112
0 0.8784824902723735 0.6162929061784896 0.02077821011673152 0.12009153318077803
0 0.8990661478599221 0.6158123569794051 0.021182879377431907 0.1202974828375286
0 0.9194863813229571 0.6154462242562929 0.020490272373540855 0.12066361556064073
0 0.610124513618677 0.7741418764302059 0.02123735408560311 0.12443935926773456
0 0.6312762645914397 0.7743020594965675 0.02144747081712062 0.12475972540045767
0 0.6520466926070039 0.7739816933638445 0.021206225680933853 0.12411899313501144
0 0.6731750972762646 0.7734096109839818 0.021665369649805446 0.12379862700228833
0 0.6940933852140078 0.7731350114416476 0.020848249027237354 0.12411899313501144
0 0.7150894941634242 0.7722196796338673 0.022194552529182877 0.1240045766590389
0 0.7361400778210118 0.7713729977116704 0.021361867704280155 0.1231350114416476
0 0.7570972762645914 0.7705949656750573 0.021486381322957198 0.12327231121281464
0 0.7775642023346303 0.7696567505720823 0.02091828793774319 0.12311212814645309
0 0.7967315175097276 0.7683066361556065 0.017735408560311285 0.12462242562929061
0 0.8157743190661478 0.7678718535469108 0.02151750972762646 0.1254462242562929
0 0.8369416342412451 0.7673684210526315 0.021206225680933853 0.12530892448512584
0 0.8579221789883269 0.7667276887871853 0.021377431906614786 0.1248741418764302
0 0.8785214007782102 0.7656521739130434 0.02077821011673152 0.12441647597254003
0 0.8993852140077822 0.7653318077803204 0.021680933852140077 0.12432494279176201
0 0.9202412451361868 0.7649885583524028 0.02127626459143969 0.12469107551487414
0 0.5112529182879377 0.5902288329519451 0.017167315175097276 0.05665903890160184
0 0.5294630350194552 0.5894965675057209 0.020319066147859922 0.05784897025171625
0 0.5477431906614786 0.5886727688787186 0.016412451361867704 0.05887871853546911
0 0.42196887159533075 0.3038215102974829 0.030645914396887162 0.049885583524027464
0 0.42078599221789886 0.35020594965675056 0.03095719844357977 0.042677345537757434
0 0.4210194552529183 0.39677345537757436 0.03141634241245136 0.04636155606407323
0 0.42749416342412455 0.686933638443936 0.050575875486381316 0.16572082379862701
0 0.07684046692607004 0.5281235697940503 0.03688715953307393 0.05565217391304348
0 0.08532295719844359 0.6242105263157894 0.020396887159533073 0.08372997711670481
0 0.0646692607003891 0.6240503432494279 0.02127626459143969 0.08338672768878717
0 0.043828793774319065 0.6242562929061786 0.02091828793774319 0.08508009153318077
0 0.02369649805447471 0.6251487414187643 0.02070817120622568 0.08558352402745995
0 0.03182101167315175 0.5283295194508009 0.03720622568093385 0.049130434782608694