0 0.27976875 0.28035882352941177 0.27043125 0.3764588235294118
0 0.54380625 0.24531764705882353 0.2562875 0.30747058823529416
0 0.7995812499999999 0.24489999999999998 0.25733125 0.3093823529411765
0 0.84949375 0.5024470588235294 0.1556375 0.20305294117647057
0 0.8640062500000001 0.7259411764705882 0.13024375 0.24098823529411764
0 0.7352562500000001 0.7515058823529411 0.12854374999999998 0.19062352941176472
0 0.7344499999999999 0.630664705882353 0.1286625 0.05277058823529411
0 0.47769375 0.7518117647058823 0.38447499999999996 0.19094117647058825
0 0.21861875 0.7137 0.13664375 0.2635470588235294
0 0.23346875 0.5256235294117647 0.1735375 0.11271764705882353
0 0.59423125 0.5284235294117647 0.35938749999999997 0.2575529411764706