0 0.2378611111111111 0.4380952380952381 0.19647222222222221 0.10522222222222223
0 0.22105 0.5461904761904762 0.1681 0.10641269841269842
0 0.23705 0.6531587301587302 0.19779444444444444 0.1103968253968254
0 0.38462222222222225 0.6037142857142856 0.04072222222222222 0.20909523809523808
0 0.4254 0.6035396825396826 0.041627777777777784 0.21047619047619046
0 0.4665166666666667 0.6022698412698413 0.041411111111111114 0.20804761904761904
0 0.5072722222222222 0.5466349206349206 0.04139444444444445 0.3244920634920635
0 0.5483333333333333 0.5476190476190477 0.0413 0.32503174603174606
0 0.5891444444444445 0.6027301587301588 0.04058333333333333 0.20906349206349206
0 0.6303055555555556 0.6034603174603175 0.041216666666666665 0.21206349206349207
0 0.6713166666666666 0.602984126984127 0.04072222222222222 0.21125396825396825
0 0.7503444444444444 0.5746825396825397 0.060727777777777776 0.26450793650793647
0 0.7919222222222222 0.5398412698412699 0.14352222222222222 0.3382063492063492