0 0.6133762237762238 0.24359603960396042 0.13133986013986015 0.12046336633663367
0 0.6201370629370628 0.378819801980198 0.05492307692307692 0.1421940594059406
0 0.5087020979020979 0.3714732673267327 0.1702125874125874 0.1521148514851485
0 0.35765594405594403 0.368229702970297 0.13013146853146854 0.1592079207920792
0 0.32337342657342655 0.21399207920792082 0.11564195804195805 0.05821782178217822
0 0.4230433566433567 0.21672871287128714 0.08354125874125874 0.06438019801980198
0 0.17185174825174826 0.26624950495049504 0.18344895104895106 0.16521980198019803
0 0.1470993006993007 0.4527841584158416 0.13361678321678322 0.20272871287128713
0 0.14835804195804195 0.6884039603960396 0.13581538461538462 0.26453465346534655
0 0.31708811188811187 0.502039603960396 0.10684475524475526 0.1032950495049505
0 0.2942181818181818 0.7542574257425743 0.15284755244755244 0.13726732673267328
0 0.31669090909090913 0.6211524752475248 0.10918041958041957 0.12725148514851486
0 0.7015804195804196 0.6843841584158415 0.09076643356643357 0.0829940594059406
0 0.7128195804195804 0.5989029702970297 0.12001398601398602 0.0873029702970297
0 0.7137762237762237 0.7690811881188119 0.11806153846153845 0.08944158415841584
0 0.7998377622377623 0.5801663366336633 0.05226573426573426 0.037504950495049504
0 0.7992307692307692 0.6317227722772277 0.05105454545454546 0.06667326732673268