0 0.36203230148048454 0.7702534854245882 0.11154777927321669 0.08500633713561469
0 0.36205921938088825 0.8383016476552597 0.11082099596231494 0.05245880861850444
0 0.5270390309555855 0.9391381495564005 0.04787348586810229 0.07248415716096324
0 0.5748183041722745 0.9395437262357413 0.04703903095558547 0.07404309252217997
0 0.5240780619111709 0.8367300380228136 0.12095558546433378 0.053650190114068436
0 0.6128263795423957 0.8361596958174905 0.05391655450874832 0.05600760456273764
0 0.664777927321669 0.8359949302915083 0.050363391655450875 0.056552598225602026
0 0.7141184387617766 0.8365272496831432 0.047160161507402425 0.056730038022813685
0 0.9009152086137281 0.7814828897338404 0.07799461641991925 0.055348542458808624
0 0.883257065948856 0.8366539923954373 0.1109421265141319 0.05425855513307985
0 0.516056527590848 0.7391634980988594 0.1149528936742934 0.06263624841571609
0 0.3878600269179004 0.6928770595690747 0.06111709286675639 0.07181242078580481
0 0.38798115746971734 0.6208491761723701 0.05835800807537012 0.07167300380228137
0 0.6959219380888292 0.546958174904943 0.23915208613728128 0.21814955640050698
0 0.7940915208613728 0.7391634980988594 0.04962314939434724 0.06334600760456273
0 0.79464333781965 0.6825348542458808 0.05071332436069986 0.04987325728770596
0 0.516056527590848 0.6841191381495564 0.11477792732166892 0.04770595690747782
0 0.5247106325706595 0.6102408111533587 0.09103633916554509 0.09775665399239543
0 0.5242395693135935 0.5182382762991128 0.09000000000000001 0.08709759188846641
0 0.7255720053835801 0.3932319391634981 0.18577388963660835 0.07741444866920152
0 0.7974966352624495 0.3301140684410646 0.04360699865410498 0.04697084917617237
0 0.6011978465679677 0.39401774397972117 0.05705248990578735 0.07646387832699619