0 0.307514715500327 0.27832407407407406 0.042563767168083716 0.1870925925925926
0 0.34693263570961413 0.27846296296296297 0.03531720078482668 0.18537962962962964
0 0.3822105951602354 0.2781296296296296 0.03549378678875082 0.1847037037037037
0 0.4169914977109222 0.2781666666666667 0.03452583387835186 0.18578703703703706
0 0.45262916939175935 0.2784537037037037 0.033930673642903864 0.18437962962962962
0 0.49734466971877045 0.2776666666666667 0.05437540876389797 0.1847777777777778
0 0.552544146500981 0.278212962962963 0.054859385219097445 0.1829074074074074
0 0.5980902550686723 0.2789629629629629 0.0348332243296272 0.18341666666666667
0 0.6328449967298888 0.2786203703703704 0.035552648790058865 0.182
0 0.6679398299542184 0.2783148148148148 0.036651406147809026 0.18230555555555555
0 0.7069653368214519 0.2784259259259259 0.04219097449313277 0.18252777777777776
0 0.7456572923479398 0.2781018518518519 0.03544800523217789 0.1837222222222222
0 0.8033747547416612 0.29475 0.08011118378024852 0.2188148148148148
0 0.8037540876389797 0.4659537037037037 0.08079790712884238 0.12126851851851851
0 0.8029496402877698 0.5761296296296297 0.0817200784826684 0.10099999999999999
0 0.22141268803139308 0.4293611111111111 0.13362328319162853 0.051555555555555556
0 0.22118378024852844 0.4930092592592593 0.130863309352518 0.07470370370370372
0 0.22108567691301506 0.5665277777777779 0.13041203400915632 0.0753425925925926
0 0.22148463047743622 0.627787037037037 0.1311576193590582 0.04986111111111111
0 0.7503924133420535 0.7293333333333333 0.03431000654022237 0.19932407407407407
0 0.7095356442119033 0.7290277777777778 0.04780902550686723 0.20194444444444443
0 0.6691628515369522 0.7295648148148147 0.032393721386527144 0.1990462962962963
0 0.636860693263571 0.7294537037037037 0.03241334205362983 0.19981481481481483
0 0.6042969260954872 0.729287037037037 0.03315238718116416 0.2009166666666667
0 0.5717593198168738 0.7299444444444445 0.03251144538914323 0.19897222222222222
0 0.5398691955526488 0.7292685185185185 0.03050359712230216 0.20152777777777778
0 0.5093852190974494 0.7294351851851851 0.03132766514061478 0.2018611111111111
0 0.47795291039895355 0.7298611111111111 0.03232177894048398 0.20078703703703704
0 0.4449967298888162 0.7295185185185186 0.03302158273381295 0.20105555555555554
0 0.41274035317200786 0.7301296296296296 0.03236102027468934 0.2013148148148148
0 0.38036625245258343 0.7296481481481482 0.03216481360366252 0.20230555555555557
0 0.3378024852844997 0.7296111111111111 0.05194244604316547 0.20142592592592592
0 0.23368214519293656 0.74225 0.1548332243296272 0.1779814814814815
0 0.6965271419228254 0.5000462962962963 0.08117069980379332 0.18492592592592594
0 0.34397645519947684 0.4687037037037037 0.06067364290385873 0.12581481481481482
0 0.36084368868541533 0.560962962962963 0.09687377370830609 0.06096296296296297
0 0.42701111837802486 0.42698148148148146 0.03805755395683453 0.03988888888888889
0 0.4285873119686069 0.4706296296296296 0.03850228907782864 0.04951851851851852
0 0.4282537606278613 0.5659166666666667 0.03817527795945062 0.049435185185185186
0 0.4281491170699804 0.5186574074074074 0.03833878351863963 0.04794444444444444
0 0.5072400261608895 0.4262222222222222 0.038691955526487895 0.03598148148148148
0 0.5070307390451275 0.4697037037037037 0.03784172661870504 0.049277777777777775
0 0.5067495094833224 0.518324074074074 0.03899934597776324 0.047268518518518515
0 0.5065402223675605 0.5671296296296297 0.03772400261608895 0.049305555555555554
0 0.571458469587966 0.44525925925925924 0.09083060824068018 0.08221296296296297
0 0.5715827338129497 0.5390185185185185 0.09302812295618051 0.10669444444444445