0 0.5108070279928528 0.22163674321503132 0.05682846932698035 0.07495198329853862
0 0.45977367480643244 0.22225469728601252 0.044645622394282304 0.0758329853862213
0 0.4202471709350804 0.22232150313152402 0.03434187016081 0.0749144050104384
0 0.3861048243001787 0.22238413361169102 0.03430315664085765 0.07573695198329854
0 0.3432013103037522 0.22255114822546973 0.05136390708755211 0.07607515657620041
0 0.30066110780226324 0.2221503131524008 0.03402620607504467 0.07562839248434237
0 0.26010125074449075 0.22217536534446763 0.04699821322215604 0.07638413361169102
0 0.2189666468135795 0.22032567849686846 0.03046456223942823 0.07197494780793319
0 0.18669743895175697 0.22027139874739038 0.0341721262656343 0.0718705636743215
0 0.1524538415723645 0.2203382045929019 0.03393091125670042 0.07129853862212943
0 0.11808219178082191 0.2203716075156576 0.03368671828469327 0.07101461377870565
0 0.08418999404407385 0.22048016701461376 0.03389815366289458 0.07193319415448853
0 0.044886837403216195 0.19632985386221294 0.04482727814175104 0.12001252609603341
0 0.0445473496128648 0.07663048016701461 0.044443120905300774 0.11989979123173279
0 0.0839100655151876 0.05267223382045929 0.03414532459797499 0.0724384133611691
0 0.11804050029779631 0.05250521920668058 0.03414532459797499 0.07167432150313152
0 0.15236450268016677 0.05251356993736952 0.034270399047051814 0.07198747390396659
0 0.18657832042882666 0.05235490605427975 0.03415425848719476 0.07164926931106472
0 0.21923168552709946 0.05227557411273487 0.031083978558665872 0.07186221294363257
0 0.2601399642644431 0.05077661795407098 0.04566408576533651 0.07495198329853862
0 0.30025908278737345 0.050931106471816284 0.03446098868374032 0.0752651356993737
0 0.3346337105419893 0.050881002087682675 0.03394282310899345 0.07567014613778705
0 0.36873734365693867 0.050492693110647184 0.03416319237641453 0.07540709812108559
0 0.40302561048242996 0.05068893528183716 0.03432400238237046 0.07547390396659708
0 0.17447290053603334 0.12567014613778707 0.022811197141155447 0.02104384133611691
0 0.17442525312686125 0.1469436325678497 0.02290351399642644 0.02106054279749478
0 0.19650387135199524 0.13632567849686847 0.02136092912447886 0.04292693110647182
0 0.22111971411554496 0.13626722338204594 0.028088147706968433 0.043068893528183716
0 0.3005598570577725 0.13648016701461377 0.0336420488385944 0.042221294363256785
0 0.33460988683740317 0.13650939457202504 0.03458606313281715 0.04250939457202505
0 0.361247766527695 0.12580375782881004 0.01888624181060155 0.021093945720250522
0 0.3613728409767719 0.1472526096033403 0.01895473496128648 0.021010438413361168
0 0.38597974985110184 0.13669311064718162 0.03076533650982728 0.04287265135699374
0 0.45165574746873144 0.0643883089770355 0.06311792733770101 0.1017286012526096
0 0.4949017272185825 0.06435908141962421 0.019824300178677784 0.04145302713987474
0 0.5221858248957713 0.08517327766179542 0.03418403811792734 0.08308141962421711
0 0.6074627754615842 0.10483507306889353 0.1369803454437165 0.18050939457202506
0 0.5564532459797499 0.21655114822546973 0.03423764145324598 0.04172442588726514
0 0.5564085765336511 0.2486304801670146 0.03410661107802263 0.021419624217118998
0 0.6358844550327577 0.21657620041753656 0.011911852293031567 0.043006263048016705
0 0.6687075640262061 0.21629645093945718 0.01384455032757594 0.0431482254697286
0 0.6928737343656939 0.08184133611691023 0.03407087552114354 0.07704384133611691
0 0.7271649791542585 0.08203340292275574 0.03421977367480643 0.07712734864300626
0 0.7614800476474092 0.0819749478079332 0.03421381774865992 0.07731941544885178
0 0.79565812983919 0.0821544885177453 0.03380285884455033 0.07649686847599166
0 0.8296188207266231 0.08220459290187891 0.0340172721858249 0.0765929018789144
0 0.8637373436569385 0.08210438413361168 0.03448481238832638 0.07680167014613778
0 0.8979779630732578 0.08192901878914405 0.03428826682549137 0.07721503131524009
0 0.9414651578320429 0.08181210855949896 0.05296009529481834 0.07781210855949897
0 0.9541602144133413 0.15290187891440501 0.026617033948779033 0.06339039665970772
0 0.8677665276950566 0.20542379958246346 0.09455032757593806 0.10553653444676409
0 0.7724985110184635 0.22109812108559498 0.02646813579511614 0.07401670146137787
0 0.8031209053007743 0.22102296450939457 0.03459201905896367 0.0738705636743215
0 0.7079362715902323 0.16853444676409185 0.06449672424061942 0.03253027139874739
0 0.9591304347826087 0.32292275574112733 0.04988981536628946 0.07429227557411273
0 0.8638981536628946 0.3343340292275574 0.03421381774865992 0.05133611691022965
0 0.9585556879094699 0.19711482254697285 0.018302561048243002 0.024914405010438415
0 0.9582430017867779 0.22165344467640918 0.017903513996426444 0.025106471816283928
0 0.9584246575342465 0.24649686847599164 0.01844252531268612 0.024926931106471817
0 0.9662328767123288 0.2724258872651357 0.03441036331149493 0.027169102296450937
0 0.8552918403811793 0.296972860125261 0.017355568790946994 0.023640918580375783
0 0.8725699821322216 0.2968893528183716 0.01695354377605718 0.0237160751565762
0 0.9669029184038118 0.4301795407098121 0.03476474091721263 0.07667640918580375
0 0.932275163787969 0.43026304801670145 0.03401429422275164 0.07602922755741127
0 0.8982251340083383 0.4303632567849687 0.03424955330553901 0.07594572025052192
0 0.8639011316259678 0.43011691022964516 0.03408278737343657 0.075678496868476
0 0.8295086360929124 0.42987473903966594 0.03396962477665277 0.07555323590814196
0 0.4872840976771888 0.3229269311064718 0.03724240619416319 0.05540709812108559
0 0.5324657534246575 0.43631732776617954 0.05745681953543776 0.05625469728601252
0 0.5595652173913044 0.49211273486430057 0.05789755807027992 0.05521503131524009
0 0.6210035735556879 0.4918455114822547 0.06480643240023824 0.055532359081419624
0 0.626962477665277 0.44113987473903965 0.028713519952352592 0.04611273486430063
0 0.7604466944609887 0.49253027139874733 0.03351697438951757 0.05536116910229645
0 0.7177337701012507 0.5084133611691023 0.05331149493746278 0.08712734864300625
0 0.6810065515187612 0.5371565762004176 0.01950565812983919 0.03136116910229645
0 0.662275163787969 0.5369895615866388 0.018100059559261465 0.031991649269311064
0 0.6549315068493151 0.7300083507306889 0.25157236450268017 0.18303549060542798
0 0.655288862418106 0.5785469728601252 0.25068195354377604 0.11392901878914406
0 0.5991483025610482 0.8322087682672235 0.07287373436569387 0.04223799582463465
0 0.6294699225729602 0.9020835073068892 0.40873138773079215 0.11277661795407098