0 0.06383870967741935 0.10019946808510638 0.08596774193548387 0.15409574468085105
0 0.14059139784946237 0.07003989361702127 0.06622580645161291 0.09267287234042552
0 0.20696774193548387 0.07017287234042553 0.06688172043010752 0.09359042553191489
0 0.36648387096774193 0.3258643617021277 0.12525806451612903 0.14768617021276595
0 0.465247311827957 0.290718085106383 0.05723655913978494 0.08789893617021276
0 0.521258064516129 0.2905053191489362 0.05656989247311828 0.08747340425531915
0 0.4926559139784946 0.3730585106382979 0.1126236559139785 0.07765957446808511
0 0.5802258064516129 0.3293218085106383 0.06065591397849462 0.164375
0 0.6385483870967742 0.2884308510638298 0.05521505376344086 0.08332446808510638
0 0.6384731182795699 0.37107712765957446 0.05465591397849462 0.08195478723404255
0 0.0815268817204301 0.5498404255319149 0.11786021505376344 0.282686170212766
0 0.20112903225806453 0.6470212765957447 0.11955913978494623 0.19998670212765957
0 0.3125698924731183 0.6072207446808511 0.10234408602150538 0.1201595744680851
0 0.39296774193548384 0.5670345744680851 0.057698924731182794 0.03980053191489362
0 0.3928924731182796 0.6274335106382979 0.056967741935483866 0.08106382978723405
0 0.8300430107526883 0.47799202127659574 0.09889247311827958 0.13585106382978723
0 0.33088172043010755 0.4511436170212766 0.07018279569892473 0.07188829787234043
0 0.1824516129032258 0.2105053191489362 0.05345161290322581 0.06195478723404256
0 0.11898924731182796 0.22523936170212766 0.07117204301075268 0.0835904255319149