0 0.2670953237410072 0.17715740740740743 0.15727517985611508 0.15648148148148147
0 0.268228417266187 0.3471388888888889 0.15769784172661871 0.18065740740740743
0 0.20736510791366908 0.5386018518518519 0.276160071942446 0.20024074074074072
0 0.8675629496402878 0.35268518518518516 0.18691546762589928 0.44984259259259257
0 0.8678687050359712 0.6928333333333333 0.1875179856115108 0.22760185185185186
0 0.6468435251798561 0.7454444444444445 0.24864208633093526 0.1265277777777778
0 0.6143345323741007 0.3665277777777778 0.0675 0.21027777777777779
0 0.6767086330935251 0.19375925925925924 0.19223920863309354 0.13433333333333333
0 0.607931654676259 0.6302962962962964 0.16854316546762588 0.10487962962962963
0 0.20635791366906475 0.8763518518518519 0.2760701438848921 0.18432407407407406
0 0.1279406474820144 0.31955555555555554 0.11922661870503598 0.2252777777777778