0 0.9309667093469911 0.40618651488616464 0.11691421254801537 0.10068739054290718
0 0.9305313700384124 0.5032880910683012 0.11701024327784892 0.09656304728546411
0 0.930102432778489 0.6499605954465849 0.1153617157490397 0.19684763572679512
0 0.08964788732394366 0.6663397548161121 0.1092381562099872 0.16201401050788092
0 0.08966709346991038 0.5193126094570928 0.1087708066581306 0.12972854640980735
0 0.08969590268886043 0.4048598949211909 0.10832586427656851 0.09662434325744308
0 0.0892605633802817 0.30612959719789845 0.10897247119078106 0.09705779334500876
0 0.0893021766965429 0.20856830122591943 0.10956145966709346 0.09774080560420316
0 0.08875480153649166 0.09376970227670753 0.11049935979513444 0.1306042031523643
0 0.8893181818181818 0.19315236427320492 0.19772087067861713 0.3266725043782837
0 0.6987996158770807 0.059290718038528895 0.06324903969270167 0.06010945709281961
0 0.699151728553137 0.11328371278458844 0.0625864276568502 0.046177758318739055
0 0.7606626120358515 0.0795753064798599 0.06054097311139565 0.10316987740805604
0 0.2794238156209987 0.09482049036777583 0.10920614596670936 0.1327320490367776
0 0.4969686299615877 0.09452276707530648 0.2956338028169014 0.13216725043782837
0 0.36327784891165177 0.28074868651488616 0.026978233034571062 0.15006567425569176
0 0.6544430217669654 0.28047285464098076 0.028361075544174132 0.1505647985989492
0 0.5639020486555698 0.307092819614711 0.04075864276568502 0.05950963222416812
0 0.4529961587708067 0.3073949211908932 0.04123879641485276 0.058896672504378286