0 0.8735568802781918 0.569247572815534 0.058276204669647294 0.10716828478964402
0 0.8201390958768008 0.5800080906148867 0.05562841530054645 0.1340210355987055
0 0.7703378042722305 0.5524110032362459 0.04236959761549926 0.061003236245954696
0 0.7728365623447591 0.6230663430420712 0.041192250372578246 0.07009708737864077
0 0.7308544461003478 0.5615938511326861 0.04192250372578241 0.06466019417475728
0 0.7325782414307005 0.6348139158576052 0.04062593144560358 0.07342233009708737
0 0.6900049677098857 0.5666909385113268 0.0421659215101838 0.07274271844660193
0 0.6927620466964729 0.6477912621359223 0.04120715350223547 0.08042880258899676
0 0.6232240437158469 0.6274190938511327 0.09976154992548435 0.17338996763754044
0 0.5109041231992052 0.53042071197411 0.042737208147044216 0.05942556634304207
0 0.5114605067064083 0.5833737864077669 0.04318430203676105 0.04991909385113269
0 0.5139990064580229 0.6474514563106796 0.04826626924987581 0.08081715210355987
0 0.46253353204172876 0.5227669902912622 0.04841033283656235 0.09825242718446602
0 0.1570789865871833 0.4598139158576052 0.033656234475906606 0.05313915857605179
0 0.19929458519622453 0.46003236245954693 0.0496621957277695 0.05258090614886731
0 0.19945851962245403 0.5329449838187702 0.051212121212121216 0.09799352750809062
0 0.15720317933432687 0.508705501618123 0.034376552409339296 0.04787216828478964
0 0.15688524590163935 0.5563430420711974 0.033745653253849976 0.04902912621359223