0 0.1933773959021811 0.18246503496503497 0.12054196959682749 0.13405594405594407
0 0.19415069398545937 0.31224650349650346 0.1221083939193655 0.12811188811188812
0 0.1952875082617317 0.44534965034965035 0.12272967614011897 0.1362937062937063
0 0.31840713813615334 0.21793706293706294 0.05403172504957039 0.06583916083916083
0 0.3192333113020489 0.2826748251748252 0.05323198942498348 0.06118881118881119
0 0.3139325842696629 0.3459527972027972 0.03957699933906147 0.06090909090909091
0 0.09169200264375413 0.5805856643356644 0.11666226040978188 0.1334265734265734
0 0.12165234633179114 0.7085489510489511 0.05996695307336418 0.1229632867132867
0 0.06416391275611368 0.7101223776223776 0.05341044282881692 0.12283216783216784
0 0.3080237937871778 0.7828321678321678 0.10046265697290152 0.19393356643356643
0 0.4356906807666887 0.5964248251748251 0.1396298744216788 0.26844405594405596
0 0.4199008592200925 0.4330769230769231 0.04650363516192994 0.05780594405594405
0 0.40610046265697286 0.370743006993007 0.07253800396563119 0.07128496503496504
0 0.4016986120290813 0.31167832167832166 0.06091870456047588 0.04743006993006993
0 0.4019365499008592 0.2614685314685315 0.06138797091870456 0.05062062937062937
0 0.4582022471910112 0.28604020979020983 0.0504097818902842 0.09882867132867133
0 0.54216787838731 0.28663461538461543 0.11247851949768672 0.10002622377622378
0 0.7526173165895572 0.2878234265734266 0.14024454725710508 0.11919580419580421
0 0.666146728354263 0.27192307692307693 0.027435558493060144 0.08843531468531468
0 0.6931328486450761 0.46208916083916085 0.08116325181758097 0.07579545454545454
0 0.693013879709187 0.6978758741258742 0.08225380039656312 0.07128496503496504
0 0.7793522802379379 0.5018356643356644 0.0901123595505618 0.15590034965034966
0 0.7799008592200926 0.6187237762237763 0.09033046926635822 0.07679195804195804
0 0.7802775941837409 0.6953758741258741 0.09157964309319233 0.07583041958041958
0 0.07504296100462657 0.13030594405594406 0.10148050231328486 0.14068181818181819