0 0.8803175403225806 0.5897288676236044 0.060357862903225805 0.11480063795853271
0 0.8230191532258064 0.6046172248803828 0.05990423387096774 0.13118819776714513
0 0.7742590725806452 0.5773524720893142 0.042046370967741935 0.06063795853269538
0 0.7765927419354839 0.6472886762360447 0.04049899193548387 0.06538277511961722
0 0.7339616935483871 0.5860606060606061 0.04254032258064516 0.0643859649122807
0 0.7369909274193549 0.6585964912280702 0.04203629032258065 0.06961722488038277
0 0.6937953629032259 0.5917224880382775 0.04269657258064516 0.07129186602870814
0 0.6963860887096774 0.6679346092503987 0.04295866935483871 0.07273524720893142
0 0.6307610887096774 0.6364992025518341 0.0937953629032258 0.17198564593301435
0 0.5109173387096774 0.5550318979266348 0.044339717741935486 0.060813397129186604
0 0.5122631048387097 0.6075438596491228 0.047026209677419356 0.047408293460925045
0 0.5133467741935483 0.670622009569378 0.04919354838709677 0.08016746411483254
0 0.3918951612903226 0.6203508771929824 0.09079133064516129 0.1893859649122807
0 0.2965725806451613 0.6189154704944179 0.10078124999999999 0.1882854864433812
0 0.40895665322580643 0.42952153110047847 0.052263104838709676 0.08535885167464115
0 0.365766129032258 0.4293779904306221 0.03198084677419355 0.08486443381180224
0 0.3343094758064516 0.4297448165869218 0.032872983870967744 0.08312599681020734
0 0.3019405241935484 0.42972886762360446 0.03202116935483871 0.08362838915470495
0 0.2657610887096774 0.42993620414673045 0.03874495967741936 0.08405103668261564
0 0.05618951612903226 0.7011881977671451 0.07409778225806452 0.19495215311004785
0 0.16868447580645163 0.6981897926634768 0.14308467741935485 0.19294258373205742
0 0.17690524193548388 0.7564274322169059 0.039007056451612905 0.06531897926634768
0 0.21100806451612902 0.7396810207336523 0.02911290322580645 0.03314194577352472
0 0.21050907258064516 0.7716347687400319 0.029536290322580646 0.03166666666666667