0 0.931558764940239 0.24496491228070175 0.04582669322709163 0.24319298245614035
0 0.9318326693227091 0.7962982456140351 0.045841633466135456 0.2467719298245614
0 0.8839741035856573 0.7957368421052632 0.05094123505976096 0.2475087719298246
0 0.837320717131474 0.7981052631578948 0.04836653386454184 0.245859649122807
0 0.7881822709163347 0.7984385964912281 0.04984561752988048 0.24803508771929825
0 0.741648406374502 0.7978596491228069 0.04543824701195219 0.25256140350877193
0 0.6685806772908367 0.795561403508772 0.09711653386454183 0.25635087719298244
0 0.4764243027888446 0.797 0.04825199203187251 0.2502105263157895
0 0.4276593625498008 0.7968421052631579 0.049800796812749 0.24810526315789472
0 0.3790637450199203 0.7983859649122806 0.050159362549800794 0.2493859649122807
0 0.3311155378486056 0.796578947368421 0.05026394422310757 0.24940350877192982
0 0.2827988047808765 0.794438596491228 0.04959163346613546 0.24826315789473682
0 0.2359163346613546 0.7948070175438597 0.048271912350597614 0.25150877192982457
0 0.1872410358565737 0.7959473684210526 0.05053784860557769 0.24622807017543857
0 0.13946713147410358 0.7952807017543859 0.04960159362549801 0.24742105263157896
0 0.09127490039840637 0.7949649122807018 0.05068227091633466 0.24929824561403507
0 0.09305278884462151 0.24775438596491228 0.044043824701195215 0.2571754385964912
0 0.1387699203187251 0.24459649122807015 0.046683266932270914 0.25087719298245614
0 0.186648406374502 0.24656140350877193 0.0477390438247012 0.2518245614035088
0 0.23487549800796811 0.24763157894736842 0.04694223107569721 0.2599122807017544
0 0.2818974103585657 0.24594736842105264 0.04712649402390438 0.25656140350877193
0 0.3298207171314741 0.247719298245614 0.048266932270916336 0.254140350877193
0 0.8847011952191235 0.24578947368421053 0.04715139442231076 0.25094736842105264
0 0.8370816733067729 0.247140350877193 0.0487300796812749 0.24794736842105267
0 0.7891733067729084 0.2437719298245614 0.04918824701195219 0.2450175438596491
0 0.740687250996016 0.24647368421052634 0.04526394422310757 0.24663157894736845
0 0.6003535856573705 0.30026315789473684 0.047176294820717134 0.23108771929824562
0 0.4227191235059761 0.263719298245614 0.05366035856573705 0.30180701754385963
0 0.9451045816733068 0.5230877192982457 0.0802988047808765 0.17707017543859652
0 0.37477091633466136 0.2539649122807017 0.04160358565737052 0.2690701754385965
0 0.4905776892430279 0.2615087719298246 0.08195219123505976 0.3165438596491228
0 0.09164342629482072 0.5196842105263159 0.04286852589641434 0.12901754385964914
0 0.04502490039840637 0.7654035087719298 0.047201195219123505 0.3139122807017544