0 0.8739422407794015 0.1656308213378493 0.06870911621433543 0.2293310753598645
0 0.8047807933194154 0.16353937341236238 0.06927974947807934 0.22872142252328537
0 0.7362004175365345 0.1642675698560542 0.06806889352818371 0.23016934801016087
0 0.6675052192066806 0.16554614733276884 0.06809324982602644 0.22916172734970364
0 0.599561586638831 0.1639034716342083 0.06815935977731384 0.2294580863674852
0 0.5304627696590118 0.1649618966977138 0.0688517745302714 0.2297883149872989
0 0.4616283924843424 0.20172734970364098 0.06978775226165622 0.3053175275190516
0 0.08321503131524008 0.5056223539373412 0.13807585247042448 0.32416596104995765
0 0.4637404314544189 0.7672396274343777 0.07302713987473904 0.3641828958509738
0 0.4481454418928323 0.47000846740050806 0.04241127348643006 0.23581710414902624
0 0.4854662491301322 0.4301016088060965 0.03211899791231733 0.15116850127011008
0 0.5177766179540709 0.39445385266723115 0.03155532359081419 0.0819813717188823
0 0.5495685455810717 0.39485182049110923 0.03125608907446068 0.08172734970364098
0 0.5175330549756437 0.4701862828111769 0.033232428670842036 0.07062658763759526
0 0.5493771746694502 0.4703725656223539 0.03131176061238691 0.06889923793395428
0 0.6746242171189979 0.5501354784081287 0.12336116910229646 0.217891617273497
0 0.7614405010438414 0.5502963590177815 0.049770354906054276 0.21820491109229465
0 0.9435142658315936 0.8383573243014395 0.0720598469032707 0.2224047417442845
0 0.8740013917884482 0.8383573243014395 0.06838900487125957 0.2244792548687553
0 0.8054488517745303 0.8519813717188823 0.06876826722338204 0.19475867908552075
0 0.7367710508002784 0.8527519051651143 0.06804801670146138 0.1931922099915326