0 0.8637315875613748 0.09856637168141592 0.2367921440261866 0.15480530973451329
0 0.526759410801964 0.1002566371681416 0.4355646481178396 0.15223893805309735
0 0.16764320785597384 0.09821238938053098 0.28088379705400984 0.15267256637168142
0 0.7655728314238952 0.4293893805309734 0.11404255319148937 0.07353982300884955
0 0.765139116202946 0.5054513274336283 0.11546644844517184 0.07953097345132744
0 0.7653273322422258 0.5836460176991151 0.11508183306055646 0.07738053097345132
0 0.7654091653027824 0.6625398230088495 0.1152454991816694 0.07828318584070795
0 0.7653682487725041 0.7609115044247788 0.11516366612111292 0.11731858407079646
0 0.5342553191489362 0.7218141592920354 0.11333060556464812 0.06967256637168141
0 0.5346235679214402 0.6623097345132744 0.11211947626841243 0.08196460176991151
0 0.5355728314238952 0.5831946902654868 0.1136824877250409 0.08061061946902655
0 0.5356301145662847 0.47295575221238945 0.11175941080196398 0.1414424778761062
0 0.7382978723404255 0.8969911504424779 0.17033551554828152 0.15364601769911504
0 0.37685761047463173 0.7504601769911504 0.2004255319148936 0.1576725663716814
0 0.5270703764320785 0.36138053097345135 0.130810147299509 0.08327433628318584
0 0.5222667757774141 0.2836991150442478 0.12200490998363339 0.0720353982300885
0 0.39947626841243866 0.32157522123893806 0.12142389525368248 0.15640707964601772
0 0.2586088379705401 0.27458407079646013 0.15810147299509 0.0658849557522124
0 0.20951718494271684 0.2063274336283186 0.06311783960720131 0.06745132743362832
0 0.2989607201309329 0.35190265486725664 0.0713747954173486 0.08564601769911505
0 0.23787234042553193 0.3293805309734513 0.04389525368248773 0.03938053097345133
0 0.23795417348608836 0.3716194690265487 0.04405891980360066 0.04427433628318584
0 0.19184124386252047 0.35115044247787613 0.04881342062193126 0.08611504424778761