0 0.8989085271317829 0.255058064516129 0.10693023255813955 0.09447741935483871
0 0.8990697674418605 0.15760860215053762 0.1068 0.0970236559139785
0 0.8989333333333334 0.06908387096774193 0.10652713178294573 0.08220215053763441
0 0.08466356589147288 0.638210752688172 0.11125891472868217 0.19291182795698925
0 0.0850139534883721 0.49278279569892475 0.11048992248062015 0.09581935483870968
0 0.08523100775193798 0.3969548387096774 0.11040620155038759 0.09475268817204302
0 0.08538294573643411 0.30095483870967743 0.11075038759689923 0.09511827956989248
0 0.0850046511627907 0.20427956989247312 0.11080310077519379 0.09526021505376343
0 0.08497054263565891 0.10846451612903227 0.11073798449612403 0.09543225806451612
0 0.25348217054263567 0.09260215053763442 0.06894263565891473 0.130047311827957
0 0.31287441860465115 0.050546236559139784 0.05075038759689922 0.04534193548387097
0 0.3125364341085271 0.11464086021505378 0.050074418604651165 0.08656774193548387
0 0.37787596899224807 0.09777204301075268 0.0767937984496124 0.11975913978494623
0 0.455460465116279 0.09791397849462366 0.07731162790697675 0.11975483870967742
0 0.5318976744186046 0.09824086021505377 0.07663255813953487 0.11986666666666666
0 0.6083379844961241 0.09794408602150538 0.07634418604651164 0.11927311827956989
0 0.7372930232558139 0.09285591397849462 0.05968372093023255 0.1291784946236559
0 0.6768744186046511 0.057617204301075274 0.06094263565891472 0.05791827956989247
0 0.6768217054263566 0.11002150537634409 0.06083720930232558 0.047617204301075265
0 0.6599038759689922 0.1459784946236559 0.02652093023255814 0.024189247311827956
0 0.7077302325581395 0.2777032258064516 0.12271007751937985 0.15581075268817204
0 0.2582542635658915 0.27765161290322576 0.15920310077519378 0.15346666666666667
0 0.6329705426356589 0.27545806451612903 0.025057364341085273 0.14791397849462365
0 0.3513860465116279 0.27466666666666667 0.025469767441860466 0.14806021505376343
0 0.4934170542635659 0.39291612903225803 0.306722480620155 0.08707096774193548
0 0.4392279069767442 0.3085591397849462 0.04035968992248062 0.07350537634408602
0 0.5497488372093023 0.3091268817204301 0.0449984496124031 0.07155268817204302