0 0.14401457436237164 0.18633298208640675 0.21666777078502816 0.2178767123287671
0 0.11604504802914872 0.3636143308746048 0.15928121894667108 0.1321285563751317
0 0.2978370321298443 0.1167123287671233 0.09463067240808215 0.079536354056902
0 0.36863862206028486 0.11581664910432034 0.04652865187148062 0.0786986301369863
0 0.44062934746604837 0.12030558482613277 0.09752898310698907 0.08766596417281348
0 0.5403146737330242 0.1467808219178082 0.09276250414044386 0.14310853530031611
0 0.6649055978800927 0.15807692307692306 0.15481947664789664 0.16671759747102213
0 0.7250745279894004 0.29168071654373023 0.03521033454786353 0.09163329820864066
0 0.7250977144749918 0.3541517386722866 0.035862868499503146 0.03718651211801897
0 0.7253792646571713 0.4076712328767123 0.03587280556475654 0.06985247629083247
0 0.5970983769460086 0.3583245521601686 0.09002318648559125 0.1303477344573235
0 0.496724080821464 0.32500526870389884 0.11195760185491885 0.19583245521601686
0 0.34715799933752894 0.3240990516332982 0.1847962901623054 0.200563751317176
0 0.11615766810202054 0.6346153846153846 0.15230208678370322 0.11507376185458378
0 0.1165584630672408 0.8081032665964173 0.15378602186154355 0.23212855637513172
0 0.22500165617754223 0.7979188619599579 0.055465385889367336 0.09908324552160169
0 0.22478966545213647 0.8857481559536354 0.055548194766478966 0.0761222339304531
0 0.3126763829082478 0.835795574288725 0.12208678370321298 0.1764541622760801
0 0.28740973832394834 0.6565437302423603 0.18499834382245778 0.17704952581664912
0 0.8897913216296788 0.6442149631190727 0.07023848956608149 0.14981559536354058
0 0.7794633984763166 0.6871443624868283 0.1442464392182842 0.24549525816649104