0 0.9169335189697181 0.28004255319148935 0.13969021928297945 0.45217872340425525
0 0.9163557257222416 0.7294723404255319 0.14038635572572222 0.4430978723404255
0 0.7098920988513748 0.5026723404255319 0.2767142359902541 0.8972936170212765
0 0.5033344935607379 0.43022978723404254 0.13488687782805428 0.2187404255319149
0 0.4341768186564567 0.20050212765957448 0.27428123912286806 0.29404255319148936
0 0.40117647058823525 0.4311829787234042 0.0676192133658197 0.1652340425531915
0 0.3323773059519666 0.43102978723404256 0.06994082840236686 0.16349787234042554
0 0.539415245388096 0.7978893617021277 0.06314305603898364 0.30899574468085106
0 0.48948137835015665 0.6948936170212766 0.03218238774799861 0.1074468085106383
0 0.442067525234946 0.6955063829787235 0.06500174034110685 0.10688510638297873
0 0.45733727810650887 0.8076510638297872 0.09626870866689871 0.11894468085106383
0 0.48254785938043854 0.9093106382978724 0.048948833971458404 0.08326808510638298
0 0.43398538113470236 0.9080851063829787 0.04929342151061608 0.08617021276595745
0 0.3770936303515489 0.7967234042553192 0.06610859728506788 0.3092170212765957
0 0.30092586146884787 0.7978468085106383 0.08579185520361991 0.3074978723404255
0 0.2109745910198399 0.829863829787234 0.09246780368952316 0.24496170212765955