0 0.949867740080506 0.548457360130364 0.02687464059804485 0.1359315589353612
0 0.9244623346751006 0.5592667028788701 0.02408855664174813 0.11273764258555134
0 0.9000977573317999 0.55942422596415 0.024565842438182862 0.11194459532862575
0 0.8758568142610695 0.5601303639326454 0.024695227142035654 0.11334600760456273
0 0.8490713053479011 0.47441607821835957 0.027452558941920644 0.11888104291146118
0 0.8210724554341575 0.47450298750678976 0.02836975273145486 0.11919065725149376
0 0.7929327199539966 0.47474741988049973 0.02722541690626797 0.11954915806626834
0 0.7651610120759057 0.474008690928843 0.028004600345025877 0.1203096143400326
0 0.7374209315698678 0.47450298750678976 0.02763369752731455 0.11987506789788159
0 0.7094335825186888 0.4745301466594242 0.028113858539390454 0.11909288430200977
0 0.5657418056354226 0.9000923411189571 0.049700977573318005 0.06671374253123302
0 0.5050948821161587 0.9048397609994567 0.04414606095457159 0.07779467680608365
0 0.5662047153536515 0.8396795219989136 0.04811960897067281 0.05245518739815317
0 0.5025963197239793 0.8395437262357414 0.050434157561817135 0.05297121129820749
0 0.5651408855664175 0.7868875611080934 0.05017251293847039 0.05185768604019555
0 0.5018257619321449 0.7870179250407388 0.04763944795859689 0.051330798479087454
0 0.5638154111558367 0.7408853883758827 0.04877515813686026 0.03879413362303096
0 0.5498763657274296 0.7021347093970669 0.020477285796434732 0.0378598587724063
0 0.504085681426107 0.7018631178707225 0.04797872340425532 0.04047256925583922
0 0.5027515813686027 0.7415154807170017 0.05032777458309373 0.039266702878870186
0 0.5042121909143186 0.6628191200434547 0.04781483611270845 0.038957088538837586
0 0.5639217941345601 0.663237370994025 0.04814836112708453 0.03821835958718088
0 0.5639677975848189 0.6247202607278652 0.04824611845888442 0.03853883758826725
0 0.5041575618171363 0.6246659424225964 0.04811960897067281 0.03921781640412819
0 0.5637636572742956 0.5859098316132537 0.04824899367452559 0.03906572514937534
0 0.503803910293272 0.5853231939163498 0.04825474410580794 0.040260727865290606
0 0.5638269120184014 0.5470831070070613 0.047958596894767114 0.03877240630092341
0 0.5043904542840713 0.5465181966322651 0.04775158136860265 0.039223248234655075
0 0.5637866589994249 0.5082563824008691 0.048300747556066705 0.038473655621944595
0 0.5043502012650949 0.5084953829440522 0.0480879815986199 0.03815860945138512
0 0.5636285221391604 0.46972297664312873 0.04797872340425532 0.03877240630092341
0 0.5043789534215066 0.46964693101575233 0.04814836112708453 0.039407930472569255
0 0.5637924094307073 0.4304128191200434 0.048309373202990225 0.03987506789788158