0 0.2810762331838565 0.7736205316223648 0.12181614349775785 0.0881576535288726
0 0.2809977578475336 0.843666361136572 0.12154708520179372 0.05171402383134739
0 0.4764237668161435 0.9446012832263978 0.05757847533632287 0.07725939505041247
0 0.5339013452914798 0.9446196150320806 0.05732062780269059 0.07729605866177819
0 0.5925896860986547 0.9282126489459211 0.7432735426008968 0.11813932172318972
0 0.44547085201793724 0.8404216315307057 0.08422645739910313 0.05538955087076077
0 0.5556726457399104 0.84044912923923 0.057051569506726456 0.05545371219065078
0 0.5072421524663677 0.8268285976168653 0.03954035874439462 0.027653528872593952
0 0.5073991031390135 0.8544271310724106 0.039831838565022426 0.02835013748854262
0 0.613677130044843 0.8406141154903758 0.05996636771300449 0.05570119156736939
0 0.6819618834080717 0.8407424381301558 0.07653587443946187 0.05642529789184235
0 0.8966479820627802 0.8407149404216315 0.13010089686098655 0.055032080659945005
0 0.7527914798206278 0.8398350137488543 0.06455156950672646 0.05464711274060495
0 0.792219730941704 0.7415765352887259 0.057769058295964126 0.06675527039413381
0 0.7925784753363229 0.6837580201649862 0.05815022421524663 0.050980751604032995
0 0.6472645739910314 0.716159486709441 0.23059417040358743 0.12093492208982584
0 0.4640807174887892 0.7431989000916591 0.13458520179372196 0.06571035747021081
0 0.4642488789237668 0.6858020164986252 0.13429372197309417 0.05093492208982585
0 0.30983183856502244 0.6951054078826765 0.06327354260089686 0.0711365719523373
0 0.30616591928251125 0.6227864344637947 0.07125560538116592 0.07406966086159487
0 0.47616591928251123 0.6102108157653529 0.11059417040358745 0.09967002749770852
0 0.47515695067264574 0.4907332722273144 0.10713004484304933 0.04275893675527039
0 0.5615134529147983 0.38532538955087076 0.060795964125560535 0.08612282309807516
0 0.6787219730941704 0.3859670027497708 0.1714237668161435 0.08329972502291476
0 0.7925784753363229 0.3643171402383135 0.05672645739910314 0.03954170485792851
0 0.7928923766816144 0.40528872593950505 0.056446188340807175 0.042621448212648946
0 0.7955269058295964 0.31967919340054995 0.051580717488789236 0.04961503208065995
0 0.7954372197309417 0.2709624197983501 0.051973094170403585 0.047424381301558204
0 0.9356726457399103 0.1696608615948671 0.10923766816143497 0.05943171402383135