0 0.9187657308809294 0.304816091954023 0.1028702807357212 0.1805632183908046
0 0.9188818973862537 0.1259080459770115 0.10249273959341723 0.1812528735632184
0 0.9187608906098742 0.7716551724137931 0.10201839303000969 0.3668390804597701
0 0.7514133591481124 0.7721609195402298 0.23197967086156823 0.3696666666666667
0 0.674757986447241 0.1181264367816092 0.08643756050338819 0.17442528735632185
0 0.6073910939012584 0.0980344827586207 0.04330590513068732 0.12866666666666665
0 0.5625024201355276 0.09918390804597702 0.04520329138431752 0.1273103448275862
0 0.5209244917715392 0.08097701149425288 0.03724104549854792 0.09273563218390805
0 0.5044385285575993 0.21680459770114943 0.07095837366892546 0.3680919540229885
0 0.5236253630203291 0.3408275862068965 0.03185382381413359 0.11831034482758622
0 0.5877879961277831 0.3551149425287356 0.09498063891577928 0.0867816091954023
0 0.5972846079380445 0.6475632183908046 0.07569699903194578 0.20587356321839081
0 0.5831848983543078 0.8516436781609195 0.10393030009680541 0.2077816091954023
0 0.5019506292352371 0.8518965517241379 0.05840755082284608 0.2055632183908046
0 0.5162294288480155 0.6471494252873563 0.08638431752178122 0.2064137931034483
0 0.4312100677637948 0.749080459770115 0.08512100677637949 0.41165517241379307
0 0.34352855759922557 0.7756896551724138 0.09059051306873185 0.3598965517241379
0 0.23931752178121976 0.775206896551724 0.1192594385285576 0.36028735632183906
0 0.1364617618586641 0.7764252873563219 0.08749757986447242 0.3586436781609195
0 0.05005808325266215 0.8594022988505746 0.0857647628267183 0.19331034482758622
0 0.05018393030009681 0.6803793103448276 0.08602129719264279 0.16789655172413792
0 0.3208567279767667 0.49881609195402304 0.6276379477250726 0.19434482758620691
0 0.29125363020329137 0.2161954022988506 0.20846563407550822 0.3677126436781609
0 0.0974298160696999 0.21295402298850577 0.18021781219748306 0.3712528735632184
0 0.43206679574056145 0.21572413793103448 0.07269603097773475 0.3676781609195402
0 0.4156437560503388 0.0800919540229885 0.03719264278799613 0.09472413793103449
0 0.4155275895450145 0.33993103448275863 0.03740561471442401 0.11974712643678162
0 0.802405614714424 0.3104942528735632 0.3343465634075508 0.5476551724137931