0 0.2929765258215962 0.2693989769820972 0.07555868544600938 0.06956521739130435
0 0.35695774647887324 0.2697826086956522 0.050535211267605636 0.07033248081841433
0 0.5607887323943662 0.27058823529411763 0.051145539906103286 0.0698849104859335
0 0.6249389671361502 0.23537084398976982 0.07745539906103285 0.13852941176470587
0 0.2799718309859155 0.3349104859335038 0.053173708920187794 0.06085677749360614
0 0.6372206572769953 0.3998849104859335 0.050422535211267605 0.05237851662404092
0 0.6372863849765259 0.468542199488491 0.05198122065727699 0.08794117647058823
0 0.6367136150234742 0.5289258312020461 0.050300469483568075 0.03554987212276215
0 0.6369671361502347 0.572455242966752 0.05140845070422535 0.05365728900255755
0 0.6368826291079812 0.6857928388746802 0.05196244131455399 0.07076726342710998
0 0.5604507042253521 0.6846803069053707 0.049737089201877936 0.07088235294117647
0 0.503718309859155 0.6842838874680307 0.06501408450704226 0.0698849104859335
0 0.45215023474178406 0.6842966751918159 0.03898591549295775 0.06992327365728901
0 0.35699530516431927 0.684616368286445 0.05154929577464789 0.06918158567774936
0 0.29369953051643194 0.6847953964194373 0.07612206572769953 0.07092071611253196
0 0.279981220657277 0.546470588235294 0.05476995305164319 0.10372122762148338
0 0.2799154929577465 0.4307161125319693 0.052600938967136156 0.12782608695652173
0 0.3572018779342723 0.4204347826086956 0.05173708920187794 0.09451406649616367
0 0.35788732394366196 0.5350255754475703 0.051943661971830986 0.06136828644501279
0 0.5606197183098591 0.48657289002557547 0.05084507042253521 0.0491687979539642
0 0.5605352112676056 0.5388618925831202 0.05233802816901409 0.05505115089514066