0 0.0808671875 0.5421590909090909 0.1558828125 0.5366306818181819 0.15839453125 0.5667575757575758 0.20198828125 0.5642708333333334 0.2072421875 0.5896875 0.195982421875 0.6047878787878788 0.08629296875 0.6142708333333333
0 0.1559375 0.5389450757575758 0.158978515625 0.5661496212121212 0.20092578125 0.5638333333333333 0.200095703125 0.5356704545454546
0 0.092078125 0.6621439393939395 0.168337890625 0.6556079545454545 0.166044921875 0.6244242424242424 0.20665234375 0.6198655303030303 0.19518359375 0.6032386363636364 0.086478515625 0.6136155303030303
0 0.166943359375 0.6563030303030304 0.20696484375 0.6527689393939393 0.2048046875 0.6212045454545454 0.1655703125 0.6237708333333334
0 0.168666015625 0.6563030303030304 0.17074609375 0.6877291666666666 0.209197265625 0.6827386363636363 0.203734375 0.703373106060606 0.096169921875 0.7103712121212121 0.091404296875 0.6619412878787879
0 0.209052734375 0.6828693181818182 0.20723828125 0.6535719696969697 0.16796484375 0.6558314393939394 0.170818359375 0.6868030303030304 0.20957421875 0.6831988636363636
0 0.100365234375 0.7610984848484849 0.17725390625 0.7549943181818182 0.174900390625 0.7218257575757576 0.2055546875 0.7193825757575758 0.203111328125 0.7020151515151515 0.096626953125 0.7103636363636364
0 0.176787109375 0.7550549242424243 0.217056640625 0.7519375 0.2138046875 0.7189015151515151 0.17504296875 0.7211534090909091
0 0.14331640625 0.7586988636363636 0.145419921875 0.7866439393939394 0.187580078125 0.7839280303030303 0.184490234375 0.7560681818181818
0 0.14206640625 0.7591041666666667 0.101376953125 0.7625132575757576 0.107982421875 0.8509848484848485 0.185259765625 0.8469488636363637 0.181349609375 0.8024393939393939 0.21322265625 0.7972878787878788 0.207876953125 0.7538333333333334 0.1843984375 0.755189393939394 0.18708203125 0.7830094696969696 0.14585546875 0.7865397727272727
0 0.165814453125 0.8475776515151515 0.169603515625 0.8947594696969697 0.2450859375 0.9059204545454546 0.255162109375 0.8319147727272727 0.25322265625 0.7962140151515151 0.212845703125 0.794435606060606 0.21296484375 0.7997784090909091 0.220740234375 0.8002386363636363 0.222453125 0.8263011363636363 0.184736328125 0.8291609848484849 0.184001953125 0.8464242424242424
0 0.211224609375 0.7986950757575758 0.18115625 0.8029810606060606 0.183259765625 0.8294602272727273 0.222935546875 0.8270700757575757 0.220302734375 0.7993030303030303
0 0.284966796875 0.7934431818181817 0.288556640625 0.8329223484848485 0.313103515625 0.832217803030303 0.3107109375 0.7920757575757575
0 0.27008203125 0.7682575757575757 0.270359375 0.7918825757575757 0.310984375 0.7905 0.30846484375 0.7647367424242424
0 0.247869140625 0.7186799242424243 0.249109375 0.7675549242424242 0.30882421875 0.7651174242424243 0.307 0.7160833333333333
0 0.263203125 0.5829185606060606 0.2702578125 0.7171079545454545 0.30715625 0.7152556818181818 0.299478515625 0.578873106060606