0 0.7929944444444444 0.44469166666666665 0.09303333333333334 0.09298333333333333
0 0.7917722222222222 0.532575 0.09285555555555555 0.07646666666666667
0 0.7691944444444444 0.6852333333333334 0.13845000000000002 0.22692500000000002
0 0.5932944444444445 0.6575333333333333 0.21295555555555556 0.30380833333333335
0 0.5427388888888889 0.35031666666666667 0.26106666666666667 0.30132499999999995
0 0.3255388888888889 0.24973333333333333 0.17359444444444447 0.10982499999999999
0 0.3024444444444444 0.3678416666666667 0.12525 0.12453333333333333
0 0.3258111111111111 0.5039166666666667 0.17245555555555556 0.13875
0 0.3133777777777778 0.6867833333333333 0.14803333333333332 0.22286666666666666
0 0.43699444444444446 0.6868083333333334 0.09621666666666666 0.22469999999999998
0 0.75655 0.29688333333333333 0.16497777777777778 0.19924999999999998