0 0.15449468085106383 0.18699127906976742 0.19939969604863222 0.1928294573643411
0 0.3088145896656535 0.18733042635658914 0.10965045592705168 0.1934641472868217
0 0.47202127659574467 0.18660852713178297 0.11934270516717325 0.19426356589147287
0 0.5899544072948328 0.16014050387596898 0.11697188449848024 0.14017441860465116
0 0.1333244680851064 0.37132751937984493 0.15650075987841947 0.1795639534883721
0 0.13275455927051671 0.5251356589147287 0.15632218844984802 0.1261579457364341
0 0.11398176291793313 0.7105813953488372 0.11877659574468086 0.2469234496124031
0 0.23300531914893616 0.733968023255814 0.12106382978723404 0.19389050387596898
0 0.35261398176291797 0.7114195736434108 0.11871960486322189 0.2473643410852713
0 0.5010030395136779 0.7106686046511628 0.1787613981762918 0.24586240310077517
0 0.6793465045592705 0.7099660852713178 0.1779369300911854 0.24446220930232557
0 0.7079407294832827 0.5236918604651163 0.12176291793313071 0.1253294573643411
0 0.7089893617021277 0.39795542635658915 0.11896276595744681 0.12920542635658916
0 0.4724316109422493 0.39727713178294577 0.12180091185410334 0.1265406976744186
0 0.4726063829787234 0.5245494186046512 0.12018996960486321 0.12713662790697675
0 0.35191869300911854 0.39798449612403103 0.11922112462006079 0.12512596899224807
0 0.35204787234042556 0.5247868217054263 0.11896656534954407 0.12634205426356587
0 0.7081952887537994 0.18658914728682172 0.11854863221884498 0.19117248062015504