0 0.6598885077186963 0.8967447916666668 0.04283018867924528 0.10384114583333333
0 0.617770154373928 0.8966666666666666 0.042152658662092626 0.10368489583333333
0 0.5758833619210978 0.8969921875 0.042692967409948546 0.10430989583333333
0 0.5343053173241853 0.896484375 0.04181818181818182 0.10390624999999999
0 0.4918867924528302 0.8966145833333333 0.04207547169811321 0.1041796875
0 0.43772727272727274 0.897578125 0.06634648370497427 0.10421875000000001
0 0.33698970840480275 0.8879947916666667 0.135557461406518 0.12625
0 0.23585763293310463 0.8879687500000001 0.06674957118353345 0.1261328125
0 0.8053773584905661 0.7554166666666666 0.0715180102915952 0.13348958333333333
0 0.7502315608919382 0.7453906250000001 0.03734133790737564 0.1122265625
0 0.712770154373928 0.7447135416666667 0.039348198970840485 0.11447916666666667
0 0.16746140651801028 0.8371744791666668 0.07186963979416809 0.22680989583333333
0 0.1662178387650086 0.6954296875 0.0704631217838765 0.05580729166666667
0 0.2367924528301887 0.7103776041666667 0.07094339622641509 0.0840625
0 0.2919982847341338 0.7197786458333333 0.042941680960548886 0.10283854166666667
0 0.33018010291595196 0.7197395833333333 0.0325557461406518 0.10390624999999999
0 0.365180102915952 0.7193489583333333 0.03635506003430532 0.1019921875
0 0.3466209262435678 0.6258333333333334 0.06903945111492281 0.0818359375
0 0.5011149228130359 0.6340104166666667 0.06297598627787307 0.09628906250000001
0 0.592590051457976 0.63515625 0.11966552315608919 0.09868489583333334
0 0.691097770154374 0.6447005208333333 0.0734648370497427 0.0817578125
0 0.7846140651801029 0.6450130208333333 0.11274442538593482 0.0809375
0 0.5976672384219553 0.447109375 0.10740137221269297 0.14360677083333334
0 0.4441166380789023 0.4466145833333333 0.2011663807890223 0.14536458333333332
0 0.2732418524871355 0.46684895833333334 0.1397255574614065 0.10604166666666666
0 0.16880789022298456 0.3868098958333333 0.06644082332761578 0.059518229166666665
0 0.2729845626072041 0.3804947916666667 0.14012864493996569 0.065546875
0 0.6578216123499142 0.37046874999999996 0.06226415094339622 0.1336328125
0 0.716852487135506 0.3757552083333333 0.05304459691252144 0.12578124999999998
0 0.7600171526586621 0.34023437500000003 0.03269296740994854 0.05842447916666666
0 0.8095883361921098 0.36614583333333334 0.06275300171526586 0.10472656250000001
0 0.7226157804459692 0.20411458333333332 0.09937392795883362 0.10305989583333335
0 0.8081646655231561 0.18119791666666665 0.06948542024013722 0.0572265625
0 0.822221269296741 0.2544401041666667 0.03753001715265866 0.08296875
0 0.653893653516295 0.20782552083333336 0.03677530017152659 0.11489583333333332
0 0.6162435677530017 0.20790364583333332 0.03653516295025729 0.11506510416666667
0 0.5796655231560892 0.20830729166666664 0.03719554030874785 0.11454427083333334
0 0.5426929674099485 0.20837239583333333 0.03659519725557461 0.11338541666666667
0 0.5059605488850772 0.20837239583333333 0.03648370497427101 0.11466145833333334
0 0.4686620926243568 0.2087109375 0.03608919382504288 0.1153515625
0 0.4319296740994854 0.20854166666666665 0.03596054888507719 0.11373697916666665
0 0.3023670668953688 0.21072916666666666 0.06683533447684392 0.1210546875
0 0.2357632933104631 0.21160156249999998 0.06619210977701544 0.12132812500000001
0 0.16743567753001715 0.46759114583333333 0.07228130360205832 0.101640625
0 0.1673670668953688 0.2548697916666667 0.07066895368782161 0.20169270833333333