0 0.6938896020539153 0.10814113597246128 0.04329910141206675 0.12636833046471602
0 0.7636456996148909 0.103631669535284 0.09184852374839537 0.11266781411359723
0 0.6494608472400514 0.10829604130808951 0.04392811296534018 0.12419965576592082
0 0.6035430038510912 0.1076764199655766 0.04594351732991014 0.12125645438898451
0 0.5579204107830552 0.10666092943201377 0.044993581514762515 0.12282271944922547
0 0.5123620025673941 0.1076592082616179 0.046059050064184856 0.12151462994836487
0 0.46724005134788194 0.10602409638554217 0.04471116816431322 0.12707401032702237
0 0.4210783055198973 0.10714285714285714 0.045391527599486524 0.12270223752151464
0 0.26128369704749677 0.1115146299483649 0.08309370988446727 0.1318932874354561
0 0.17870346598202824 0.11094664371772804 0.08274711168164313 0.1295008605851979
0 0.0937612323491656 0.1404130808950086 0.08947368421052632 0.19022375215146298
0 0.696405648267009 0.28285714285714286 0.06958921694480102 0.140447504302926
0 0.9014762516046213 0.8697418244406196 0.044865211810012844 0.09192771084337349
0 0.8558279845956355 0.869328743545611 0.04614890885750963 0.09237521514629948
0 0.8107060333761232 0.8695524956970739 0.04662387676508344 0.09156626506024097
0 0.7573684210526316 0.8690361445783132 0.05870346598202824 0.09177280550774526
0 0.7020924261874197 0.8578141135972461 0.05288831835686778 0.1157314974182444
0 0.6510012836970475 0.8577452667814114 0.050770218228498074 0.11433734939759037
0 0.5993581514762516 0.858881239242685 0.05410783055198973 0.116592082616179
0 0.5469319640564827 0.857211703958692 0.05023106546854943 0.1157659208261618
0 0.49550706033376124 0.8577969018932874 0.052118100128369704 0.11442340791738383
0 0.427188703465982 0.8580378657487091 0.08195121951219513 0.11492254733218588
0 0.3037355584082157 0.8469707401032702 0.16731707317073172 0.13731497418244407
0 0.1792426187419769 0.8476936316695353 0.08382541720154044 0.13755593803786575
0 0.8825802310654686 0.7033218588640275 0.08740693196405648 0.14588640275387263
0 0.7650577663671374 0.685025817555938 0.05048780487804878 0.13705679862306366
0 0.8146983311938383 0.6846299483648881 0.048125802310654685 0.1371944922547332
0 0.24892169448010268 0.6654905335628227 0.05326059050064185 0.10932874354561102
0 0.17939666238767651 0.6531497418244406 0.08222079589216945 0.0880895008605852
0 0.3164826700898588 0.560447504302926 0.08499358151476251 0.08464716006884682
0 0.08928112965340179 0.5592771084337349 0.07905006418485237 0.0823235800344234
0 0.5053273427471117 0.5720998278829604 0.07810012836970476 0.10428571428571429
0 0.6202182284980744 0.5733046471600688 0.14833119383825416 0.1172117039586919
0 0.7389987163029524 0.5775559380378658 0.09029525032092427 0.07838209982788295
0 0.6257894736842106 0.3687091222030981 0.1337227214377407 0.15442340791738382
0 0.4352374839537869 0.36717728055077453 0.2490372272143774 0.15862306368330464
0 0.09427471116816431 0.3944922547332186 0.09127086007702181 0.10714285714285714
0 0.7736970474967908 0.2804991394148021 0.06797175866495507 0.15308089500860586
0 0.8869704749679076 0.277934595524957 0.0813992297817715 0.12103270223752151
0 0.825584082156611 0.2519277108433735 0.04201540436456996 0.06905335628227194