0 0.5240226489414082 0.3046971428571429 0.0438601674052191 0.13018285714285713
0 0.48054160512063027 0.3109257142857143 0.04498276710979813 0.14264
0 0.43549483013293944 0.3221257142857143 0.04407680945347119 0.16632
0 0.4507730182176268 0.3450857142857143 0.19354997538158544 0.21224
0 0.30278188084687346 0.29834285714285713 0.044367306745445596 0.11453714285714285
0 0.2402412604628262 0.4415657142857143 0.04758247168882324 0.10414857142857142
0 0.2403594288527819 0.54512 0.04823732151649434 0.10249142857142858
0 0.3031462333825702 0.5440571428571429 0.044628261939931066 0.10322285714285713
0 0.30299359921221075 0.6882514285714286 0.044741506646971935 0.11546285714285714
0 0.6674347612013786 0.36426285714285717 0.24176760216642046 0.2536342857142857
0 0.7217823732151649 0.5327085714285714 0.13243229935992124 0.07953142857142857
0 0.47826193993106847 0.6204685714285714 0.30696701132447074 0.25597714285714285