0 0.10406499999999999 0.3687668766876688 0.034735 0.11081908190819083
0 0.23411500000000002 0.32541854185418545 0.063635 0.19954995499549955
0 0.297265 0.3257875787578758 0.062235 0.2002970297029703
0 0.360025 0.3255985598559856 0.063415 0.1999099909990999
0 0.42187 0.324986498649865 0.062104999999999994 0.1999009900990099
0 0.484555 0.3254635463546354 0.06313 0.20085508550855086
0 0.54674 0.3245724572457246 0.06182 0.20027902790279026
0 0.6084299999999999 0.32466246624662465 0.06087 0.20046804680468047
0 0.8601599999999999 0.599054905490549 0.064775 0.25198919891989197
0 0.796755 0.598037803780378 0.062439999999999996 0.24994599459945993
0 0.734355 0.5983618361836184 0.061425 0.25060306030603063
0 0.671855 0.5982358235823583 0.06228499999999999 0.2490999099909991
0 0.6095 0.5980648064806481 0.062049999999999994 0.25
0 0.54699 0.5968766876687669 0.062200000000000005 0.24887488748874886
0 0.48445 0.5981638163816381 0.06229 0.2501980198019802
0 0.42202 0.5983528352835283 0.06191 0.25183618361836185
0 0.359445 0.5976597659765976 0.06193 0.25043204320432044
0 0.296675 0.5976777677767776 0.062244999999999995 0.24923492349234921
0 0.23455 0.5976147614761477 0.06178 0.25035103510351037
0 0.17201 0.5984248424842484 0.062565 0.25072907290729074
0 0.114615 0.5502070207020702 0.051335 0.13830783078307832