0 0.7612243285939969 0.3076976744186047 0.02378357030015798 0.10753488372093024
0 0.7603870458135861 0.20069767441860464 0.024320695102685624 0.10674418604651162
0 0.7846208530805687 0.20118604651162791 0.02368088467614534 0.10609302325581395
0 0.7847077409162717 0.3083953488372093 0.022938388625592415 0.10744186046511628
0 0.8085071090047393 0.2014186046511628 0.023278041074249606 0.1048139534883721
0 0.8084123222748816 0.3085813953488372 0.02400473933649289 0.1078139534883721
0 0.832345971563981 0.20165116279069767 0.02368088467614534 0.10595348837209304
0 0.8322116903633491 0.3081395348837209 0.023412322274881516 0.10827906976744187
0 0.8556161137440759 0.2002093023255814 0.024834123222748816 0.10751162790697674
0 0.8558925750394945 0.3066511627906977 0.024794628751974725 0.10718604651162791
0 0.8801579778830964 0.19974418604651162 0.024328593996840443 0.10793023255813952
0 0.8802369668246446 0.30772093023255814 0.024123222748815166 0.10590697674418605
0 0.9039652448657188 0.1991395348837209 0.02472353870458136 0.10806976744186046
0 0.9039494470774092 0.3067209302325581 0.02515007898894155 0.10706976744186046
0 0.9279383886255924 0.19841860465116276 0.023846761453396526 0.10509302325581395
0 0.9277646129541863 0.3060697674418605 0.024620853080568723 0.10932558139534883
0 0.1796603475513428 0.3441627906976744 0.02425750394944708 0.13937209302325582
0 0.20425750394944706 0.34432558139534886 0.02504739336492891 0.13865116279069767
0 0.22813586097946287 0.34362790697674417 0.024218009478672985 0.1394186046511628
0 0.2523617693522907 0.3433255813953488 0.024786729857819906 0.14016279069767443
0 0.2767061611374408 0.34367441860465114 0.024146919431279622 0.14051162790697674
0 0.3009636650868878 0.34320930232558144 0.023530805687203792 0.14069767441860465
0 0.32514218009478674 0.3422790697674419 0.02363349131121643 0.14172093023255813
0 0.3496208530805687 0.34176744186046515 0.024320695102685624 0.14320930232558138
0 0.1795339652448657 0.16799999999999998 0.023357030015797788 0.14244186046511628
0 0.2034597156398104 0.1680232558139535 0.02373617693522907 0.14251162790697675
0 0.2278515007898894 0.16744186046511628 0.02429699842022117 0.14018604651162792
0 0.2524091627172196 0.1675813953488372 0.02439968404423381 0.1416046511627907
0 0.2768483412322275 0.16797674418604652 0.024249605055292257 0.14123255813953486
0 0.3005766192733017 0.16725581395348837 0.02425750394944708 0.14209302325581397
0 0.3246129541864139 0.16637209302325584 0.024091627172195894 0.14146511627906977
0 0.3491153238546604 0.16534883720930232 0.02485781990521327 0.1405813953488372
0 0.42223538704581354 0.4423023255813953 0.02867298578199052 0.08809302325581396
0 0.42347551342812007 0.5252558139534884 0.029960505529225908 0.07744186046511627
0 0.4000734597156398 0.6715232558139534 0.40775987361769356 0.6720627906976745 0.4087740916271722 0.6511744186046512 0.45089336492890997 0.6517 0.45074091627172197 0.5878720930232558 0.45372669826224327 0.5842069767441861 0.47730647709320695 0.5853 0.47711295418641386 0.7308302325581395 0.4736603475513428 0.7331790697674418 0.4510205371248025 0.7313744186046511 0.4498633491311217 0.7392953488372093 0.42822274881516587 0.7391837209302325 0.42829620853080563 0.7640302325581396 0.39326303317535544 0.7629674418604652 0.39316824644549764 0.7249139534883722 0.40011137440758293 0.7235930232558139