0 0.64198 0.1925108225108225 0.23508 0.15443722943722943
0 0.89038 0.11042207792207792 0.15249000000000001 0.11204545454545455
0 0.8923 0.2199025974025974 0.15042 0.10272727272727272
0 0.8925599999999999 0.32107142857142856 0.15094 0.10240259740259741
0 0.86611 0.5295238095238095 0.21434999999999998 0.3166341991341991
0 0.86982 0.8341125541125541 0.21586000000000002 0.28364718614718615
0 0.7064900000000001 0.8718614718614719 0.11785999999999999 0.21621212121212122
0 0.59417 0.8713203463203464 0.11006 0.21726190476190477
0 0.38687 0.8703463203463204 0.30458999999999997 0.21744588744588744
0 0.12605 0.8379978354978355 0.21662 0.28501082251082255
0 0.57 0.6142640692640693 0.16818 0.1494805194805195
0 0.56921 0.4221861471861472 0.16855 0.10332251082251082
0 0.5478099999999999 0.3201839826839827 0.12308 0.1026948051948052
0 0.63088 0.31927489177489177 0.044090000000000004 0.10515151515151515
0 0.35308999999999996 0.48222943722943723 0.047310000000000005 0.11167748917748918
0 0.30649 0.576017316017316 0.13851 0.07425324675324675
0 0.30651999999999996 0.6467532467532467 0.14026 0.06511904761904762