0 0.850381736526946 0.584324942791762 0.048832335329341316 0.07580091533180779
0 0.809244011976048 0.5836270022883295 0.03446856287425149 0.07688787185354691
0 0.7752694610778443 0.5840045766590389 0.03322604790419162 0.0760411899313501
0 0.692058383233533 0.5839931350114417 0.13271706586826348 0.07822654462242563
0 0.6086526946107784 0.5837070938215103 0.033577844311377246 0.07693363844393591
0 0.575561377245509 0.5837414187643021 0.032844311377245514 0.07578947368421052
0 0.5425748502994012 0.5836270022883295 0.033652694610778446 0.07613272311212815
0 0.5092739520958084 0.5838100686498856 0.0331062874251497 0.07592677345537757
0 0.42556137724550896 0.5839931350114417 0.1328368263473054 0.07741418764302059
0 0.3421781437125748 0.5836956521739131 0.03356287425149701 0.07688787185354691
0 0.30869011976047905 0.5833180778032037 0.03311377245508982 0.07687643020594966
0 0.2754640718562874 0.5834096109839817 0.03319610778443114 0.07678489702517162
0 0.24221556886227547 0.5834553775743707 0.033495508982035925 0.07686498855835242
0 0.20878742514970058 0.5834096109839817 0.03304640718562874 0.07680778032036613
0 0.1754116766467066 0.5834439359267735 0.03305389221556886 0.07686498855835242
0 0.12525449101796407 0.5831693363844394 0.06714071856287425 0.07720823798627002
0 0.05706586826347305 0.5833867276887872 0.06979790419161677 0.07729977116704806
0 0.8539895209580839 0.7150686498855836 0.03976796407185629 0.05027459954233409
0 0.8446482035928145 0.6695308924485125 0.05750748502994012 0.038810068649885586
0 0.8252245508982036 0.7154462242562929 0.018308383233532934 0.05
0 0.7993038922155687 0.6955720823798627 0.03226047904191617 0.08887871853546911
0 0.7624251497005988 0.6959382151029748 0.032739520958083836 0.08963386727688788
0 0.7670508982035928 0.8127574370709383 0.04145958083832335 0.08957665903890161
0 0.8304491017964072 0.8132608695652174 0.08622005988023952 0.09059496567505722
0 0.7258982035928143 0.9316361556064073 0.06594311377245508 0.061990846681922195
0 0.6585329341317365 0.932025171624714 0.06655688622754491 0.06276887871853547
0 0.6703667664670658 0.7004691075514875 0.04651197604790419 0.10605263157894737
0 0.6616392215568863 0.7831578947368422 0.02848802395209581 0.05812356979405034
0 0.6706062874251497 0.8347368421052631 0.046998502994011974 0.04574370709382151
0 0.3785254491017964 0.688604118993135 0.028008982035928144 0.0817391304347826
0 0.32932634730538923 0.6894736842105263 0.07149700598802394 0.08348970251716246
0 0.7381437125748502 0.4122425629290618 0.07202095808383234 0.07995423340961098
0 0.6174850299401198 0.36219679633867274 0.17110029940119761 0.17925629290617848
0 0.4801646706586826 0.36363844393592676 0.10255239520958083 0.18083524027459955
0 0.3777170658682635 0.3631693363844394 0.1003443113772455 0.18250572082379862
0 0.27778443113772455 0.3645537757437071 0.10145209580838323 0.17743707093821512
0 0.1826571856287425 0.36369565217391303 0.08309880239520957 0.1809496567505721
0 0.11488772455089821 0.41568649885583525 0.04933383233532934 0.07314645308924485
0 0.04198353293413174 0.4181807780320366 0.048038922155688626 0.0846796338672769
0 0.7789970059880239 0.29810068649885585 0.042687125748502995 0.09082379862700228
0 0.7739970059880239 0.17776887871853547 0.03508982035928144 0.09186498855835241
0 0.8110479041916168 0.17709382151029748 0.0325374251497006 0.08867276887871854
0 0.838248502994012 0.19725400457665904 0.01745508982035928 0.05027459954233409
0 0.8681212574850299 0.19757437070938216 0.041264970059880245 0.04907322654462243
0 0.6681511976047904 0.18463386727688788 0.06699850299401199 0.11359267734553775
0 0.5828667664670659 0.1844050343249428 0.10116017964071856 0.11046910755148741
0 0.46464820359281434 0.18533180778032035 0.0675374251497006 0.11493135011441648
0 0.5154790419161677 0.18566361556064073 0.032110778443113774 0.10562929061784897
0 0.3873952095808383 0.18469107551487413 0.08440119760479042 0.11616704805491991
0 0.3299176646706587 0.21334096109839817 0.030321856287425147 0.056475972540045764
0 0.3297904191616767 0.15625858123569794 0.030441616766467068 0.057608695652173914
0 0.2593188622754491 0.184908466819222 0.06681137724550898 0.11359267734553775
0 0.19157185628742515 0.1848054919908467 0.06691616766467066 0.11339816933638444
0 0.1491616766467066 0.1469107551487414 0.016691616766467066 0.03551487414187643
0 0.14912425149700598 0.22065217391304348 0.01836826347305389 0.040389016018306634
0 0.07168413173652695 0.3248054919908467 0.03735778443113772 0.03797482837528604
0 0.07203592814371257 0.24861556064073226 0.03647455089820359 0.11585812356979405
0 0.0343937125748503 0.2372654462242563 0.03292664670658683 0.21136155606407322
0 0.05235778443113773 0.062070938215102976 0.0744311377245509 0.08149885583524027
0 0.1062874251497006 0.062185354691075514 0.03563622754491018 0.08292906178489703
0 0.14139970059880239 0.06157894736842105 0.033323353293413176 0.0817391304347826
0 0.17491017964071856 0.06236842105263158 0.03337574850299401 0.08331807780320365
0 0.20880239520958083 0.06149885583524028 0.03422155688622754 0.08157894736842104
0 0.243188622754491 0.06229977116704806 0.03443862275449101 0.08315789473684211
0 0.27744011976047905 0.06139588100686499 0.03359281437125749 0.08381006864988558
0 0.4302544910179641 0.06131578947368421 0.27235778443113773 0.08194508009153319
0 0.5829565868263473 0.061533180778032034 0.03317365269461078 0.08202517162471396
0 0.6170883233532933 0.0618649885583524 0.0345808383233533 0.08267734553775745
0 0.6515943113772454 0.06193363844393593 0.03345059880239521 0.08281464530892448
0 0.6854116766467067 0.06098398169336384 0.033128742514970055 0.08091533180778032
0 0.7188697604790419 0.061270022883295194 0.03373502994011976 0.08316933638443935
0 0.7528667664670659 0.06143020594965675 0.03432634730538922 0.08180778032036613
0 0.7874925149700598 0.061796338672768875 0.034528443113772456 0.08170480549199084