0 0.9005000000000001 0.35287109375 0.020633333333333333 0.0754296875
0 0.9215777777777777 0.3530078125 0.021544444444444446 0.07603515625
0 0.9426222222222223 0.3526171875 0.02088888888888889 0.076015625
0 0.9627666666666667 0.3524609375 0.018977777777777777 0.075078125
0 0.6910888888888889 0.44138671875 0.021077777777777775 0.09287109375
0 0.7122333333333333 0.44162109375 0.020144444444444444 0.09294921875
0 0.7324888888888889 0.44181640625 0.020377777777777776 0.093359375
0 0.7534555555555555 0.441328125 0.022333333333333334 0.09361328125
0 0.5909777777777778 0.93515625 0.03572222222222222 0.0421484375
0 0.5906222222222222 0.8938671875 0.03565555555555556 0.042890625
0 0.5907777777777778 0.85099609375 0.03551111111111111 0.0431640625
0 0.5904 0.8084375 0.035244444444444446 0.0419921875
0 0.5901111111111111 0.76943359375 0.035255555555555554 0.03609375
0 0.5865222222222223 0.62158203125 0.030066666666666665 0.1148046875
0 0.4809555555555556 0.5223046875 0.032544444444444445 0.0882421875
0 0.1728222222222222 0.14833984375 0.03297777777777778 0.063046875
0 0.17294444444444446 0.21134765625 0.03281111111111111 0.06203125
0 0.22957777777777777 0.21013671875 0.0485 0.0623828125
0 0.27707777777777776 0.20962890625 0.04621111111111111 0.06140625
0 0.3253888888888889 0.209140625 0.05254444444444444 0.06212890625
0 0.4057111111111111 0.26427734375 0.03517777777777778 0.0506640625
0 0.37052222222222225 0.40341796875 0.03877777777777778 0.09470703125
0 0.45121111111111106 0.32154296875 0.027088888888888888 0.0659375
0 0.5872333333333333 0.697578125 0.030677777777777776 0.03404296875
0 0.5906888888888889 0.7335546875 0.0369 0.0339453125