0 0.77917578125 0.7113506289308176 0.77401171875 0.7392342767295598 0.8787265625 0.7535078616352201 0.8848125 0.719808176100629
0 0.773044921875 0.7415141509433962 0.75688671875 0.8144669811320754 0.864919921875 0.8277248427672956 0.880228515625 0.7555
0 0.756171875 0.8149591194968553 0.866150390625 0.8289528301886794 0.8590859375 0.8610125786163523 0.74986328125 0.8453396226415094
0 0.660935546875 0.7109150943396226 0.6556953125 0.7928003144654088 0.717189453125 0.8003018867924528 0.738041015625 0.7060927672955974
0 0.5754140625 0.7167672955974842 0.571265625 0.7444308176100629 0.656583984375 0.7542185534591195 0.65751171875 0.7114654088050315
0 0.65569921875 0.7544937106918239 0.570412109375 0.7448930817610063 0.562421875 0.7884685534591195 0.65089453125 0.798940251572327
0 0.3703828125 0.6979072327044026 0.373833984375 0.7690849056603773 0.461212890625 0.7790424528301887 0.468771484375 0.7099292452830188
0 0.772234375 0.26863836477987424 0.768337890625 0.29567610062893085 0.8089609375 0.2965849056603773 0.8130703125 0.27140566037735847
0 0.828490234375 0.273062893081761 0.825765625 0.2994638364779874 0.87428515625 0.30407075471698114 0.877787109375 0.27722012578616356
0 0.817794921875 0.341188679245283 0.81087890625 0.3766194968553459 0.8600625 0.38104559748427674 0.865634765625 0.3458427672955975
0 0.831798828125 0.3802248427672956 0.819265625 0.44390408805031445 0.848267578125 0.44774528301886796 0.861052734375 0.383687106918239
0 0.7388515625 0.4811147798742138 0.734357421875 0.519941823899371 0.77565625 0.5168474842767296 0.7761796875 0.4851902515723271
0 0.236068359375 0.33629088050314465 0.237703125 0.363001572327044 0.263857421875 0.3620503144654088 0.26219140625 0.33581603773584906
0 0.26093359375 0.3359182389937107 0.236611328125 0.336125786163522 0.235017578125 0.309124213836478 0.207939453125 0.31001572327044025 0.20826953125 0.28623899371069184 0.2584921875 0.2846320754716981 0.2602734375 0.31507861635220125 0.266361328125 0.31618553459119497 0.266455078125 0.3294418238993711 0.260400390625 0.32978930817610064
0 0.135265625 0.3016635220125786 0.207361328125 0.3012625786163522 0.20964453125 0.3383317610062893 0.136185546875 0.34032232704402515
0 0.1355546875 0.34105660377358493 0.21143359375 0.33884591194968555 0.21525390625 0.39552358490566036 0.140337890625 0.39836477987421387
0 0.2299296875 0.6212389937106918 0.2701015625 0.619998427672956 0.27023046875 0.6401619496855345 0.232322265625 0.6426163522012579
0 0.2393046875 0.6847924528301887 0.241681640625 0.7077814465408805 0.276720703125 0.7058254716981132 0.275009765625 0.6822720125786164
0 0.240291015625 0.7090235849056604 0.2443671875 0.7317657232704403 0.2799765625 0.7287437106918239 0.2764296875 0.7067877358490566
0 0.318943359375 0.6555157232704403 0.329869140625 0.754812893081761 0.36446484375 0.7531116352201258 0.357912109375 0.6526210691823899
0 0.28235546875 0.7554339622641509 0.28414453125 0.7803380503144655 0.248998046875 0.7814732704402516 0.247365234375 0.7569905660377358
0 0.21874609375 0.7847216981132076 0.221498046875 0.8053176100628932 0.25844921875 0.8025864779874213 0.256845703125 0.7828506289308176
0 0.2532109375 0.8165770440251572 0.25535546875 0.8368962264150943 0.290259765625 0.8347531446540881 0.289125 0.8157971698113208
0 0.345427734375 0.8104921383647798 0.3490703125 0.8401823899371069 0.369701171875 0.8393223270440251 0.368396484375 0.8088663522012578