0 0.65970703125 0.3347695238095238 0.68089453125 0.5862095238095238 0.447455078125 0.6098609523809524 0.404521484375 0.59936 0.404521484375 0.5856952380952382 0.290345703125 0.57344 0.280666015625 0.37614095238095235
0 0.180814453125 0.46338476190476185 0.182294921875 0.49305523809523805 0.13796875 0.49762095238095233 0.13594921875 0.4658133333333333
0 0.1461484375 0.5568571428571429 0.147466796875 0.5884742857142857 0.18883984375 0.5834095238095238 0.186669921875 0.5514361904761905
0 0.1481875 0.5893390476190477 0.150509765625 0.6225371428571429 0.192287109375 0.6162419047619048 0.188583984375 0.5842590476190476
0 0.1529453125 0.655632380952381 0.157126953125 0.6897333333333333 0.19733984375 0.6863771428571429 0.195822265625 0.6521485714285714
0 0.121697265625 0.6942838095238095 0.124591796875 0.7231390476190477 0.16756640625 0.7197276190476191 0.1650234375 0.6900685714285715
0 0.16135546875 0.7378895238095238 0.1641015625 0.767224761904762 0.205701171875 0.7629504761904762 0.203140625 0.7352342857142857
0 0.26711328125 0.7303047619047619 0.271927734375 0.7706419047619048 0.2976796875 0.7682228571428572 0.29558203125 0.7268266666666666
0 0.0516875 0.43142285714285716 0.04810546875 0.372792380952381 0.153861328125 0.3632 0.157041015625 0.42581142857142856
0 0.134537109375 0.27872 0.131060546875 0.33404 0.2333984375 0.34124000000000004 0.2352265625 0.2866895238095238
0 0.138345703125 0.22523428571428572 0.134447265625 0.28071809523809527 0.236751953125 0.28628380952380955 0.239408203125 0.23159428571428572
0 0.0264140625 0.0804647619047619 0.111306640625 0.07757333333333333 0.115458984375 0.15758285714285714 0.0291953125 0.16036571428571428
0 0.2687890625 0.01834095238095238 0.268654296875 0.04935619047619048 0.3639453125 0.04668952380952381 0.363517578125 0.012950476190476191
0 0.2687890625 0.050440000000000006 0.274494140625 0.15439047619047622 0.36739453125 0.1512552380952381 0.362455078125 0.04649904761904762
0 0.394380859375 0.012308571428571427 0.398943359375 0.09214095238095238 0.37169921875 0.09412761904761906 0.367103515625 0.01332
0 0.394966796875 0.011961904761904762 0.396044921875 0.034236190476190476 0.42483203125 0.03412952380952381 0.42349609375 0.01143047619047619
0 0.3958984375 0.034666666666666665 0.424181640625 0.0348952380952381 0.424169921875 0.06322857142857143 0.397240234375 0.06314095238095238
0 0.3974609375 0.06361904761904762 0.42468359375 0.06363238095238094 0.425765625 0.09186476190476191 0.397662109375 0.09172190476190477
0 0.443626953125 0.010032380952380952 0.4448984375 0.051198095238095244 0.462791015625 0.05101714285714286 0.461240234375 0.011213333333333332
0 0.462271484375 0.010973333333333333 0.462609375 0.050472380952380956 0.478501953125 0.0499047619047619 0.48133984375 0.010114285714285713
0 0.509439453125 0.06713904761904761 0.543423828125 0.07400380952380951 0.53779296875 0.11152000000000001 0.502794921875 0.10784190476190475
0 0.54362109375 0.07266666666666666 0.5383359375 0.11255238095238096 0.5006328125 0.10682095238095239 0.489962890625 0.18728 0.556490234375 0.19624380952380954 0.569470703125 0.07592952380952381
0 0.49074609375 0.18815238095238096 0.5551875 0.1972552380952381 0.53953125 0.3083904761904762 0.480240234375 0.31144 0.468978515625 0.31295809523809526
0 0.598755859375 0.10784761904761904 0.622890625 0.11247047619047619 0.618361328125 0.14997714285714286 0.654568359375 0.1529295238095238 0.645109375 0.2186704761904762 0.579689453125 0.20889333333333332
0 0.622666015625 0.11950666666666666 0.61823828125 0.14808380952380953 0.655861328125 0.15345904761904763 0.660283203125 0.11104571428571429 0.642361328125 0.11156 0.64007421875 0.1225904761904762
0 0.5781796875 0.2098742857142857 0.56847265625 0.3113485714285714 0.598341796875 0.3146380952380952 0.60351953125 0.2778457142857143 0.63535546875 0.28135809523809524 0.644158203125 0.2174152380952381
0 0.602927734375 0.2780838095238095 0.598431640625 0.31670095238095236 0.630796875 0.319392380952381 0.635162109375 0.28232761904761905
0 0.642986328125 0.2374152380952381 0.63184375 0.31045142857142854 0.721435546875 0.3002552380952381 0.728451171875 0.2515771428571429
0 0.6623125 0.10076571428571429 0.641953125 0.23939809523809524 0.730041015625 0.25143238095238096 0.75109765625 0.11360190476190477
0 0.81703125 0.03779428571428571 0.86931640625 0.033523809523809525 0.869748046875 0.012188571428571429 0.82221484375 0.010358095238095237
0 0.79462109375 0.0071409523809523815 0.790587890625 0.036462857142857144 0.8169765625 0.036354285714285714 0.82125 0.008965714285714285
0 0.80955859375 0.10397714285714287 0.858740234375 0.11061142857142857 0.8548984375 0.13690476190476192 0.803232421875 0.13380380952380952
0 0.813611328125 0.06167428571428571 0.9478828125 0.08099238095238095 0.938236328125 0.14655238095238096 0.85434765625 0.13723809523809524 0.8567265625 0.11000571428571429 0.809291015625 0.1044952380952381
0 0.82023046875 0.13697142857142858 0.815857421875 0.18535238095238096 0.851068359375 0.1863904761904762 0.856177734375 0.13986285714285715
0 0.789224609375 0.21154285714285714 0.79385546875 0.17034666666666667 0.815296875 0.17323047619047618 0.815587890625 0.18567238095238095 0.852142578125 0.18768952380952383 0.85798046875 0.1386342857142857 0.93817578125 0.14766857142857143 0.929564453125 0.2198685714285714 0.812828125 0.20808190476190475 0.811828125 0.21460190476190474
0 0.8102421875 0.21483809523809524 0.806458984375 0.24611238095238097 0.83580859375 0.2495504761904762 0.83492578125 0.2656857142857143 0.922412109375 0.2727047619047619 0.9279453125 0.22045142857142855 0.813115234375 0.20656952380952381
0 0.80562109375 0.2467352380952381 0.800703125 0.2897409523809524 0.829322265625 0.2917980952380952 0.83472265625 0.24938857142857143
0 0.77241015625 0.3237295238095238 0.918078125 0.33033714285714283 0.922994140625 0.2746704761904762 0.833181640625 0.2647657142857143 0.82930859375 0.29128380952380956 0.800591796875 0.28961333333333333 0.800056640625 0.27756 0.7781640625 0.2760190476190476
0 0.7518125 0.27502095238095237 0.745169921875 0.32341142857142857 0.773591796875 0.32356 0.778322265625 0.27677142857142856
0 0.799935546875 0.3783295238095238 0.79538671875 0.4322628571428571 0.90284375 0.44060190476190475 0.90989453125 0.3883809523809524
0 0.762041015625 0.5904971428571429 0.74176953125 0.7133104761904762 0.69555859375 0.7066 0.68425390625 0.7705028571428572 0.85636328125 0.7956304761904762 0.8847265625 0.6157390476190476
0 0.66483984375 0.7135390476190476 0.65614453125 0.7681638095238095 0.683361328125 0.7689123809523809 0.6921328125 0.7176914285714286
0 0.625494140625 0.6398514285714286 0.620158203125 0.705487619047619 0.69294921875 0.7168380952380952 0.69649609375 0.7037695238095237 0.740470703125 0.7133161904761904 0.749376953125 0.6588133333333334
0 0.590818359375 0.5971219047619047 0.581271484375 0.6547161904761905 0.56555078125 0.7054914285714285 0.617587890625 0.7136895238095239 0.6233046875 0.592952380952381
0 0.522744140625 0.6465295238095238 0.51634375 0.6981123809523809 0.56475390625 0.7052514285714285 0.579984375 0.6538838095238095 0.522154296875 0.6463657142857142