0 0.1151806640625 0.28112676056338026 0.1444384765625 0.26103780578206076
0 0.2888232421875 0.2563009636767976 0.0865625 0.20859154929577464
0 0.3937255859375 0.2804892512972572 0.1247216796875 0.25878428465530023
0 0.5184912109375 0.2802816901408451 0.125146484375 0.26017790956263903
0 0.642392578125 0.2802446256486286 0.1250146484375 0.2582876204595997
0 0.8349169921875 0.28071163825055595 0.142939453125 0.26005930318754633
0 0.8346533203125 0.5416456634544107 0.1435693359375 0.26114158636026685
0 0.83453125 0.8031578947368422 0.1433251953125 0.2626019273535953
0 0.6426806640625 0.8045737583395106 0.1248974609375 0.25965900667160857
0 0.534150390625 0.843461823573017 0.093017578125 0.17928836174944404
0 0.533837890625 0.7145366938472942 0.0929248046875 0.08283172720533728
0 0.4284228515625 0.8043736100815418 0.1194775390625 0.2599036323202372
0 0.3075390625 0.8037805782060785 0.124453125 0.26017790956263903
0 0.215732421875 0.8484581171237954 0.05943359375 0.1709340252038547
0 0.1149072265625 0.803995552260934 0.145654296875 0.2620459599703484
0 0.11390625 0.5426834692364715 0.1436572265625 0.2664862861378799
0 0.321376953125 0.4879540400296516 0.1524560546875 0.15902149740548555
0 0.5744140625 0.4894069681245367 0.1162646484375 0.1568421052631579
0 0.6682861328125 0.48762045959970346 0.0754833984375 0.15773165307635287