0 0.022607541899441343 0.40645733788395905 0.03137639664804469 0.5343361774744027 0.0778344972067039 0.5350546075085324 0.07672416201117319 0.4080170648464164
0 0.06796787709497207 0.304641638225256 0.027569832402234633 0.06822525597269624
0 0.09620810055865922 0.3046757679180887 0.027765363128491618 0.06767918088737201
0 0.19483240223463688 0.3462627986348123 0.1251745810055866 0.06631399317406143
0 0.22329608938547485 0.41523890784982936 0.052555865921787716 0.060409556313993175
0 0.2627025139664804 0.6141638225255972 0.055621508379888274 0.06899317406143345
0 0.32209497206703913 0.6186860068259386 0.027884078212290504 0.07955631399317406
0 0.3507122905027933 0.6190102389078499 0.02699022346368715 0.07890784982935153
0 0.4528491620111732 0.18264505119453925 0.05328212290502793 0.13121160409556315
0 0.3777583798882682 0.4599829351535836 0.051983240223463685 0.15293515358361776
0 0.29354748603351954 0.3047098976109215 0.02708798882681564 0.06832764505119454
0 0.32194832402234635 0.3047269624573379 0.028163407821229048 0.06930034129692833
0 0.37824022346368713 0.30404436860068257 0.028135474860335196 0.07071672354948805
0 0.07740432960893855 0.5391023890784983 0.1891962290502793 0.5392354948805461 0.1889937150837989 0.6425921501706485 0.1330677374301676 0.643122866894198 0.13302653631284916 0.6653805460750853 0.07665223463687151 0.6657815699658703
0 0.6561382681564246 0.5250511945392492 0.07546787709497206 0.2712627986348123
0 0.6705307262569833 0.7329180887372014 0.05420391061452514 0.12674061433447098
0 0.9001955307262569 0.7337542662116041 0.04597765363128492 0.13040955631399317
0 0.8291969273743017 0.7579522184300341 0.027849162011173188 0.07677474402730376
0 0.8594902234636871 0.7568088737201365 0.03122905027932961 0.07448805460750853
0 0.8876047486033519 0.6213139931740614 0.023317039106145254 0.08286689419795222
0 0.9124022346368714 0.6214675767918089 0.02473463687150838 0.08242320819112628
0 0.7309427374301676 0.5025938566552901 0.05278631284916201 0.061518771331058014
0 0.7870251396648045 0.43119453924914675 0.05389664804469274 0.0715358361774744
0 0.6425453910614525 0.3782610921501707 0.6426668994413408 0.25341296928327645 0.6990160614525139 0.2543293515358362 0.6991026536312849 0.11830716723549489 0.8770013966480447 0.1191569965870307 0.8768617318435754 0.2515819112627986 0.9339022346368715 0.25246757679180887 0.932983938547486 0.3841109215017065 0.9901208100558659 0.38477133105802047 0.989530027932961 0.5103361774744027 0.8771515363128491 0.5146040955631399 0.8760425977653631 0.38148976109215016
0 0.60286312849162 0.4234129692832765 0.0294413407821229 0.07
0 0.6027304469273743 0.4919453924914675 0.029497206703910615 0.06286689419795223
0 0.6027793296089385 0.5579522184300341 0.029364525139664803 0.06523890784982934
0 0.6029120111731844 0.6259897610921501 0.029308659217877096 0.0671160409556314
0 0.7734217877094972 0.480716723549488 0.025216480446927373 0.021638225255972695
0 0.7734567039106145 0.5138054607508532 0.02527932960893855 0.03720136518771331
0 0.797604748603352 0.5027303754266212 0.01863826815642458 0.06175767918088737