0 0.10554545454545455 0.31463087248322147 0.056041958041958044 0.08741610738255035
0 0.1531888111888112 0.3816219239373602 0.026195804195804195 0.026275167785234897
0 0.1805734265734266 0.38195749440715887 0.02606993006993007 0.026946308724832214
0 0.20924475524475528 0.3815212527964206 0.025657342657342656 0.026062639821029084
0 0.23726573426573427 0.38212527964205817 0.02586013986013986 0.026767337807606265
0 0.29373426573426575 0.3941051454138702 0.027223776223776225 0.04364653243847875
0 0.32224475524475527 0.39382550335570465 0.02793706293706294 0.04346756152125279
0 0.3786853146853147 0.3942393736017897 0.027755244755244754 0.045022371364653244
0 0.15304895104895105 0.45983221476510067 0.026 0.024619686800894856
0 0.1805244755244755 0.4601342281879195 0.025601398601398602 0.025201342281879195
0 0.1573986013986014 0.48314317673378077 0.034048951048951046 0.01465324384787472
0 0.18413286713286714 0.4817225950782998 0.018195804195804195 0.01267337807606264
0 0.14926573426573425 0.5247874720357942 0.01804895104895105 0.02451901565995526
0 0.22325874125874126 0.46740492170022374 0.053580419580419585 0.04025727069351231
0 0.22337062937062938 0.5012527964205816 0.053384615384615385 0.02192393736017897
0 0.20293706293706293 0.522695749440716 0.012587412587412588 0.019440715883668903
0 0.21641958041958043 0.5226845637583892 0.012706293706293708 0.019429530201342284
0 0.23023076923076924 0.5225279642058165 0.012209790209790211 0.018881431767337805
0 0.2441188811188811 0.5225503355704698 0.012006993006993007 0.018937360178970918
0 0.19826573426573424 0.42151006711409394 0.12004195804195804 0.04540268456375839
0 0.29155944055944055 0.5091163310961968 0.034272727272727274 0.032058165548098434
0 0.30053846153846153 0.5362527964205817 0.015286713286713287 0.01760626398210291
0 0.28323076923076923 0.5360402684563759 0.015174825174825175 0.01819910514541387
0 0.320986013986014 0.523579418344519 0.02125174825174825 0.0447427293064877
0 0.3419160839160839 0.5239261744966442 0.018587412587412585 0.04577181208053691
0 0.34456643356643357 0.4914876957494407 0.012174825174825175 0.015302013422818792
0 0.3312867132867133 0.49091722595078296 0.01309090909090909 0.016890380313199106
0 0.3805944055944056 0.49644295302013425 0.05713986013986014 0.1008612975391499
0 0.22336363636363638 0.5971700223713646 0.05572027972027972 0.044653243847874724
0 0.2093216783216783 0.642751677852349 0.027307692307692307 0.04399328859060402
0 0.23763636363636362 0.6429418344519016 0.027524475524475525 0.044384787472035794
0 0.4635034965034965 0.6006263982102908 0.02727972027972028 0.05250559284116331
0 0.44402797202797206 0.6769351230425056 0.056412587412587416 0.0865324384787472
0 0.548083916083916 0.5969574944071587 0.028999999999999998 0.04596196868008949
0 0.577027972027972 0.5970357941834452 0.026517482517482517 0.044507829977628637
0 0.6048881118881119 0.5974496644295302 0.026608391608391607 0.044541387024608504
0 0.5094545454545455 0.5001677852348994 0.05597202797202798 0.09268456375838927
0 0.5095874125874126 0.4070917225950783 0.05588111888111888 0.08894854586129754
0 0.615881118881119 0.4679306487695749 0.024496503496503497 0.044731543624161076
0 0.6103006993006993 0.5005928411633109 0.012356643356643358 0.016107382550335572
0 0.6236923076923077 0.5005369127516779 0.012069930069930072 0.015995525727069353
0 0.6565034965034965 0.4563534675615213 0.014363636363636363 0.020425055928411633
0 0.6723426573426574 0.45569351230425054 0.014629370629370631 0.019876957494407158
0 0.6633846153846154 0.48289709172259504 0.03393006993006993 0.02866890380313199
0 0.636958041958042 0.4680984340044743 0.015594405594405595 0.04421700223713647
0 0.6752797202797203 0.6763199105145414 0.044986013986013984 0.08466442953020134
0 0.7272027972027972 0.6759843400447427 0.05474125874125874 0.08527964205816554
0 0.7177272727272727 0.6091498881431768 0.025713286713286716 0.027125279642058166
0 0.7457832167832168 0.6089485458612975 0.025958041958041956 0.026286353467561523
0 0.7744405594405595 0.6090604026845637 0.0257972027972028 0.026946308724832214
0 0.8020769230769231 0.6091163310961968 0.026272727272727274 0.027058165548098437
0 0.7616433566433567 0.5693736017897092 0.1300839160839161 0.04511185682326622
0 0.8510559440559441 0.569675615212528 0.04785314685314686 0.04572706935123043
0 0.711076923076923 0.4690492170022371 0.01213986013986014 0.018870246085011186
0 0.7248601398601399 0.46913870246085015 0.011958041958041959 0.0183668903803132
0 0.7385944055944056 0.4690268456375839 0.012146853146853147 0.0183668903803132
0 0.7523566433566433 0.4689373601789709 0.012132867132867134 0.018400447427293062
0 0.7178741258741258 0.4909731543624161 0.025328671328671327 0.021196868008948544
0 0.7452657342657343 0.49086129753914987 0.026209790209790206 0.021588366890380312
0 0.6990629370629371 0.4634563758389262 0.006440559440559442 0.02957494407158837
0 0.6990909090909091 0.5224720357941834 0.006258741258741258 0.04629753914988814
0 0.7315944055944056 0.5243512304250559 0.053132867132867134 0.040816554809843406
0 0.7744125874125874 0.5317002237136466 0.025664335664335666 0.025111856823266217
0 0.7743496503496503 0.51 0.02553846153846154 0.01296420581655481
0 0.7987762237762238 0.523993288590604 0.01902097902097902 0.04008948545861298
0 0.8123006993006993 0.5242393736017897 0.005167832167832167 0.040581655480984344
0 0.810951048951049 0.46936241610738255 0.008440559440559442 0.03012304250559284
0 0.7315874125874127 0.3940939597315436 0.05565034965034965 0.04519015659955257
0 0.7176223776223777 0.34889261744966443 0.028125874125874126 0.04429530201342282
0 0.7457762237762238 0.34880313199105145 0.027216783216783218 0.04436241610738255
0 0.8488391608391608 0.31662192393736016 0.05320979020979021 0.0833221476510067
0 0.9617342657342657 0.40343400447427297 0.053139860139860134 0.08048098434004475
0 0.9033216783216783 0.40608501118568235 0.05582517482517482 0.08529082774049217
0 0.9008811188811189 0.538993288590604 0.050391608391608396 0.17659955257270693
0 0.9572027972027972 0.5828299776286353 0.0597972027972028 0.2657270693512304
0 0.7614685314685316 0.45477293064876956 0.7618657342657343 0.5018579418344519 0.8148125874125874 0.5010335570469798 0.8149734265734266 0.48678747203579414 0.805420979020979 0.48614317673378077 0.8053342657342657 0.45458053691275163
0 0.6802776223776223 0.499403803131991 0.6805496503496504 0.5459105145413871 0.6038244755244756 0.5462002237136465 0.6039258741258742 0.51084451901566 0.631848951048951 0.5108489932885906 0.6312825174825175 0.492744966442953 0.645027972027972 0.49279082774049215 0.6449286713286714 0.4994664429530202
0 0.1106013986013986 0.5816107382550336 0.04486713286713286 0.06854586129753915
0 0.0137 0.3603993288590604 0.12817692307692308 0.3614049217002237 0.12788601398601399 0.5447270693512304 0.0882958041958042 0.5446532438478747 0.08792657342657342 0.5298422818791946 0.029315384615384615 0.5304753914988815 0.011987412587412587 0.36073266219239375
0 0.0311993006993007 0.5475782997762864 0.08644055944055944 0.5476230425055928 0.08612587412587412 0.6157091722595078 0.07685244755244755 0.6158758389261745 0.07689020979020979 0.6307829977628635 0.041093706293706296 0.6311901565995526
0 0.04311118881118881 0.6342628635346755 0.07691748251748252 0.6340973154362417 0.07667412587412588 0.716821029082774 0.05515944055944056 0.716821029082774
0 0.19363636363636363 0.5373601789709171 0.1937034965034965 0.4895234899328859 0.1751076923076923 0.4894876957494407 0.1751076923076923 0.49211409395973155 0.14024195804195805 0.4920536912751678 0.1403118881118881 0.5103791946308724 0.16036993006993008 0.5106901565995526 0.160313986013986 0.5373825503355705
0 0.35114825174825176 0.4808791946308725 0.35086503496503496 0.4458109619686801 0.2746174825174825 0.44606599552572707 0.27458181818181815 0.49176845637583894 0.31025944055944055 0.4921968680089486 0.3103559440559441 0.49927628635346755 0.3241356643356643 0.4993478747203579 0.324186013986014 0.4809720357941834
0 0.4834475524475525 0.27319127516778524 0.6414783216783216 0.27281767337807605 0.6412223776223777 0.35736241610738256 0.5846013986013986 0.35812639821029085 0.584665034965035 0.44430425055928413 0.5395174825174825 0.44325279642058163 0.5399272727272727 0.3580682326621924 0.4834895104895105 0.35875727069351226
0 0.7564202797202797 0.6274821029082774 0.7569818181818181 0.7159541387024608 0.874944055944056 0.7156890380313199 0.8751111888111889 0.595582774049217 0.8268867132867134 0.594 0.8268587412587411 0.6280156599552573 0.816888111888112 0.6296286353467562 0.8162447552447553 0.6271800894854586