0 0.6569015957446809 0.32625 0.11922872340425533 0.12577620967741934
0 0.747331560283688 0.3257762096774194 0.058382092198581564 0.12482862903225807
0 0.8084131205673759 0.3248588709677419 0.05972074468085106 0.12892137096774195
0 0.6257978723404255 0.19528225806451613 0.05663563829787234 0.12562500000000001
0 0.46582003546099293 0.19517137096774195 0.11731826241134752 0.12556451612903227
0 0.3810283687943263 0.3069657258064516 0.056471631205673764 0.07837701612903226
0 0.44023936170212763 0.30767137096774194 0.058940602836879435 0.07951612903225806
0 0.48534131205673764 0.30729838709677415 0.029494680851063833 0.07948588709677419
0 0.5153767730496455 0.30671370967741934 0.02903812056737589 0.07951612903225806
0 0.09250443262411348 0.31316532258064517 0.028984929078014185 0.06734879032258065
0 0.12293882978723406 0.3140322580645161 0.02936613475177305 0.06733870967741935
0 0.22784131205673758 0.3540423387096774 0.1361790780141844 0.06983870967741936
0 0.25884751773049647 0.42495967741935486 0.05692819148936171 0.06098790322580645
0 0.25855496453900706 0.475141129032258 0.05658687943262411 0.0325
0 0.30398492907801417 0.6284677419354839 0.0293927304964539 0.07882056451612902
0 0.33452127659574465 0.6287399193548387 0.029308510638297876 0.07868951612903226
0 0.3744636524822695 0.7424798387096774 0.05738918439716312 0.12919354838709676
0 0.3139051418439716 0.7433770161290322 0.05851507092198581 0.1311189516129032
0 0.545718085106383 0.6284576612903225 0.02900709219858156 0.07936491935483872
0 0.5759131205673759 0.6294254032258064 0.02886968085106383 0.07879032258064515
0 0.5654078014184397 0.7408770161290323 0.05681737588652483 0.12658266129032258
0 0.7120478723404255 0.6226512096774193 0.05911347517730497 0.06642137096774194
0 0.4334485815602837 0.4675806451612903 0.0725177304964539 0.15262096774193548
0 0.5005673758865248 0.4683467741935484 0.05889184397163121 0.1534375
0 0.5459840425531914 0.42921370967741934 0.02918882978723404 0.07589717741935484
0 0.5459397163120567 0.506875 0.02885195035460993 0.07596774193548388
0 0.6061879432624113 0.48640120967741934 0.028581560283687944 0.11642137096774192
0 0.6432313829787234 0.48663306451612903 0.04246010638297873 0.11693548387096774
0 0.8328235815602837 0.5807157258064517 0.1345744680851064 0.06854838709677419
0 0.9275842198581561 0.45795362903225806 0.05729609929078014 0.12186491935483872
0 0.8632757092198582 0.4412399193548387 0.057371453900709225 0.07116935483870968
0 0.8021985815602837 0.5116431451612903 0.05599290780141844 0.06119959677419355
0 0.8028368794326242 0.46019153225806453 0.05691932624113475 0.03368951612903226
0 0.8739406028368794 0.5117439516129032 0.019840425531914892 0.0615625
0 0.7360372340425532 0.44932459677419356 0.022788120567375884 0.04214717741935484
0 0.9281870567375885 0.5986592741935484 0.0537322695035461 0.13957661290322582