0 0.24780078125 0.3867424242424242 0.055109375 0.06351325757575757
0 0.21678515625 0.3146306818181818 0.13335546874999998 0.06841856060606061
0 0.17534765624999998 0.3752556818181818 0.02669140625 0.03962121212121213
0 0.20371875 0.37522727272727274 0.02630078125 0.04053030303030303
0 0.1256875 0.5764488636363636 0.05485156249999999 0.12690340909090908
0 0.18390234375 0.5768844696969697 0.057265625 0.12777462121212121
0 0.24298046874999998 0.5766193181818181 0.05669921875 0.12888257575757575
0 0.24362890625000003 0.7104829545454545 0.055316406250000005 0.12832386363636364
0 0.3633828125 0.589469696969697 0.05640234374999999 0.06701704545454545
0 0.34900390625 0.6602556818181818 0.027890625000000002 0.06805871212121213
0 0.3490703125 0.7346685606060606 0.02802734375 0.0772159090909091
0 0.52268359375 0.5954261363636364 0.028199218749999998 0.08161931818181818
0 0.5516484375 0.595473484848485 0.02814453125 0.0809090909090909
0 0.58053125 0.5952935606060606 0.028261718749999998 0.08134469696969697
0 0.6096953125 0.5953503787878789 0.028273437499999998 0.08146780303030303
0 0.59075390625 0.7099715909090909 0.054421874999999995 0.1290340909090909
0 0.696421875 0.5890624999999999 0.0284609375 0.0709469696969697
0 0.8280546875000001 0.7041761363636364 0.06908203125 0.1359469696969697
0 0.88953515625 0.5670549242424242 0.052117187499999995 0.41349431818181814
0 0.94525 0.4991287878787879 0.0507734375 0.26364583333333336
0 0.88703125 0.2920738636363636 0.050398437500000004 0.11620265151515151
0 0.8316367187499999 0.2867234848484848 0.05604296875 0.12895833333333334
0 0.7737109375 0.2871306818181818 0.055855468750000005 0.12977272727272726
0 0.6819921875 0.27395833333333336 0.05670703125 0.06798295454545455
0 0.63846484375 0.27400568181818186 0.02815625 0.06822916666666666
0 0.359375 0.15269886363636365 0.05462890625 0.12835227272727273
0 0.3488671875 0.2678125 0.027902343750000003 0.08095643939393939
0 0.37784375 0.2675094696969697 0.0275703125 0.08034090909090909
0 0.46473828125 0.27428030303030304 0.027695312500000003 0.06906250000000001
0 0.41453515625000004 0.4311931818181818 0.0695234375 0.1571875
0 0.4793359375 0.4314772727272727 0.056859375000000004 0.15613636363636363
0 0.36613281249999996 0.47453598484848486 0.02418359375 0.0706060606060606
0 0.34459375 0.47519886363636366 0.0158203125 0.069375
0 0.24759375 0.43956439393939395 0.05430859375 0.03315340909090909
0 0.5457265625 0.4313162878787879 0.03937890625 0.15501893939393938
0 0.60155078125 0.4312026515151515 0.06946875 0.15702651515151514
0 0.66884375 0.38892992424242423 0.021328125 0.0681344696969697
0 0.6472265625 0.387282196969697 0.01850390625 0.06900568181818183
0 0.768578125 0.42319128787878785 0.05369921875 0.03387310606060606
0 0.76860546875 0.47675189393939393 0.054167968749999997 0.06361742424242425
0 0.826765625 0.40412878787878787 0.055144531249999997 0.0728219696969697
0 0.8376796875 0.4765246212121212 0.019625 0.061240530303030304
0 0.8125781249999999 0.48776515151515154 0.02662109375 0.04010416666666667
0 0.8125585937500001 0.4527556818181818 0.026234374999999997 0.02056818181818182
0 0.7974765625 0.5475 0.1282734375 0.07025568181818181
0 0.0881875 0.27406250000000004 0.027675781249999996 0.06792613636363637
0 0.117203125 0.27431818181818185 0.027980468749999998 0.06745265151515152