0 0.16453267477203648 0.25190799396681746 0.05295972644376899 0.10332579185520362
0 0.19574468085106383 0.3800150829562594 0.12932370820668693 0.05520361990950227
0 0.22533054711246203 0.4379260935143289 0.053126899696048634 0.05086726998491704
0 0.18258358662613983 0.4286123680241328 0.02560790273556231 0.031251885369532426
0 0.1549544072948328 0.42836349924585215 0.025558510638297872 0.03165912518853695
0 0.22507598784194527 0.4799547511312217 0.05303571428571429 0.025920060331825034
0 0.10761018237082068 0.5788838612368025 0.05327127659574468 0.08352187028657616
0 0.012731003039513678 0.2021628959276018 0.08643996960486322 0.20241176470588237 0.08623518237082067 0.310947963800905 0.12922986322188448 0.31191402714932126 0.12920516717325228 0.5318310708898943 0.034900455927051675 0.5303996983408747
0 0.03341983282674772 0.5380927601809955 0.04366451367781155 0.6400965309200604 0.07836892097264438 0.6400422322775264 0.07841603343465045 0.6219321266968326 0.07908814589665654 0.6218371040723982 0.07918617021276596 0.5385082956259427
0 0.10950227963525835 0.6857315233785822 0.05395516717325228 0.11985671191553544
0 0.22517477203647415 0.5991025641025641 0.05499620060790274 0.0539894419306184
0 0.21110562310030395 0.6553846153846153 0.026998480243161094 0.054004524886877826
0 0.2111968085106383 0.7147435897435898 0.02718085106382979 0.06085972850678733
0 0.29564589665653496 0.5992307692307692 0.027401215805471127 0.0551734539969834
0 0.32366261398176294 0.5993514328808447 0.02757218844984802 0.05512820512820513
0 0.3519262917933131 0.5993891402714931 0.02718465045592705 0.054600301659125196
0 0.34074468085106385 0.5079864253393666 0.02393996960486322 0.056372549019607844
0 0.319612462006079 0.5075565610859728 0.014772036474164134 0.05466817496229261
0 0.38793313069908814 0.47334841628959273 0.06789133738601824 0.12362745098039216
0 0.323620820668693 0.3477677224736048 0.027564589665653495 0.055739064856711915
0 0.3518617021276596 0.3477978883861237 0.02743920972644377 0.05582956259426848
0 0.46319148936170207 0.5053393665158371 0.02424772036474164 0.061357466063348416
0 0.49148936170212765 0.5051357466063348 0.029498480243161096 0.061131221719457014
0 0.5209688449848024 0.5054072398190045 0.027215045592705166 0.0617420814479638
0 0.520934650455927 0.4418627450980392 0.02758738601823708 0.06198340874811463
0 0.491508358662614 0.4418476621417798 0.029513677811550156 0.06195324283559578
0 0.4631344984802432 0.4416214177978884 0.02443768996960486 0.062375565610859725
0 0.5632484802431611 0.24918552036199096 0.044905015197568385 0.10690045248868778
0 0.6757066869300912 0.25423076923076926 0.05542553191489361 0.10689291101055808
0 0.733362462006079 0.25460784313725493 0.057237841945288755 0.10606334841628959
0 0.792556990881459 0.251447963800905 0.05288373860182371 0.10235294117647059
0 0.9034764437689969 0.35874057315233787 0.04893617021276596 0.09984917043740574
0 0.9616869300911853 0.46526395173454 0.05267477203647416 0.09967571644042231
0 0.7886550151975683 0.4511613876319759 0.05308890577507598 0.05765460030165913
0 0.8367173252279635 0.49215686274509807 0.024118541033434648 0.08422322775263952
0 0.7322492401215805 0.5090874811463046 0.053275075987841945 0.051349924585218705
0 0.7319718844984803 0.4670211161387632 0.053404255319148934 0.026395173453996983
0 0.7604293313069909 0.5655580693815988 0.1251063829787234 0.05552790346907994
0 0.9573404255319148 0.6957164404223227 0.06207446808510638 0.1031975867269985
0 0.7322796352583586 0.6964027149321267 0.04491641337386018 0.10546757164404223
0 0.6778267477203648 0.6918552036199095 0.059042553191489364 0.10641779788838614
0 0.6052545592705167 0.5992458521870286 0.02718465045592705 0.05512066365007542
0 0.6375531914893617 0.5992006033182503 0.0344224924012158 0.05503016591251885
0 0.6656838905775075 0.5992533936651584 0.01937689969604863 0.05391402714932126
0 0.7056003039513679 0.3597435897435897 0.11473784194528876 0.09899698340874812
0 0.6136436170212766 0.4386123680241327 0.018240881458966563 0.05494720965309201
0 0.6348670212765958 0.43889894419306186 0.02018237082066869 0.05409502262443439
0 0.6256952887537993 0.6357013574660634 0.014908814589665654 0.16552036199095022
0 0.9007294832826747 0.4687028657616893 0.049061550151975684 0.08420060331825038