0 0.10057370820668693 0.30983014861995756 0.027032674772036476 0.07656050955414014
0 0.05687993920972644 0.40138216560509554 0.12288335866261398 0.40223566878980893 0.12257522796352584 0.5152845010615712 0.0634726443768997 0.5156210191082802
0 0.15718844984802433 0.2878980891719745 0.025946048632218846 0.04696390658174098
0 0.18495440729483284 0.28815286624203823 0.025809270516717327 0.0464968152866242
0 0.21346884498480245 0.2880891719745223 0.025775075987841945 0.046857749469214435
0 0.24129179331306994 0.28785562632696393 0.02575227963525836 0.046857749469214435
0 0.1992857142857143 0.35606157112526543 0.12596884498480243 0.0756687898089172
0 0.22729483282674773 0.4357324840764331 0.05353343465045593 0.06943736730360933
0 0.22738981762917934 0.4949044585987261 0.053214285714285714 0.03705944798301486
0 0.20672112462006081 0.532144373673036 0.012298632218844984 0.03204883227176221
0 0.2204407294832827 0.5321337579617834 0.012537993920972644 0.032027600849256904
0 0.23430471124620064 0.5320488322717623 0.012108662613981764 0.031475583864118896
0 0.24791793313069907 0.5323885350318471 0.012127659574468085 0.03177282377919321
0 0.2597758358662614 0.5413375796178344 0.005129179331306991 0.05007430997876858
0 0.2597036474164134 0.4384501061571125 0.004984802431610942 0.07943736730360934
0 0.29578647416413373 0.5097452229299363 0.03444908814589666 0.054904458598726114
0 0.28739741641337385 0.5564543524416136 0.01571048632218845 0.031252653927813165
0 0.30420212765957444 0.5569532908704883 0.015277355623100305 0.030414012738853503
0 0.34649696048632217 0.534723991507431 0.017135258358662614 0.07790870488322718
0 0.3254255319148936 0.5344055201698514 0.021930091185410335 0.07592356687898089
0 0.33501519756838904 0.476687898089172 0.01216565349544073 0.02832271762208068
0 0.34867021276595744 0.47715498938428874 0.01239741641337386 0.028205944798301488
0 0.3814703647416413 0.48591295116772826 0.050999240121580545 0.17567940552016986
0 0.31197188449848023 0.6634925690021232 0.05551291793313071 0.07616772823779193
0 0.35432370820668696 0.6633227176220807 0.027158054711246202 0.07679405520169852
0 0.1385357142857143 0.7207622080679406 0.13870136778115502 0.7010095541401273 0.19333966565349545 0.7002526539278132 0.19369604863221884 0.7257430997876857 0.25028039513677813 0.7281772823779193 0.2498404255319149 0.8750212314225053 0.13921808510638298 0.8747983014861995
0 0.08743465045592705 0.5769044585987261 0.08753837386018237 0.7214256900212314 0.1374034954407295 0.7205297239915075 0.13721884498480244 0.6952388535031847 0.19395478723404255 0.6949341825902335 0.1932887537993921 0.5760371549893842
0 0.3256914893617021 0.3020806794055202 0.027256838905775075 0.09009554140127389
0 0.35395136778115505 0.30284501061571123 0.026785714285714284 0.08989384288747347
0 0.37247340425531916 0.17333333333333334 0.10975683890577508 0.14484076433121018
0 0.27892021276595746 0.3996104033970276 0.3545934650455927 0.39931316348195334 0.35455775075987844 0.45957749469214443 0.3273947568389058 0.4596316348195329 0.32746884498480244 0.4915053078556263 0.3145341945288754 0.49206369426751595 0.3145999240121581 0.4801687898089172 0.2790661094224924 0.479432059447983
0 0.5630091185410334 0.485828025477707 0.05542553191489361 0.15970276008492568
0 0.6133396656534954 0.4949044585987261 0.012139057750759878 0.02863057324840764
0 0.626781914893617 0.49459660297239916 0.012492401215805473 0.02865180467091295
0 0.6462689969604863 0.44213375796178345 0.029091945288753796 0.06748407643312102
0 0.6725037993920973 0.44825902335456475 0.020421732522796353 0.07651804670912951
0 0.6829988601823709 0.4901454352441613 0.6610497720364742 0.4900923566878981 0.6608833586626139 0.47991932059447984 0.6343377659574468 0.4806507430997877 0.6343632218844985 0.5125074309978769 0.6072169452887538 0.5127303609341826 0.6071629939209727 0.5725254777070063 0.683044452887538 0.5729798301486199
0 0.7167553191489362 0.29427813163481953 0.03420212765957446 0.08289808917197453
0 0.7466831306990881 0.2945329087048832 0.023324468085106385 0.0829723991507431
0 0.7017325227963526 0.17085987261146496 0.11079787234042554 0.1514968152866242
0 0.7137803951367782 0.43954352441613587 0.0121580547112462 0.03148619957537155
0 0.7276063829787234 0.43975583864118895 0.012127659574468085 0.03146496815286624
0 0.7413753799392097 0.4397133757961783 0.012477203647416415 0.03181528662420382
0 0.7550797872340426 0.4396815286624204 0.012146656534954408 0.03150743099787686
0 0.7344186930091186 0.47768577494692144 0.05322948328267477 0.03694267515923567
0 0.7344642857142857 0.5365605095541401 0.05332066869300912 0.07010615711252655
0 0.7641337386018238 0.41391188959660297 0.7641014437689969 0.49677494692144375 0.8174145136778115 0.49578237791932056 0.8170064589665653 0.46891188959660296 0.8078647416413375 0.46928768577494695 0.8078647416413375 0.4154373673036093
0 0.8133966565349544 0.43995753715498936 0.00844984802431611 0.05018046709129512
0 0.7769034954407295 0.5102653927813163 0.02534954407294833 0.022420382165605098
0 0.7769490881458967 0.5490658174097665 0.025813069908814587 0.044384288747346075
0 0.8010638297872341 0.5362845010615711 0.01905775075987842 0.06916135881104035
0 0.8148556231003039 0.5367409766454353 0.004920212765957447 0.0700212314225053
0 0.7622834346504559 0.6160297239915073 0.1255015197568389 0.08052016985138004
0 0.7205623100303952 0.6843630573248407 0.026071428571428572 0.04725053078556263
0 0.7484042553191489 0.6839915074309979 0.025839665653495443 0.04717622080679405
0 0.7770326747720365 0.683927813163482 0.0257370820668693 0.04704883227176221
0 0.8045820668693009 0.684108280254777 0.025626899696048634 0.046740976645435243
0 0.8767211246200609 0.514171974522293 0.07552431610942249 0.1163588110403397
0 0.8612386018237083 0.6780254777070064 0.027499999999999997 0.07473460721868366
0 0.8893503039513678 0.6780360934182591 0.02713145896656535 0.07475583864118897
0 0.8752697568389058 0.7527707006369427 0.05485942249240121 0.0686624203821656
0 0.9636702127659574 0.4723779193205945 0.05237841945288754 0.13776008492569003
0 0.8628077507598784 0.2941082802547771 0.030725683890577508 0.08227176220806794
0 0.834840425531915 0.29390658174097667 0.023370060790273556 0.08260084925690021
0 0.8244901215805471 0.0975976645435244 0.8244293313069909 0.2464713375796178 0.8812811550151977 0.24730573248407642 0.8808427051671733 0.3956125265392781 0.933877659574468 0.394859872611465 0.933715425531915 0.0985063694267516
0 0.167427811550152 0.47876857749469215 0.06264817629179331 0.15963906581740978