0 0.20268882769472857 0.302171834625323 0.24341896144767897 0.30282105943152454 0.24301927616050353 0.36197803617571056 0.20262116443745082 0.3620387596899225
0 0.24386506687647522 0.302656976744186 0.2852820613690008 0.3025981912144703 0.2851974822974036 0.36198062015503873 0.24389575137686859 0.3619883720930232
0 0.2862804878048781 0.30278488372093026 0.326630999213218 0.30274612403100776 0.3264846577498033 0.36193863049095604 0.28628520849724626 0.36206524547803615
0 0.21909126671911877 0.3822157622739018 0.028690007867820617 0.030122739018087857
0 0.24954760031471282 0.3824612403100775 0.028524783634933125 0.030419896640826876
0 0.2810031471282455 0.3824677002583979 0.028414634146341464 0.030174418604651164
0 0.31151455546813533 0.38233204134366927 0.028245476003147127 0.030277777777777775
0 0.2680802517702596 0.42637596899224806 0.13379622344610542 0.051220930232558144
0 0.21911093627065303 0.46977390180878553 0.028564122738001574 0.028804909560723516
0 0.2494689221085759 0.4698514211886305 0.02859952793076318 0.028695090439276486
0 0.22337136113296616 0.4956782945736434 0.03699449252557042 0.016233850129198965
0 0.2535326514555468 0.4943733850129199 0.02040912667191188 0.013042635658914729
0 0.21488198269079467 0.5432170542635659 0.020059008654602677 0.027777777777777776
0 0.2963099921321794 0.47804909560723513 0.058981117230527146 0.04548449612403101
0 0.2961880409126672 0.5160529715762274 0.0589417781274587 0.023753229974160208
0 0.27363886703383167 0.5403682170542635 0.013701809598741147 0.02051033591731266
0 0.2888473642800944 0.5403552971576228 0.013446105428796224 0.02040051679586563
0 0.303933910306845 0.5403617571059431 0.013359559402045633 0.020413436692506462
0 0.31901258851298187 0.5404134366925064 0.013343823760818253 0.02024547803617571
0 0.3644335169158143 0.5196059431524548 0.02415814319433517 0.01806201550387597
0 0.3645397324940991 0.5464470284237726 0.023579858379228952 0.030445736434108528
0 0.4148426435877262 0.5031589147286821 0.013808025177025965 0.02879198966408269
0 0.42951612903225805 0.5034496124031008 0.013394964594807237 0.02894702842377261
0 0.42162863886703383 0.3110142118863049 0.0638552321007081 0.09735142118863048
0 0.48702596380802515 0.3082299741602067 0.05842250196695515 0.09339147286821704
0 0.4203855232100708 0.3910400516795866 0.06127458693941778 0.058682170542635664
0 0.4681785995279307 0.3912984496124031 0.032132179386309995 0.058087855297157626
0 0.5008536585365854 0.3912532299741602 0.03159716758457907 0.05873385012919897
0 0.548882769472856 0.40651808785529714 0.060841856805664826 0.08864341085271318
0 0.5488552321007081 0.5091214470284238 0.06077104642014162 0.11179586563307493
0 0.45988198269079467 0.48593023255813955 0.0439417781274587 0.06489018087855297
0 0.4599370574350905 0.5411757105943152 0.043977183320220305 0.04183462532299742
0 0.3581628638867034 0.6115956072351422 0.06549567269866248 0.09473514211886305
0 0.43681746656176246 0.6131136950904393 0.08974429583005507 0.09723514211886305
0 0.41435483870967743 0.7140374677002583 0.05910700236034618 0.0961498708010336
0 0.4768607395751377 0.7135465116279069 0.06122344610542879 0.09569121447028424
0 0.6741502753737215 0.40368863049095605 0.0625963808025177 0.0936111111111111
0 0.7366404405979543 0.519515503875969 0.013654602675059009 0.025142118863049095
0 0.7216247049567269 0.5193475452196382 0.013595594020456335 0.025387596899224804
0 0.7932808811959087 0.5138307493540052 0.049551534225019664 0.06907622739018088
0 0.7933634933123525 0.46552971576227387 0.049720692368214005 0.021944444444444444
0 0.7618410700236035 0.7002067183462533 0.10174665617623918 0.06831395348837209
0 0.06103579858379229 0.26225258397932816 0.1453906372934697 0.26272351421188633 0.145375295043273 0.36843023255813956 0.06846262785208497 0.36897416020671836
0 0.06801612903225807 0.37544573643410856 0.1968953579858379 0.3756227390180879 0.19732612116443746 0.563422480620155 0.138507474429583 0.5638468992248062 0.13788040912667193 0.46618475452196384 0.07609047993705743 0.46666020671834624
0 0.26376042486231316 0.5033662790697675 0.263654602675059 0.5570219638242894 0.22640322580645164 0.5572906976744186 0.2262891424075531 0.5268953488372093 0.20483713611329663 0.5270109819121447 0.20486624704956727 0.5062215762273902 0.24320141620771044 0.506328811369509 0.243382769472856 0.5030400516795865
0 0.43620653029110934 0.5204224806201551 0.4362887490165224 0.5616104651162791 0.3782254130605822 0.5616195090439277 0.3781199842643588 0.5080962532299742 0.3533276947285602 0.5082448320413437 0.3529815106215578 0.4552073643410852 0.4364547600314713 0.4543733850129199 0.43612195121951225 0.4869444444444444 0.406579858379229 0.48660917312661495 0.40685208497246267 0.5205193798449612
0 0.5199437450826121 0.6668869509043927 0.5202690794649881 0.5700988372093023 0.5803536585365854 0.5692306201550388 0.5802981904012589 0.6627616279069767 0.5796490952006295 0.6626757105943152 0.5798316286388671 0.7616970284237726 0.5092989771833202 0.7618494832041344 0.5091821400472069 0.6658992248062015