0 0.6544374999999999 0.11981666666666667 0.0409 0.047066666666666666
0 0.6547499999999999 0.16945 0.0415125 0.047716666666666664
0 0.654375 0.21836666666666668 0.04 0.04865
0 0.7262000000000001 0.12018333333333334 0.039125 0.04766666666666667
0 0.726225 0.1697 0.0385 0.04901666666666667
0 0.7250624999999999 0.21801666666666666 0.037525 0.04795
0 0.7251875 0.27065 0.0371125 0.05551666666666667
0 0.7126375 0.3344 0.0629 0.07081666666666667
0 0.713275 0.3967833333333333 0.0633 0.051783333333333334
0 0.712975 0.4508166666666667 0.0628875 0.05308333333333334
0 0.7131000000000001 0.5053333333333333 0.06315 0.05535
0 0.7127625000000001 0.5587000000000001 0.06315 0.05353333333333333
0 0.7129625 0.6127166666666667 0.0628625 0.053033333333333335
0 0.7133750000000001 0.6663 0.0630125 0.052533333333333335
0 0.7136125 0.7200666666666667 0.0634875 0.05421666666666667
0 0.7131875 0.7918999999999999 0.0626375 0.08845
0 0.5295624999999999 0.2678833333333333 0.060599999999999994 0.07035
0 0.523525 0.40868333333333334 0.0478875 0.04405
0 0.5235625 0.45264999999999994 0.0479625 0.04495
0 0.5236625 0.4996666666666667 0.048174999999999996 0.0502
0 0.5233 0.5495666666666666 0.0481 0.05218333333333333
0 0.5236375 0.6006 0.0474375 0.04931666666666667
0 0.5236875 0.6509833333333332 0.0475375 0.049600000000000005
0 0.5234375 0.7169666666666666 0.046974999999999996 0.08170000000000001
0 0.4858125 0.72525 0.03385 0.06518333333333333
0 0.4524875 0.7256333333333334 0.033174999999999996 0.06518333333333333
0 0.40068750000000003 0.7294999999999999 0.0691875 0.05281666666666667
0 0.34181249999999996 0.7345833333333334 0.046675 0.06266666666666666
0 0.29295000000000004 0.7548833333333334 0.054087500000000004 0.10441666666666666
0 0.32683750000000006 0.8772500000000001 0.12272500000000001 0.14123333333333332