0 0.4372279013830427 0.22436746987951808 0.1303547805171377 0.21971887550200803
0 0.3807456404088995 0.4679016064257028 0.05055321707757065 0.11136546184738956
0 0.41429344558027664 0.7391164658634538 0.17822609741431147 0.3140963855421687
0 0.2130246542393265 0.6974598393574297 0.14144317498496692 0.18305220883534135
0 0.18988574864702343 0.525562248995984 0.09630186410102225 0.16297188755020078
0 0.2616175586289838 0.4836144578313253 0.04871918220084185 0.14197791164658635
0 0.8794407696933253 0.4569578313253012 0.13232711966325916 0.24023092369477914
0 0.8232892363199038 0.7187048192771085 0.0494167167769092 0.11027108433734939
0 0.4076482260974143 0.33537248995983937 0.40694407696933255 0.5238584337349398 0.3863662056524354 0.525206827309237 0.3865393866506314 0.5828242971887551 0.5032188815393867 0.5802620481927712 0.5027113650030066 0.3349668674698795
0 0.6991822008418521 0.5156224899598393 0.2296091401082381 0.36190763052208835
0 0.8971918220084185 0.6245381526104418 0.09737823211064342 0.09430722891566266
0 0.8640709561034275 0.7235040160642571 0.02921828021647625 0.0997289156626506
0 0.931473241130487 0.6909738955823294 0.028268190018039686 0.06497991967871486
0 0.256668671076368 0.2615060240963855 0.22907997594708357 0.29895582329317266