0 0.1155834829443447 0.16752727272727272 0.1521184919210054 0.271
0 0.11456912028725313 0.3555 0.15252244165170556 0.10625454545454545
0 0.12351885098743268 0.5019454545454546 0.10719928186714542 0.18632727272727273
0 0.17741472172351883 0.7401 0.28067324955116696 0.29165454545454544
0 0.3843985637342909 0.8512090909090909 0.05519748653500898 0.06949090909090909
0 0.43614003590664274 0.3767090909090909 0.05964991023339318 0.1960181818181818
0 0.2880610412926391 0.5479363636363637 0.05844703770197487 0.09002727272727273
0 0.571903052064632 0.34714545454545453 0.06601436265709157 0.1388909090909091
0 0.6687881508078994 0.4414636363636364 0.04243267504488331 0.04740909090909091
0 0.660834829443447 0.5505818181818182 0.06172351885098744 0.028763636363636363
0 0.6470107719928186 0.671309090909091 0.08504488330341113 0.07092727272727273
0 0.6212477558348295 0.7705545454545455 0.057504488330341115 0.09477272727272727
0 0.6210682226211849 0.8527818181818181 0.05972172351885099 0.07029090909090908
0 0.7789407540394974 0.9290454545454546 0.3718850987432675 0.08177272727272727
0 0.555915619389587 0.7804727272727272 0.07198384201077199 0.11712727272727273
0 0.4471992818671454 0.7806818181818181 0.06789946140035907 0.1161909090909091
0 0.8890933572710952 0.23812727272727272 0.14908438061041293 0.1269
0 0.8890933572710952 0.10371818181818182 0.14676840215439857 0.14179090909090908
0 0.6341472172351885 0.085 0.07888689407540395 0.10517272727272726
0 0.3722800718132855 0.09291818181818182 0.07921903052064631 0.11881818181818181
0 0.34470377019748655 0.5587818181818182 0.05406642728904847 0.04482727272727273
0 0.3758617594254937 0.6033090909090909 0.05253141831238779 0.09041818181818181
0 0.35929084380610415 0.6780272727272728 0.08439856373429085 0.06050909090909091
0 0.3912657091561939 0.7705727272727273 0.043025134649910236 0.09545454545454546
0 0.8134560143626571 0.6898818181818182 0.24169658886894074 0.3957636363636363
0 0.9039317773788151 0.3563818181818182 0.12339317773788151 0.10571818181818182
0 0.8766157989228007 0.44714545454545457 0.1201346499102334 0.07663636363636363
0 0.7931597845601437 0.4432 0.04607719928186715 0.09753636363636364
0 0.7299012567324955 0.42656363636363637 0.0792818671454219 0.12949999999999998
0 0.7300718132854578 0.3264 0.07898563734290844 0.07188181818181817
0 0.22442549371633752 0.9285727272727272 0.3758258527827648 0.0861
0 0.5029892280071814 0.8896727272727273 0.17816876122082584 0.10028181818181818