0 0.8497854526425955 0.24640833333333334 0.24526425954997383 0.456425
0 0.793396127681842 0.5469583333333333 0.12068027210884354 0.13896666666666666
0 0.9162742019884877 0.5466 0.1233542647828362 0.13825
0 0.3655363683935112 0.2990083333333333 0.16285190999476712 0.3475583333333333
0 0.1551229722658294 0.3313 0.2446101517530089 0.41936666666666667
0 0.10513867085295656 0.65025 0.16483516483516483 0.20898333333333333
0 0.14540031397174255 0.8637166666666667 0.2541915227629513 0.20775833333333332
0 0.8624228152799581 0.7169083333333333 0.2517425431711146 0.18662499999999999
0 0.9490057561486133 0.8932500000000001 0.07588173731030873 0.16175833333333334
0 0.7764521193092622 0.8986750000000001 0.256399790685505 0.16411666666666666
0 0.5879016221873364 0.4860166666666667 0.2860858189429618 0.9296083333333333