0 0.34367659395973155 0.6559352731591449 0.025146812080536915 0.050359263657957246
0 0.34351510067114094 0.6142399049881235 0.025727768456375838 0.03433788598574822
0 0.3902789429530201 0.6711935866983373 0.021805788590604027 0.018720308788598573
0 0.3959375 0.6547119952494063 0.010593540268456375 0.013877672209026129
0 0.39025587248322147 0.6378355106888361 0.02191275167785235 0.020041567695961996
0 0.34622902684563756 0.7325742280285036 0.016684144295302013 0.03497327790973872
0 0.33048657718120805 0.7275593824228028 0.01470008389261745 0.025501781472684084
0 0.3147692953020134 0.720581947743468 0.01620176174496644 0.019688242280285036
0 0.3146895973154363 0.7420872921615201 0.01604236577181208 0.02356294536817102
0 0.34323615771812077 0.5800920427553444 0.02549706375838926 0.03370843230403801
0 0.34336828859060403 0.5462381235154394 0.025486577181208052 0.034293349168646084
0 0.2773573825503356 0.7398396674584323 0.0586744966442953 0.028488717339667458
0 0.12202600671140941 0.6865617577197151 0.04426174496644295 0.05471793349168646
0 0.31464555369127517 0.6733699524940617 0.015071308724832215 0.015026722090261282
0 0.2994567953020134 0.6698931116389548 0.014890939597315436 0.021808194774346795
0 0.3903628355704698 0.5623604513064133 0.022271392617449665 0.0698396674584323
0 0.37196937919463086 0.5631977434679335 0.014643456375838925 0.06783254156769597
0 0.7188632550335571 0.8679394299287411 0.06390729865771812 0.061089667458432306
0 0.6694022651006711 0.9270932304038004 0.007588087248322148 0.016318289786223277
0 0.7245532718120805 0.807063539192399 0.05238884228187919 0.061728028503562946
0 0.6600566275167785 0.8001573634204275 0.03919672818791946 0.019661520190023752
0 0.7101552013422818 0.6695665083135391 0.027789429530201342 0.0372209026128266
0 0.7099811241610738 0.632894893111639 0.027795721476510066 0.03783551068883611
0 0.6745134228187919 0.6333105700712588 0.02749790268456376 0.035760095011876485
0 0.6742596476510067 0.6601692399049881 0.02755243288590604 0.01777315914489311
0 0.6743980704697987 0.6780492874109264 0.02782927852348993 0.018744061757719716
0 0.7074727348993288 0.9152909738717339 0.04131921140939597 0.03351543942992874
0 0.6710486577181208 0.7108996437054632 0.030415268456375842 0.03270783847980997
0 0.6926006711409396 0.715145486935867 0.013064177852348993 0.015489904988123516
0 0.7082718120805369 0.7168497624703087 0.019423238255033556 0.029759501187648457
0 0.7019232382550336 0.6046407363420427 0.011078020134228189 0.01699228028503563
0 0.7161073825503356 0.6049228028503564 0.017541946308724833 0.01755938242280285
0 0.710547399328859 0.5874495249406175 0.028326342281879194 0.017597980997624704
0 0.7160738255033556 0.5699317102137768 0.017615352348993286 0.01754453681710214
0 0.7018414429530202 0.569664489311164 0.010914429530201343 0.01800475059382423
0 0.7010885067114094 0.545394893111639 0.009708473154362416 0.030866983372921614
0 0.6743456375838927 0.5556828978622328 0.02781879194630872 0.011635985748218527
0 0.6376195469798658 0.5729038004750594 0.012170721476510068 0.022826603325415674
0 0.6492994966442953 0.5727137767220903 0.011524748322147652 0.023340261282660334
0 0.6031229026845638 0.5873693586698338 0.01805998322147651 0.02780581947743468
0 0.5817009228187919 0.5866834916864608 0.02474203020134228 0.027612826603325414
0 0.6314681208053692 0.5554602137767221 0.040322986577181204 0.010409738717339669
0 0.6228880033557047 0.5406710213776722 0.057651006711409394 0.0410688836104513
0 0.5883095637583893 0.4962885985748218 0.011115771812080536 0.02364311163895487
0 0.5857781040268456 0.5053681710213777 0.017028104026845636 0.042437648456057006
0 0.5909668624161074 0.531187648456057 0.00545511744966443 0.010053444180522566
0 0.5747105704697986 0.5485956057007126 0.010568372483221476 0.02553147268408551
0 0.6468770973154362 0.48926365795724464 0.026862416107382554 0.03378859857482185
0 0.6178418624161074 0.4810599762470309 0.01549286912751678 0.049133016627078384
0 0.6041526845637584 0.46491983372921614 0.011877097315436243 0.025617577197149643
0 0.6525587248322148 0.463355106888361 0.015620805369127518 0.017589073634204276
0 0.6469043624161074 0.44414489311163896 0.026751258389261744 0.056968527315914494
0 0.6468015939597315 0.40693289786223275 0.02635276845637584 0.01861935866983373
0 0.6468729026845638 0.3889311163895487 0.02649748322147651 0.01815023752969121
0 0.6467533557046979 0.37085213776722087 0.026338087248322147 0.017966152019002375
0 0.6467596476510067 0.3530849168646081 0.02622692953020134 0.018073040380047506
0 0.6467302852348994 0.3348931116389549 0.02629194630872483 0.018209619952494063
0 0.6467344798657718 0.31714073634204276 0.026426174496644295 0.01799287410926366
0 0.6342596476510067 0.28210213776722093 0.017177013422818792 0.016644893111638956
0 0.6117051174496645 0.3889429928741093 0.02744546979865772 0.053690617577197154
0 0.5756124161073826 0.37709323040380044 0.030316694630872484 0.02970308788598575
0 0.5756208053691275 0.40407363420427556 0.030369127516778525 0.0240083135391924
0 0.5174727348993289 0.40529988123515437 0.04650796979865772 0.04772862232779097
0 0.5505851510067115 0.3870813539192399 0.019744127516778523 0.050335510688836106
0 0.5755851510067114 0.40391033254156766 0.029916107382550332 0.024082541567695962
0 0.5599874161073826 0.5930730403800475 0.0176258389261745 0.017363420427553445
0 0.6742701342281879 0.5399257719714965 0.027837667785234898 0.02067992874109264
0 0.767118288590604 0.5066864608076009 0.023089345637583893 0.0342458432304038
0 0.790138422818792 0.5804839667458432 0.02304739932885906 0.04698634204275534
0 0.674618288590604 0.5977197149643705 0.027348993288590605 0.03586401425178148
0 0.5721476510067114 0.4546941805225653 0.02313548657718121 0.04146080760095011
0 0.5876237416107383 0.4433877672209026 0.008110318791946309 0.018729216152019
0 0.507256711409396 0.23695665083135392 0.0705746644295302 0.1336163895486936
0 0.44851090604026844 0.23564429928741093 0.047776845637583894 0.13281175771971496
0 0.387864932885906 0.23649346793349169 0.07302642617449664 0.1339043942992874
0 0.6279005872483221 0.09498515439429929 0.021038171140939598 0.016490498812351543
0 0.6280432046979866 0.06982482185273159 0.02083263422818792 0.034308194774346795
0 0.6279362416107382 0.04508313539192399 0.02135486577181208 0.015769002375296912
0 0.5744526006711409 0.23883016627078385 0.017380453020134228 0.09507719714964372
0 0.4631921140939597 0.33936163895486937 0.20177223154362414 0.04455166270783848
0 0.6031124161073825 0.29523456057007125 0.011115771812080536 0.03015736342042755
0 0.6080222315436242 0.3174049881235154 0.020752936241610738 0.014391330166270783
0 0.6133032718120806 0.29023456057007124 0.009983221476510068 0.0397832541567696
0 0.6165750838926174 0.3505671021377672 0.018536073825503353 0.023752969121140142
0 0.5755935402684563 0.42476247030878855 0.030398489932885905 0.017731591448931116