0 0.29878355704697984 0.5843764845605701 0.014893036912751678 0.02927850356294537
0 0.28365562080536916 0.5840350356294537 0.014748322147651005 0.029367577197149643
0 0.26872692953020133 0.5842428741092637 0.014825922818791946 0.02952790973871734
0 0.2538234060402685 0.5842339667458433 0.01476719798657718 0.02950712589073634
0 0.2390520134228188 0.5842963182897862 0.014794463087248324 0.02988717339667458
0 0.22429530201342282 0.5842072446555819 0.014851090604026847 0.02996437054631829
0 0.20947986577181207 0.5841627078384798 0.014786073825503355 0.0296229216152019
0 0.1944463087248322 0.5836579572446556 0.01483221476510067 0.0283521377672209
0 0.1795113255033557 0.5842072446555819 0.014534395973154361 0.029198337292161522
0 0.1647021812080537 0.5842280285035629 0.014846895973154363 0.02949524940617577
0 0.14973154362416108 0.5841834916864608 0.014838506711409396 0.029403206650831355
0 0.12074664429530202 0.5834471496437055 0.04347315436241611 0.0283521377672209
0 0.23172189597315435 0.6195576009501188 0.06013842281879195 0.022930522565320667
0 0.6098196308724833 0.1806502375296912 0.02787332214765101 0.019925771971496437
0 0.6099349832214765 0.1993794536817102 0.027934144295302013 0.018295724465558195
0 0.6099203020134228 0.21742874109263657 0.02813758389261745 0.018001781472684088
0 0.6099056208053691 0.23526722090261282 0.028106124161073824 0.018286817102137767
0 0.6097881711409395 0.2532927553444181 0.027871224832214762 0.01826900237529691
0 0.6097671979865772 0.271291567695962 0.028154362416107383 0.018200712589073634
0 0.6098070469798658 0.2892755344418052 0.028234060402684565 0.018328384798099763
0 0.6098280201342282 0.32504453681710216 0.027950922818791947 0.018179928741092637
0 0.6097965604026846 0.3429602137767221 0.027728607382550337 0.01839667458432304
0 0.6097504194630873 0.3608610451306414 0.027797818791946306 0.01812648456057007
0 0.6099475671140939 0.3792814726840855 0.027869127516778523 0.01844418052256532
0 0.6452978187919464 0.3642874109263658 0.027613255033557046 0.02475653206650831
0 0.6453942953020134 0.34311163895486935 0.02764681208053691 0.01824524940617577
0 0.6452516778523489 0.3251425178147268 0.027841862416107383 0.01814726840855107
0 0.6453376677852348 0.30713182897862235 0.027535654362416107 0.018197743467933493
0 0.6454152684563759 0.28930522565320665 0.027850251677852347 0.0172416864608076
0 0.6453838087248323 0.27141330166270783 0.027787332214765103 0.01798396674584323
0 0.6454215604026845 0.2532749406175772 0.02753775167785235 0.01800475059382423
0 0.6452705536912752 0.2351959619952494 0.027560822147651005 0.01814726840855107
0 0.6454320469798658 0.21731591448931115 0.02788380872483221 0.018227434679334915
0 0.6455704697986577 0.19930522565320666 0.028158557046979865 0.018049287410926367
0 0.6455515939597315 0.1745457244655582 0.02731753355704698 0.03222387173396675
0 0.7055453020134228 0.3990736342042755 0.02171560402684564 0.0181146080760095
0 0.7052286073825503 0.4168349168646081 0.021491191275167784 0.018260095011876483
0 0.7053859060402685 0.43934085510688836 0.02160234899328859 0.02731294536817102
0 0.7054404362416107 0.46598277909738717 0.02150587248322148 0.027238717339667456
0 0.7054047818791946 0.49293052256532066 0.0214366610738255 0.02720308788598575
0 0.7054446308724832 0.5201692399049881 0.02131291946308725 0.027161520190023755
0 0.6762793624161074 0.552042755344418 0.021765939597315438 0.03697743467933492
0 0.6762772651006711 0.520187054631829 0.0213506711409396 0.02691211401425178
0 0.6762353187919463 0.4928919239904988 0.02167785234899329 0.026837885985748218
0 0.6760402684563759 0.43026128266033253 0.021698825503355702 0.02713479809976247
0 0.6760738255033557 0.4031828978622328 0.020945889261744968 0.027491092636579572
0 0.6831921140939597 0.6266834916864609 0.015897651006711408 0.026288598574821853
0 0.6953187919463087 0.6212292161520191 0.00867239932885906 0.015760095011876484
0 0.6919043624161074 0.6492814726840855 0.03322986577181208 0.01998515439429929
0 0.6917260906040269 0.6695397862232779 0.032873322147651006 0.01990795724465558
0 0.6920260067114093 0.6898663895486935 0.03364513422818792 0.020204869358669834
0 0.6919169463087248 0.7099881235154394 0.03342491610738255 0.019857482185273157
0 0.6919903523489933 0.730145486935867 0.03323196308724832 0.019818883610451307
0 0.6919085570469798 0.7505433491686461 0.03307046979865772 0.01977731591448931
0 0.6919903523489933 0.7705730403800475 0.03323196308724832 0.019967339667458433
0 0.6919463087248322 0.790855106888361 0.033143875838926175 0.020181116389548694
0 0.7318833892617449 0.6492458432304038 0.03385906040268456 0.020216745843230403
0 0.7317973993288591 0.6695249406175772 0.03387374161073825 0.020231591448931118
0 0.7316946308724832 0.6898456057007126 0.033521392617449665 0.020427553444180523
0 0.7317449664429531 0.7102523752969121 0.03362206375838926 0.019949524940617577
0 0.7317512583892617 0.7301187648456057 0.03363464765100671 0.0204958432304038
0 0.7317030201342283 0.7503325415676959 0.03383598993288591 0.020267220902612827
0 0.7316988255033556 0.7704216152019003 0.03382760067114094 0.019789192399049884
0 0.7315939597315436 0.790478028503563 0.034060402684563756 0.020501781472684083