0 0.10388571428571429 0.16262420382165604 0.09759999999999999 0.16903184713375796
0 0.10363571428571429 0.3093248407643312 0.0989142857142857 0.12263694267515923
0 0.24052857142857142 0.09624203821656051 0.10664285714285715 0.15532484076433123
0 0.25365714285714286 0.23761783439490447 0.06606428571428571 0.1253248407643312
0 0.3158142857142857 0.23461146496815286 0.060307142857142865 0.13214012738853503
0 0.37847142857142857 0.2343312101910828 0.06344999999999999 0.13286624203821656
0 0.4404571428571428 0.22396178343949044 0.06161428571428572 0.1510063694267516
0 0.5012214285714286 0.224 0.059550000000000006 0.15238216560509554
0 0.6108 0.16961783439490447 0.042435714285714285 0.10456050955414012
0 0.5603571428571429 0.2232484076433121 0.05887857142857143 0.15494267515923565
0 0.5437857142857142 0.4040254777070064 0.11747142857142857 0.08561783439490445
0 0.5442285714285714 0.4908407643312102 0.11657857142857143 0.08522292993630574
0 0.08075 0.44755414012738853 0.1457642857142857 0.21247133757961784
0 0.10399285714285715 0.5853757961783439 0.09862857142857144 0.12450955414012738
0 0.10375714285714285 0.7327643312101911 0.09780714285714286 0.17030573248407643
0 0.23973571428571427 0.7948789808917198 0.10582142857142858 0.1434140127388535
0 0.20759999999999998 0.6876942675159237 0.04107142857142857 0.06792356687898089
0 0.25698571428571426 0.6580382165605095 0.05903571428571429 0.12793630573248407
0 0.3165071428571429 0.6587388535031847 0.05897857142857142 0.12859872611464968
0 0.3782357142857143 0.6585732484076433 0.06417857142857142 0.12828025477707006
0 0.4407357142857143 0.6727006369426752 0.060828571428571426 0.15352866242038216
0 0.5016071428571428 0.6730955414012739 0.06093571428571429 0.15356687898089172
0 0.5610214285714286 0.6725095541401274 0.058992857142857145 0.15463694267515923
0 0.6140428571428571 0.6382165605095541 0.04676428571428572 0.08456050955414011
0 0.6317642857142858 0.7038853503184713 0.08178571428571428 0.09128662420382165
0 0.7186142857142856 0.6720127388535031 0.09220714285714286 0.15439490445859874
0 0.22505 0.40499363057324844 0.07804285714285715 0.08254777070063694
0 0.21148571428571428 0.49143949044585983 0.05020714285714286 0.08793630573248408
0 0.2941642857142857 0.44980891719745225 0.1152 0.17217834394904458