29 0.24450704225352113 0.20313725490196077 0.15830985915492957 0.20313725490196077 0.15830985915492957 0.3027450980392157 0.2428169014084507 0.3027450980392157 0.24450704225352113 0.2996078431372549
12 0.31661971830985913 0.20470588235294118 0.29126760563380283 0.20470588235294118 0.29126760563380283 0.2980392156862745 0.3132394366197183 0.2996078431372549 0.3183098591549296 0.29411764705882354 0.3183098591549296 0.20862745098039215
4 0.2552112676056338 0.36705882352941177 0.18422535211267604 0.36705882352941177 0.18422535211267604 0.49411764705882355 0.25464788732394367 0.49411764705882355
2 0.49126760563380284 0.6070588235294118 0.3515492957746479 0.6070588235294118 0.3515492957746479 0.8337254901960784 0.49126760563380284 0.8337254901960784
5 0.3515492957746479 0.516078431372549 0.11830985915492957 0.516078431372549 0.11830985915492957 0.6 0.3515492957746479 0.6
27 0.27154929577464787 0.6925490196078431 0.2084507042253521 0.6925490196078431 0.2084507042253521 0.8337254901960784 0.27154929577464787 0.832156862745098
27 0.3132394366197183 0.11215686274509803 0.21014084507042252 0.11215686274509803 0.21014084507042252 0.2 0.3132394366197183 0.2
0 0.49464788732394366 0.8431372549019608 0.3515492957746479 0.8431372549019608 0.3515492957746479 0.9231372549019607 0.49126760563380284 0.9231372549019607 0.49126760563380284 0.92 0.49295774647887325 0.9192156862745098 0.49295774647887325 0.88 0.49464788732394366 0.8792156862745099 0.49464788732394366 0.8596078431372549 0.49295774647887325 0.8564705882352941 0.49464788732394366 0.855686274509804
2 0.20112676056338027 0.6086274509803922 0.07154929577464789 0.6086274509803922 0.07154929577464789 0.8337254901960784 0.20112676056338027 0.8337254901960784 0.2028169014084507 0.8305882352941176 0.2028169014084507 0.6564705882352941 0.20112676056338027 0.6549019607843137 0.2 0.6266666666666667
27 0.3464788732394366 0.6901960784313725 0.28112676056338026 0.6901960784313725 0.28112676056338026 0.832156862745098 0.3464788732394366 0.832156862745098
2 0.4895774647887324 0.11058823529411765 0.31943661971830983 0.11058823529411765 0.31943661971830983 0.30117647058823527 0.4895774647887324 0.30117647058823527
3 0.28676056338028166 0.312156862745098 0.18253521126760563 0.312156862745098 0.18253521126760563 0.4772403776325345 0.18422535211267604 0.4792156862745098 0.18253521126760563 0.48122004357298476 0.18422535211267604 0.483921568627451 0.18253521126760563 0.48519970951343505 0.18253521126760563 0.5050980392156863 0.28676056338028166 0.5050980392156863
26 0.49126760563380284 0.5137254901960784 0.3414084507042254 0.5137254901960784 0.3414084507042254 0.6 0.49126760563380284 0.6
6 0.18704225352112677 0.2007843137254902 0.07323943661971831 0.2007843137254902 0.07154929577464789 0.5050980392156863 0.18816901408450704 0.5050980392156863 0.18816901408450704 0.48470588235294115 0.18591549295774648 0.4807843137254902 0.18422535211267604 0.4392156862745098 0.18253521126760563 0.4384313725490196 0.18422535211267604 0.4 0.1808450704225352 0.39137254901960783 0.1808450704225352 0.3749019607843137 0.18816901408450704 0.3631372549019608
0 0.20450704225352112 0.8447058823529412 0.07323943661971831 0.8447058823529412 0.07323943661971831 0.9247058823529412 0.20112676056338027 0.9247058823529412 0.20450704225352112 0.9160784313725491
14 0.5352112676056338 0.2 0.49633802816901407 0.2 0.49633802816901407 0.30117647058823527 0.5352112676056338 0.30117647058823527
7 0.44 0.30901960784313726 0.27943661971830985 0.30901960784313726 0.27943661971830985 0.5137254901960784 0.44 0.5137254901960784
21 0.07373802816901408 0.20836470588235292 0.21238028169014087 0.20836470588235292 0.21238028169014087 0.2437137254901961 0.07373802816901408 0.2437137254901961
24 0.1611267605633803 0.20705882352941177 0.21070422535211267 0.20705882352941177 0.21070422535211267 0.2447058823529412 0.1611267605633803 0.2447058823529412
24 0.2544028169014084 0.7278235294117648 0.27087042253521126 0.7278235294117648 0.27087042253521126 0.7564745098039216 0.2544028169014084 0.7564745098039216
24 0.2824 0.7312666666666666 0.2972169014084507 0.7312666666666666 0.2972169014084507 0.7599176470588235 0.2824 0.7599176470588235
1 0.3787267605633803 0.18338823529411763 0.44047323943661965 0.18338823529411763 0.44047323943661965 0.30258823529411766 0.3787267605633803 0.30258823529411766
1 0.07162816901408452 0.6819725490196078 0.15396056338028166 0.6819725490196078 0.15396056338028166 0.7702313725490195 0.07162816901408452 0.7702313725490195
1 0.411656338028169 0.6819803921568627 0.492343661971831 0.6819803921568627 0.492343661971831 0.7713843137254902 0.411656338028169 0.7713843137254902
12 0.3910732394366197 0.6074745098039216 0.49234084507042253 0.6074745098039216 0.49234084507042253 0.6407137254901961 0.3910732394366197 0.6407137254901961
12 0.20418028169014082 0.6086196078431372 0.27498591549295776 0.6086196078431372 0.27498591549295776 0.6418588235294118 0.20418028169014082 0.6418588235294118
12 0.24699436619718312 0.6051882352941177 0.2758112676056338 0.6051882352941177 0.2758112676056338 0.6819803921568628 0.24699436619718312 0.6819803921568628
12 0.4676450704225352 0.11118039215686275 0.4931661971830986 0.11118039215686275 0.4931661971830986 0.20516470588235292 0.4676450704225352 0.20516470588235292
15 0.22723098591549298 0.6991725490196079 0.24287605633802817 0.6991725490196079 0.24287605633802817 0.7278235294117648 0.22723098591549298 0.7278235294117648
15 0.30791830985915497 0.7003176470588236 0.32767605633802815 0.7003176470588236 0.32767605633802815 0.7266784313725491 0.30791830985915497 0.7266784313725491
15 0.2585211267605634 0.11690980392156863 0.2741661971830986 0.11690980392156863 0.2741661971830986 0.14785882352941174 0.2585211267605634 0.14785882352941174
24 0.2840394366197183 0.11461568627450983 0.3054478873239436 0.11461568627450983 0.3054478873239436 0.13639607843137255 0.2840394366197183 0.13639607843137255
16 0.24699154929577463 0.1547294117647059 0.2823943661971831 0.1547294117647059 0.2823943661971831 0.20058039215686274 0.24699154929577463 0.20058039215686274
16 0.32109295774647884 0.2498705882352941 0.35978591549295774 0.2498705882352941 0.35978591549295774 0.3106156862745098 0.32109295774647884 0.3106156862745098
16 0.16548450704225354 0.6017450980392157 0.2050056338028169 0.6017450980392157 0.2050056338028169 0.6613450980392157 0.16548450704225354 0.6613450980392157
16 0.2025323943661972 0.7289725490196078 0.24452112676056337 0.7289725490196078 0.24452112676056337 0.7782588235294118 0.2025323943661972 0.7782588235294118
16 0.30627323943661977 0.6040392156862745 0.3466169014084507 0.6040392156862745 0.3466169014084507 0.6556156862745097 0.30627323943661977 0.6556156862745097
12 0.2766338028169014 0.6143529411764707 0.3046281690140845 0.6143529411764707 0.3046281690140845 0.6796862745098039 0.2766338028169014 0.6796862745098039
16 0.3095633802816901 0.7335529411764705 0.3490845070422535 0.7335529411764705 0.3490845070422535 0.7805490196078432 0.3095633802816901 0.7805490196078432
16 0.11690704225352112 0.5364117647058824 0.16219154929577465 0.5364117647058824 0.16219154929577465 0.597156862745098 0.11690704225352112 0.597156862745098
16 0.43965070422535213 0.3369803921568627 0.4544676056338028 0.3369803921568627 0.4544676056338028 0.48598431372549017 0.43965070422535213 0.48598431372549017
16 0.3795492957746479 0.8275450980392156 0.46352676056338027 0.8275450980392156 0.46352676056338027 0.8470274509803922 0.3795492957746479 0.8470274509803922
16 0.09385915492957747 0.8286901960784313 0.17865915492957746 0.8286901960784313 0.17865915492957746 0.8458823529411764 0.09385915492957747 0.8458823529411764
8 0.31614929577464784 0.3805372549019607 0.3449661971830986 0.3805372549019607 0.3449661971830986 0.42523529411764704 0.31614929577464784 0.42523529411764704
8 0.3169774647887324 0.4298196078431372 0.34743943661971827 0.4298196078431372 0.34743943661971827 0.4756705882352941 0.3169774647887324 0.4756705882352941
8 0.35319999999999996 0.47796078431372546 0.4388225352112676 0.47796078431372546 0.4388225352112676 0.5134901960784313 0.35319999999999996 0.5134901960784313
8 0.4141267605633803 0.4366941176470588 0.44376619718309857 0.4366941176470588 0.44376619718309857 0.5123411764705883 0.4141267605633803 0.5123411764705883
28 0.36719718309859156 0.31290980392156864 0.4355295774647887 0.31290980392156864 0.4355295774647887 0.3335372549019608 0.36719718309859156 0.3335372549019608
0 0.4495295774647887 0.3094666666666667 0.5376253521126761 0.3094666666666667 0.5376253521126761 0.507756862745098 0.4495295774647887 0.507756862745098
0 0.49481408450704223 0.5100509803921568 0.5384478873239437 0.5100509803921568 0.5384478873239437 0.6006 0.49481408450704223 0.6006
18 0.25110985915492956 0.8424431372549019 0.29968450704225347 0.8424431372549019 0.29968450704225347 0.8699490196078433 0.25110985915492956 0.8699490196078433
12 0.12596901408450706 0.5123411764705882 0.16795774647887324 0.5123411764705882 0.16795774647887324 0.5375568627450981 0.12596901408450706 0.5375568627450981
21 0.0727549295774648 0.20946666666666666 0.0999774647887324 0.20946666666666666 0.0999774647887324 0.4595843137254902 0.0727549295774648 0.4595843137254902
19 0.07325352112676056 0.4609529411764706 0.10146197183098592 0.4609529411764706 0.10146197183098592 0.5043647058823529 0.07325352112676056 0.5043647058823529
32 0.21183098591549296 0.20809019607843138 0.24449577464788733 0.20809019607843138 0.24449577464788733 0.24736078431372552 0.21183098591549296 0.24736078431372552