6 0.36716852841185044 0.11481768813033359 0.13404565322972317 0.11481768813033359 0.13404565322972317 0.2660977501939488 0.13744536182612918 0.2684251357641583 0.20058280718795532 0.27152831652443754 0.20592520641087908 0.2754072924747867 0.36716852841185044 0.2754072924747867
29 0.20883924235065565 0.27928626842513576 0.13501699854298202 0.27928626842513576 0.13501699854298202 0.4065166795965865 0.20883924235065565 0.4065166795965865
0 0.3686255463817387 0.769588828549263 0.2122389509470617 0.769588828549263 0.2122389509470617 0.9069045771916214 0.3686255463817387 0.9069045771916214 0.3686255463817387 0.873545384018619 0.36716852841185044 0.8727695888285493 0.36716852841185044 0.8494957331264547 0.3686255463817387 0.8471683475562451
27 0.5949490043710539 0.4747866563227308 0.48081593006313744 0.4747866563227308 0.48081593006313744 0.5872769588828549 0.5915492957746479 0.5872769588828549 0.5949490043710539 0.5802948021722265
2 0.5930063137445362 0.5896043444530644 0.4482758620689655 0.5896043444530644 0.4482758620689655 0.8378588052754073 0.45361826129188926 0.8401861908456167 0.4560466245750364 0.8487199379363848 0.4647887323943662 0.8510473235065943 0.5905779504613891 0.8510473235065943 0.5930063137445362 0.8471683475562451
7 0.3686255463817387 0.4491854150504267 0.217095677513356 0.4491854150504267 0.217095677513356 0.7626066718386346 0.3686255463817387 0.7626066718386346
27 0.12918892666342885 0.3491078355314197 0.05876639145216124 0.3491078355314197 0.05876639145216124 0.5337470907680373 0.12918892666342885 0.5337470907680373
2 0.6702282661486159 0.11326609775019394 0.4492472073822244 0.11326609775019394 0.4492472073822244 0.33824670287044223 0.6702282661486159 0.33824670287044223
29 0.6682855755220981 0.3475562451512801 0.6007770762506071 0.3475562451512801 0.6007770762506071 0.41582622187742435 0.6682855755220981 0.41582622187742435
0 0.20592520641087908 0.8564778898370831 0.12918892666342885 0.8564778898370831 0.12918892666342885 0.9169899146625291 0.20592520641087908 0.9169899146625291
2 0.20689655172413793 0.5360744763382467 0.05779504613890238 0.5360744763382467 0.05779504613890238 0.8471683475562451 0.20252549781447304 0.8471683475562451 0.20446818844099077 0.8440651667959659 0.20689655172413793 0.8308766485647789
5 0.44147644487615345 0.20015515903801395 0.3788246721709568 0.20015515903801395 0.3788246721709568 0.6702870442203258 0.44147644487615345 0.6702870442203258
4 0.3652258377853327 0.3064391000775795 0.26177756192326374 0.3064391000775795 0.26177756192326374 0.4142746314972847 0.3652258377853327 0.4142746314972847
0 0.4434191355026712 0.8564778898370831 0.3695968916949976 0.8564778898370831 0.3695968916949976 0.9154383242823895 0.4434191355026712 0.9154383242823895
27 0.5964060223409422 0.3491078355314197 0.5021855269548324 0.3491078355314197 0.5021855269548324 0.4615981380915438 0.5964060223409422 0.4615981380915438
12 0.45167557066537156 0.11481768813033359 0.476930548810102 0.11481768813033359 0.476930548810102 0.26532195500387895 0.45167557066537156 0.26532195500387895
12 0.13210296260320545 0.417377812257564 0.19815444390480816 0.417377812257564 0.19815444390480816 0.46237393328161364 0.13210296260320545 0.46237393328161364
1 0.5789218067022827 0.16446858029480219 0.6692569208353569 0.16446858029480219 0.6692569208353569 0.28549262994569435 0.5789218067022827 0.28549262994569435
1 0.11656143759106362 0.6237393328161366 0.20689655172413793 0.6237393328161366 0.20689655172413793 0.730799069045772 0.11656143759106362 0.730799069045772
8 0.2642059252064109 0.5430566330488751 0.29917435648373 0.5430566330488751 0.29917435648373 0.591155934833204 0.2642059252064109 0.591155934833204
8 0.30208839242350655 0.5399534522885958 0.3380281690140845 0.5399534522885958 0.3380281690140845 0.5849495733126454 0.30208839242350655 0.5849495733126454
8 0.3312287518212725 0.5989138867339022 0.35842642059252067 0.5989138867339022 0.35842642059252067 0.7463149728471683 0.3312287518212725 0.7463149728471683
8 0.3030597377367654 0.7075252133436772 0.36036911121903836 0.7075252133436772 0.36036911121903836 0.7463149728471683 0.3030597377367654 0.7463149728471683
28 0.2185526954832443 0.6361520558572537 0.2311801845556095 0.6361520558572537 0.2311801845556095 0.747866563227308 0.2185526954832443 0.747866563227308
3 0.20689655172413793 0.2637703646237393 0.37979601748421565 0.2637703646237393 0.37979601748421565 0.45771916214119474 0.20689655172413793 0.45771916214119474
21 0.13210296260320545 0.11171450737005431 0.1622146673142302 0.11171450737005431 0.1622146673142302 0.27773467804499613 0.13210296260320545 0.27773467804499613
21 0.13404565322972317 0.11636927851047324 0.3331714424477902 0.11636927851047324 0.3331714424477902 0.1582622187742436 0.13404565322972317 0.1582622187742436
25 0.23312287518212724 0.11636927851047324 0.26711996114618747 0.11636927851047324 0.26711996114618747 0.1613653995345229 0.23312287518212724 0.1613653995345229
24 0.1389023797960175 0.2979053529868115 0.1593006313744536 0.2979053529868115 0.1593006313744536 0.3491078355314197 0.1389023797960175 0.3491078355314197
24 0.5624089363768819 0.4747866563227308 0.5905779504613891 0.4747866563227308 0.5905779504613891 0.5058184639255237 0.5624089363768819 0.5058184639255237
24 0.48081593006313744 0.4127230411171451 0.5002428363283147 0.4127230411171451 0.5002428363283147 0.45771916214119474 0.48081593006313744 0.45771916214119474
31 0.4419621175327829 0.3413498836307215 0.5041282175813502 0.3413498836307215 0.5041282175813502 0.46392552366175327 0.4419621175327829 0.46392552366175327
30 0.12821758135016997 0.41582622187742435 0.20689655172413793 0.41582622187742435 0.20689655172413793 0.5290923196276183 0.12821758135016997 0.5290923196276183
16 0.39339485186983975 0.20015515903801395 0.4429334628460418 0.20015515903801395 0.4429334628460418 0.2746314972847168 0.39339485186983975 0.2746314972847168
16 0.4448761534725595 0.27152831652443754 0.48567265662943176 0.27152831652443754 0.48567265662943176 0.33824670287044223 0.4448761534725595 0.33824670287044223
16 0.49927149101505586 0.34290147401086113 0.5420106847984458 0.34290147401086113 0.5420106847984458 0.4127230411171451 0.49927149101505586 0.4127230411171451
16 0.4390480815930063 0.5865011636927852 0.4905293831957261 0.5865011636927852 0.4905293831957261 0.6640806826997673 0.4390480815930063 0.6640806826997673
16 0.0825643516270034 0.4732350659425912 0.13016027197668772 0.4732350659425912 0.13016027197668772 0.547711404189294 0.0825643516270034 0.547711404189294
16 0.17095677513355997 0.46237393328161364 0.2185526954832443 0.46237393328161364 0.2185526954832443 0.5415050426687354 0.17095677513355997 0.5415050426687354
16 0.2321515298688684 0.7556245151280062 0.348712967459932 0.7556245151280062 0.348712967459932 0.7788983708301008 0.2321515298688684 0.7788983708301008
16 0.13113161728994657 0.839410395655547 0.2078678970373968 0.839410395655547 0.2078678970373968 0.8719937936384794 0.13113161728994657 0.8719937936384794
16 0.554638173870811 0.5290923196276183 0.597377367654201 0.5290923196276183 0.597377367654201 0.595810705973623 0.554638173870811 0.595810705973623
1 0.5012141816415736 0.660977501939488 0.5954346770276834 0.660977501939488 0.5954346770276834 0.7757951900698216 0.5012141816415736 0.7757951900698216
12 0.4565322972316659 0.8052754072924748 0.5206410879067509 0.8052754072924748 0.5206410879067509 0.8456167571761055 0.4565322972316659 0.8456167571761055
26 0.370082564351627 0.6749418153607447 0.4439048081593006 0.6749418153607447 0.4439048081593006 0.8471683475562451 0.370082564351627 0.8471683475562451
12 0.05925206410879068 0.8037238169123352 0.1359883438562409 0.8037238169123352 0.1359883438562409 0.8471683475562451 0.05925206410879068 0.8471683475562451
19 0.33425449247207384 0.1171799844840962 0.3656872268091307 0.1171799844840962 0.3656872268091307 0.16091155934833204 0.33425449247207384 0.16091155934833204
32 0.1346964545896066 0.3519588828549263 0.16263234579893152 0.3519588828549263 0.16263234579893152 0.4074204809930178 0.1346964545896066 0.4074204809930178