29 0.45069637883008357 0.7448979591836735 0.36991643454038997 0.7448979591836735 0.36991643454038997 0.8469387755102041 0.45069637883008357 0.8469387755102041
0 0.15710306406685237 0.4293563579277865 0.06963788300835655 0.4293563579277865 0.06963788300835655 0.7401883830455259 0.15710306406685237 0.7401883830455259
2 0.2913649025069638 0.7480376766091051 0.10863509749303621 0.7480376766091051 0.10863509749303621 0.9505494505494505 0.2913649025069638 0.9505494505494505
4 0.4724233983286908 0.5824175824175825 0.388857938718663 0.5824175824175825 0.388857938718663 0.6781789638932496 0.4724233983286908 0.6781789638932496
5 0.46350974930362115 0.43092621664050235 0.3008356545961003 0.43092621664050235 0.3008356545961003 0.5266875981161695 0.46350974930362115 0.5266875981161695
26 0.29637883008356547 0.4324960753532182 0.16211699164345403 0.4324960753532182 0.16211699164345403 0.5266875981161695 0.16657381615598885 0.5266875981161695 0.16991643454038996 0.5235478806907379 0.1894150417827298 0.5266875981161695 0.29637883008356547 0.5266875981161695
27 0.4077994428969359 0.8532182103610675 0.29637883008356547 0.8532182103610675 0.29637883008356547 0.9505494505494505 0.40501392757660165 0.9505494505494505 0.4077994428969359 0.945839874411303
6 0.5431754874651811 0.532967032967033 0.4568245125348189 0.532967032967033 0.4568245125348189 0.5714285714285714 0.46350974930362115 0.5729984301412873 0.4701949860724234 0.5816326530612245 0.47576601671309193 0.5926216640502355 0.47576601671309193 0.6043956043956044 0.4774373259052925 0.6051805337519623 0.4774373259052925 0.6169544740973313 0.47576601671309193 0.6177394034536892 0.47576601671309193 0.6609105180533752 0.4740947075208914 0.6616954474097331 0.4724233983286908 0.6703296703296703 0.46629526462395543 0.6797488226059655 0.4568245125348189 0.6828885400313972 0.4568245125348189 0.8469387755102041 0.5431754874651811 0.8469387755102041
7 0.3587743732590529 0.532967032967033 0.16211699164345403 0.532967032967033 0.16211699164345403 0.7354788069073783 0.3587743732590529 0.7354788069073783
2 0.26016713091922006 0.21271585557299844 0.10863509749303621 0.21271585557299844 0.10863509749303621 0.4262166405023548 0.26239554317548747 0.4262166405023548 0.26239554317548747 0.36577708006279436 0.26016713091922006 0.3649921507064364 0.26016713091922006 0.32339089481946626 0.26239554317548747 0.32103610675039246 0.26239554317548747 0.23390894819466249 0.26016713091922006 0.2315541601255887
14 0.10696378830083565 0.25274725274725274 0.06629526462395544 0.25274725274725274 0.06629526462395544 0.38461538461538464 0.10584958217270195 0.38461538461538464 0.10696378830083565 0.3814756671899529
2 0.4081002785515321 0.13095761381475668 0.5461504178272981 0.13095761381475668 0.5461504178272981 0.42310832025117734 0.4081002785515321 0.42310832025117734
1 0.45933704735376046 0.2286734693877551 0.5445626740947075 0.2286734693877551 0.5445626740947075 0.31961538461538463 0.45933704735376046 0.31961538461538463
1 0.13222562674094707 0.3001962323390895 0.20053203342618384 0.3001962323390895 0.20053203342618384 0.42380690737833593 0.13222562674094707 0.42380690737833593
1 0.18110584958217268 0.826420722135008 0.24690529247910864 0.826420722135008 0.24690529247910864 0.9509105180533752 0.18110584958217268 0.9509105180533752
12 0.11091643454038998 0.7540188383045526 0.1353565459610028 0.7540188383045526 0.1353565459610028 0.8493720565149135 0.11091643454038998 0.8493720565149135
12 0.2343676880222841 0.21543563579277863 0.26068523676880223 0.21543563579277863 0.26068523676880223 0.3602315541601256 0.2343676880222841 0.3602315541601256
12 0.45056545961002786 0.3787794348508634 0.5470724233983287 0.3787794348508634 0.5470724233983287 0.42468995290423855 0.45056545961002786 0.42468995290423855
12 0.33964902506963784 0.7487205651491365 0.3684735376044568 0.7487205651491365 0.3684735376044568 0.8467268445839875 0.33964902506963784 0.8467268445839875
17 0.29264902506963786 0.7460714285714286 0.37160724233983283 0.7460714285714286 0.37160724233983283 0.8467229199372056 0.29264902506963786 0.8467229199372056
27 0.2644484679665738 0.21190737833594975 0.3358857938718663 0.21190737833594975 0.3358857938718663 0.32933281004709575 0.2644484679665738 0.32933281004709575
27 0.33400557103064066 0.2110164835164835 0.40857938718662956 0.2110164835164835 0.40857938718662956 0.36199764521193095 0.33400557103064066 0.36199764521193095
31 0.261941504178273 0.33197802197802195 0.3352618384401115 0.33197802197802195 0.3352618384401115 0.4299843014128728 0.261941504178273 0.4299843014128728
16 0.40356824512534817 0.36729591836734693 0.4436740947075209 0.36729591836734693 0.4436740947075209 0.41939167974882263 0.40356824512534817 0.41939167974882263
16 0.3703509749303621 0.2648744113029827 0.4167242339832869 0.2648744113029827 0.4167242339832869 0.3116718995290424 0.3703509749303621 0.3116718995290424
16 0.26570194986072426 0.27017268445839876 0.3026768802228413 0.27017268445839876 0.3026768802228413 0.32756671899529044 0.26570194986072426 0.32756671899529044
16 0.2149442896935933 0.3602315541601256 0.26570194986072426 0.3602315541601256 0.26570194986072426 0.4273351648351648 0.2149442896935933 0.4273351648351648
16 0.15164902506963787 0.5571310832025117 0.1691977715877437 0.5571310832025117 0.1691977715877437 0.7089913657770801 0.15164902506963787 0.7089913657770801
16 0.28951253481894146 0.7372409733124019 0.33964623955431755 0.7372409733124019 0.33964623955431755 0.8008124018838305 0.28951253481894146 0.8008124018838305
16 0.290142061281337 0.8493759811616954 0.3377688022284122 0.8493759811616954 0.3377688022284122 0.9102943485086343 0.290142061281337 0.9102943485086343
16 0.10088857938718662 0.8511381475667189 0.11216991643454038 0.8511381475667189 0.11216991643454038 0.9491444270015699 0.10088857938718662 0.9491444270015699
16 0.41672423398328695 0.4343995290423862 0.4687353760445682 0.4343995290423862 0.4687353760445682 0.4988500784929356 0.41672423398328695 0.4988500784929356
24 0.3051810584958218 0.33285714285714285 0.3283676880222841 0.33285714285714285 0.3283676880222841 0.36111459968602827 0.3051810584958218 0.36111459968602827
24 0.3371420612813371 0.2657613814756672 0.36032869080779945 0.2657613814756672 0.36032869080779945 0.3019623233908948 0.3371420612813371 0.3019623233908948
24 0.30142061281337046 0.9226530612244899 0.32272423398328687 0.9226530612244899 0.32272423398328687 0.9509105180533752 0.30142061281337046 0.9509105180533752
15 0.3315013927576602 0.9120643642072214 0.3459136490250696 0.9120643642072214 0.3459136490250696 0.9447331240188382 0.3315013927576602 0.9447331240188382
15 0.30142061281337046 0.28341836734693876 0.32147632311977714 0.28341836734693876 0.32147632311977714 0.31873233908948195 0.30142061281337046 0.31873233908948195
15 0.3797548746518106 0.2224960753532182 0.3979275766016713 0.2224960753532182 0.3979275766016713 0.25163265306122445 0.3797548746518106 0.25163265306122445
8 0.27071866295264624 0.578320251177394 0.2995431754874652 0.578320251177394 0.2995431754874652 0.6189324960753532 0.27071866295264624 0.6189324960753532
8 0.2707158774373259 0.6259929356357928 0.3001699164345404 0.6259929356357928 0.3001699164345404 0.6710243328100471 0.2707158774373259 0.6710243328100471
8 0.17295821727019497 0.5421114599686028 0.1986518105849582 0.5421114599686028 0.1986518105849582 0.6145133437990581 0.17295821727019497 0.6145133437990581
8 0.17295543175487466 0.5385832025117739 0.2650724233983287 0.5385832025117739 0.2650724233983287 0.5738971742543171 0.17295543175487466 0.5738971742543171
28 0.19050139275766015 0.7151648351648352 0.2575543175487465 0.7151648351648352 0.2575543175487465 0.7328257456828885 0.19050139275766015 0.7328257456828885
21 0.518874651810585 0.5765502354788069 0.5426852367688022 0.5765502354788069 0.5426852367688022 0.8449568288854002 0.518874651810585 0.8449568288854002
21 0.40607520891364907 0.8122959183673469 0.5445654596100279 0.8122959183673469 0.5445654596100279 0.8440777080062792 0.40607520891364907 0.8440777080062792
25 0.5194958217270195 0.6471860282574569 0.5439359331476322 0.6471860282574569 0.5439359331476322 0.6789678178963893 0.5194958217270195 0.6789678178963893
24 0.40732311977715874 0.8140541601255887 0.45244289693593315 0.8140541601255887 0.45244289693593315 0.8449568288854002 0.40732311977715874 0.8449568288854002
3 0.3584484679665738 0.5315188383045527 0.4862869080779944 0.5315188383045527 0.4862869080779944 0.7337087912087912 0.3584484679665738 0.7337087912087912
0 0.03822841225626741 0.8317150706436421 0.1033983286908078 0.8317150706436421 0.1033983286908078 0.9570918367346939 0.03822841225626741 0.9570918367346939
32 0.3715013927576602 0.8104827315541602 0.4053899721448468 0.8104827315541602 0.4053899721448468 0.8464403453689168 0.3715013927576602 0.8464403453689168
19 0.5170891364902508 0.5352119309262167 0.5451169916434541 0.5352119309262167 0.5451169916434541 0.5770643642072213 0.5170891364902508 0.5770643642072213