27 0.3291139240506329 0.6801173881144534 0.1868354430379747 0.6801173881144534 0.1868354430379747 0.772560528246515 0.3291139240506329 0.772560528246515
27 0.5053164556962025 0.6823184152604549 0.39341772151898735 0.6823184152604549 0.39341772151898735 0.7718268525311812 0.5053164556962025 0.7718268525311812
4 0.2587341772151899 0.4343360234776229 0.1559493670886076 0.4343360234776229 0.1559493670886076 0.5223771093176816 0.2587341772151899 0.5223771093176816
2 0.4278481012658228 0.7820983125458547 0.26379746835443035 0.7820983125458547 0.26379746835443035 0.9779897285399853 0.4278481012658228 0.9779897285399853
0 0.17873417721518986 0.1636096845194424 0.08556962025316456 0.1636096845194424 0.08556962025316456 0.36683785766691124 0.17873417721518986 0.36683785766691124
7 0.47746835443037977 0.3763756419662509 0.32759493670886075 0.3763756419662509 0.32759493670886075 0.5722670579603815 0.47746835443037977 0.5722670579603815
0 0.5539240506329114 0.36830520909757886 0.4820253164556962 0.36830520909757886 0.4820253164556962 0.5707997065297139 0.5539240506329114 0.5707997065297139
29 0.27746835443037976 0.1636096845194424 0.18531645569620253 0.1636096845194424 0.18531645569620253 0.2589875275128393 0.27746835443037976 0.2589875275128393
2 0.5037974683544304 0.16581071166544387 0.3362174236783321 0.16581071166544387 0.3341772151898734 0.16874541452677916 0.3336783320923306 0.16581071166544387 0.3311392405063291 0.16581071166544387 0.3311392405063291 0.17388114453411593 0.33569620253164556 0.17388114453411593 0.33569620253164556 0.20869739211632093 0.3311392405063291 0.20542920029347028 0.3311392405063291 0.3690388848129127 0.3326582278481013 0.3646368305209098 0.3346835443037975 0.36537050623624356 0.33569620253164556 0.3690388848129127 0.5037974683544304 0.3690388848129127
26 0.49670886075949366 0.574468085106383 0.3341772151898734 0.574468085106383 0.3341772151898734 0.6705796038151137 0.49670886075949366 0.6705796038151137
3 0.32759493670886075 0.37710931768158473 0.10227848101265823 0.37710931768158473 0.10227848101265823 0.5722670579603815 0.32759493670886075 0.5722670579603815
5 0.18227848101265823 0.6045487894350697 0.330126582278481 0.6045487894350697 0.330126582278481 0.6661775495231108 0.18227848101265823 0.6661775495231108
0 0.4359367088607595 0.7814159941305943 0.508012658227848 0.7814159941305943 0.508012658227848 0.9764563462949377 0.4359367088607595 0.9764563462949377
6 0.1884405063291139 0.27053925165077036 0.32304303797468353 0.27053925165077036 0.32304303797468353 0.3712068965517242 0.1884405063291139 0.3712068965517242
0 0.3308607594936709 0.07801540719002201 0.4680658227848102 0.07801540719002201 0.4680658227848102 0.16232208363903156 0.3308607594936709 0.16232208363903156
1 0.404673417721519 0.24411592076302271 0.46893670886075955 0.24411592076302271 0.46893670886075955 0.36743213499633165 0.404673417721519 0.36743213499633165
1 0.329126582278481 0.8606933235509905 0.39078227848101266 0.8606933235509905 0.39078227848101266 0.9751980924431403 0.329126582278481 0.9751980924431403
12 0.33172911392405063 0.16987160674981655 0.35865063291139243 0.16987160674981655 0.35865063291139243 0.26550623624358033 0.33172911392405063 0.26550623624358033
12 0.26051898734177215 0.7801577402787968 0.2839670886075949 0.7801577402787968 0.2839670886075949 0.9777146001467352 0.26051898734177215 0.9777146001467352
8 0.38035949367088606 0.5259831254585474 0.4689367088607595 0.5259831254585474 0.4689367088607595 0.5687637564196625 0.38035949367088606 0.5687637564196625
8 0.44635696202531644 0.48822817314746875 0.47240759493670886 0.48822817314746875 0.47240759493670886 0.5637307410124724 0.44635696202531644 0.5637307410124724
16 0.18236455696202533 0.6065113719735877 0.2318632911392405 0.6065113719735877 0.2318632911392405 0.6757190022010271 0.18236455696202533 0.6757190022010271
16 0.29178481012658225 0.7260491562729274 0.329126582278481 0.7260491562729274 0.329126582278481 0.7801577402787968 0.29178481012658225 0.7801577402787968
16 0.3308632911392405 0.773870139398386 0.37515189873417726 0.773870139398386 0.37515189873417726 0.8317498165810712 0.3308632911392405 0.8317498165810712
16 0.38904556962025316 0.7247982391782832 0.4333341772151899 0.7247982391782832 0.4333341772151899 0.7851944240645635 0.38904556962025316 0.7851944240645635
16 0.4229113924050633 0.817905355832722 0.44375189873417725 0.817905355832722 0.44375189873417725 0.9387050623624359 0.4229113924050633 0.9387050623624359
16 0.4724126582278481 0.3963683052090976 0.49151645569620256 0.3963683052090976 0.49151645569620256 0.5448495964783566 0.4724126582278481 0.5448495964783566
16 0.33260000000000006 0.31709464416727806 0.3794911392405063 0.31709464416727806 0.3794911392405063 0.38881878209831255 0.33260000000000006 0.38881878209831255
16 0.09899746835443037 0.36239545121056493 0.18062784810126584 0.36239545121056493 0.18062784810126584 0.38001100513573005 0.09899746835443037 0.38001100513573005
16 0.3847012658227848 0.15225238444607483 0.4645949367088607 0.15225238444607483 0.4645949367088607 0.1736463683052091 0.3847012658227848 0.1736463683052091
21 0.244020253164557 0.34100146735143066 0.3247797468354431 0.34100146735143066 0.3247797468354431 0.36994497432135 0.244020253164557 0.36994497432135
21 0.3004658227848101 0.16735876742479822 0.32477974683544303 0.16735876742479822 0.32477974683544303 0.3724651504035216 0.3004658227848101 0.3724651504035216
21 0.2188379746835443 0.16609684519442405 0.32651898734177215 0.16609684519442405 0.32651898734177215 0.2025898752751284 0.2188379746835443 0.2025898752751284
24 0.2231772151898734 0.16861702127659572 0.2744126582278481 0.16861702127659572 0.2744126582278481 0.20259354365370505 0.2231772151898734 0.20259354365370505
24 0.2995974683544304 0.6807520176082171 0.32304556962025316 0.6807520176082171 0.32304556962025316 0.7096955245781364 0.2995974683544304 0.7096955245781364
24 0.4046759493670886 0.6782355099046221 0.427253164556962 0.6782355099046221 0.427253164556962 0.7071790168745414 0.4046759493670886 0.7071790168745414
19 0.1878607594936709 0.26750550256786504 0.21938987341772154 0.26750550256786504 0.21938987341772154 0.3028246515040352 0.1878607594936709 0.3028246515040352
32 0.1878632911392405 0.16719002201027144 0.22134177215189874 0.16719002201027144 0.22134177215189874 0.20534115920763021 0.1878632911392405 0.20534115920763021