4 0.24776652769505658 0.34555827220863894 0.1679571173317451 0.34555827220863894 0.1679571173317451 0.48247758761206194 0.24776652769505658 0.48247758761206194
29 0.22632519356759975 0.18744906275468623 0.14115544967242405 0.18744906275468623 0.14115544967242405 0.2917685411572942 0.22632519356759975 0.2917685411572942
3 0.29362715902322817 0.3018505510895595 0.15842763549731986 0.3018505510895595 0.15842763549731986 0.5121194997448162 0.29362715902322817 0.5121194997448162
14 0.5568790946992257 0.17603911980440098 0.5139964264443121 0.17603911980440098 0.5139964264443121 0.29013854930725347 0.5568790946992257 0.29013854930725347
27 0.3073257891602144 0.07823960880195599 0.18701608100059558 0.07823960880195599 0.18701608100059558 0.18255908720456399 0.23108993448481238 0.18255908720456399 0.24240619416319237 0.17929910350448247 0.26503871351995234 0.18255908720456399 0.3073257891602144 0.18255908720456399
2 0.509827278141751 0.07986960065199673 0.3085169743895176 0.07986960065199673 0.3085169743895176 0.2885085574572127 0.509827278141751 0.2885085574572127
27 0.2608695652173913 0.6748166259168704 0.18701608100059558 0.6748166259168704 0.18701608100059558 0.8361858190709046 0.2608695652173913 0.8361858190709046
2 0.1840381179273377 0.632436837815811 0.0357355568790947 0.632436837815811 0.0357355568790947 0.9405052974735126 0.1816557474687314 0.9405052974735126 0.1816557474687314 0.9356153219233904 0.1840381179273377 0.9339853300733496
14 0.23168552709946397 0.8443357783211084 0.18701608100059558 0.8443357783211084 0.18701608100059558 0.9421352893235534 0.23168552709946397 0.9421352893235534
2 0.5122096486003573 0.6308068459657702 0.34484812388326386 0.6308068459657702 0.34484812388326386 0.8345558272208639 0.5122096486003573 0.8345558272208639
27 0.33710541989279336 0.6275468622656887 0.26801667659321027 0.6275468622656887 0.26801667659321027 0.8329258353708231 0.33710541989279336 0.8329258353708231
0 0.5515187611673615 0.29502852485737574 0.45741512805241213 0.29502852485737574 0.45741512805241213 0.515077424612877 0.5515187611673615 0.515077424612877
5 0.3543776057176891 0.5281173594132029 0.08576533650982728 0.5281173594132029 0.08576533650982728 0.6193969030154849 0.3543776057176891 0.6193969030154849
26 0.509827278141751 0.5248573757131214 0.33948779035139964 0.5248573757131214 0.33948779035139964 0.6193969030154849 0.509827278141751 0.6193969030154849
1 0.38217093508040506 0.7131255093724531 0.45264740917212626 0.7131255093724531 0.45264740917212626 0.8299388753056234 0.38217093508040506 0.8299388753056234
1 0.03573853484216795 0.7497962510187449 0.13003871351995233 0.7497962510187449 0.13003871351995233 0.843520782396088 0.03573853484216795 0.843520782396088
1 0.3722483621203097 0.16299511002444989 0.44570279928528883 0.16299511002444989 0.44570279928528883 0.290680521597392 0.3722483621203097 0.290680521597392
12 0.4814383561643836 0.08014262428687856 0.5132013103037523 0.08014262428687856 0.5132013103037523 0.18745313773431133 0.4814383561643836 0.18745313773431133
12 0.23426742108397858 0.18744906275468623 0.25908576533650984 0.18744906275468623 0.25908576533650984 0.28117359413202936 0.23426742108397858 0.28117359413202936
12 0.22930315664085765 0.18745313773431133 0.3067301965455628 0.18745313773431133 0.3067301965455628 0.22684189079054604 0.22930315664085765 0.22684189079054604
12 0.03374925550923169 0.6302607986960066 0.13698332340678976 0.6302607986960066 0.13698332340678976 0.6710105949470253 0.03374925550923169 0.6710105949470253
12 0.47746873138773077 0.6275468622656887 0.5102263251935676 0.6275468622656887 0.5102263251935676 0.7334963325183375 0.47746873138773077 0.7334963325183375
6 0.036813579511614056 0.18880603096984513 0.14997617629541393 0.18880603096984513 0.14997617629541393 0.520240423797881 0.036813579511614056 0.520240423797881
25 0.03374925550923168 0.30969845150774244 0.06253424657534247 0.30969845150774244 0.06253424657534247 0.3504482477587612 0.03374925550923168 0.3504482477587612
25 0.1429422275163788 0.1860920945395273 0.19058963668850507 0.1860920945395273 0.19058963668850507 0.22548084759576204 0.1429422275163788 0.22548084759576204
21 0.03771888028588445 0.18880603096984513 0.06452054794520548 0.18880603096984513 0.06452054794520548 0.4509657701711492 0.03771888028588445 0.4509657701711492
21 0.037718880285884465 0.18881010594947023 0.19257296009529484 0.18881010594947023 0.19257296009529484 0.2254849225753871 0.037718880285884465 0.2254849225753871
16 0.2630553901131626 0.1317563162184189 0.307724836212031 0.1317563162184189 0.307724836212031 0.17794213528932357 0.2630553901131626 0.17794213528932357
16 0.2590798094103633 0.23499185004074982 0.3106998213222156 0.23499185004074982 0.3106998213222156 0.29747758761206194 0.2590798094103633 0.29747758761206194
16 0.4476861226920787 0.32056642216788916 0.46455926146515786 0.32056642216788916 0.46455926146515786 0.4822045639771801 0.4476861226920787 0.4822045639771801
16 0.3414740917212627 0.6234678076609617 0.3970607504466944 0.6234678076609617 0.3970607504466944 0.6859535452322739 0.3414740917212627 0.6859535452322739
16 0.29977963073257896 0.6248288508557458 0.3384931506849315 0.6248288508557458 0.3384931506849315 0.6886674816625917 0.29977963073257896 0.6886674816625917
16 0.1399642644431209 0.6248288508557458 0.1816557474687314 0.6248288508557458 0.1816557474687314 0.6927424612876936 0.1399642644431209 0.6927424612876936
16 0.08536926742108397 0.5487612061939691 0.13698927933293628 0.5487612061939691 0.13698927933293628 0.6261858190709046 0.08536926742108397 0.6261858190709046
16 0.1836420488385944 0.7307783211083945 0.23029481834425256 0.7307783211083945 0.23029481834425256 0.7932640586797066 0.1836420488385944 0.7932640586797066
8 0.3067301965455628 0.36946210268948654 0.33948779035139964 0.36946210268948654 0.33948779035139964 0.4224368378158109 0.3067301965455628 0.4224368378158109
8 0.30772185824895776 0.4278728606356968 0.3454407385348422 0.4278728606356968 0.3454407385348422 0.4767726161369193 0.30772185824895776 0.4767726161369193
7 0.28945801072066707 0.30148736756316213 0.4549255509231685 0.30148736756316213 0.4549255509231685 0.5252607986960065 0.28945801072066707 0.5252607986960065
8 0.3514026206075045 0.4672656886715566 0.4486807623585467 0.4672656886715566 0.4486807623585467 0.5134515077424613 0.3514026206075045 0.5134515077424613
8 0.41890113162596787 0.42651589242053795 0.4536420488385944 0.42651589242053795 0.4536420488385944 0.5148044009779951 0.41890113162596787 0.5148044009779951
28 0.3672811197141156 0.3056234718826406 0.4437135199523526 0.3056234718826406 0.4437135199523526 0.33007334963325186 0.3672811197141156 0.33007334963325186
15 0.21739130434782608 0.7932640586797065 0.23823704586063132 0.7932640586797065 0.23823704586063132 0.8272249388753056 0.21739130434782608 0.8272249388753056
15 0.27694758784991064 0.7389282803585981 0.3077218582489577 0.7389282803585981 0.3077218582489577 0.7688141809290954 0.27694758784991064 0.7688141809290954
24 0.26801667659321027 0.6370578647106764 0.29184038117927336 0.6370578647106764 0.29184038117927336 0.6737326813365933 0.26801667659321027 0.6737326813365933
24 0.24220964860035737 0.7402852485737572 0.2600774270399047 0.7402852485737572 0.2600774270399047 0.7769600651996741 0.24220964860035737 0.7769600651996741
24 0.27695056581298394 0.08421760391198045 0.30375223347230496 0.08421760391198045 0.30375223347230496 0.11138141809290952 0.27695056581298394 0.11138141809290952
15 0.24816557474687315 0.09236756316218417 0.2690113162596784 0.09236756316218417 0.2690113162596784 0.12225346373268134 0.24816557474687315 0.12225346373268134
12 0.09132221560452651 0.5215933170334148 0.14194758784991066 0.5215933170334148 0.14194758784991066 0.551479217603912 0.09132221560452651 0.551479217603912
12 0.19257593805836806 0.6275509372453137 0.26007444907683147 0.6275509372453137 0.26007444907683147 0.6710146699266503 0.19257593805836806 0.6710146699266503
9 0.4794520547945205 0.5257823960880196 0.5092316855270994 0.5257823960880196 0.5092316855270994 0.6140709046454768 0.4794520547945205 0.6140709046454768
19 0.03697438951756998 0.46410757946210274 0.06719475878499107 0.46410757946210274 0.06719475878499107 0.5114425427872861 0.03697438951756998 0.5114425427872861
32 0.19363907087552115 0.18825590872045642 0.22624181060154855 0.18825590872045642 0.22624181060154855 0.2285167074164629 0.19363907087552115 0.2285167074164629
7 0.4538773079213818 0.517477587612062 0.45419892793329364 0.517477587612062 0.45419892793329364 0.517876935615322 0.4538773079213818 0.517876935615322