27 0.4084928229665072 0.1739463601532567 0.2930622009569378 0.1739463601532567 0.2930622009569378 0.26436781609195403 0.4084928229665072 0.26436781609195403
0 0.5358851674641149 0.07279693486590039 0.4180622009569378 0.07279693486590039 0.4180622009569378 0.16934865900383142 0.5358851674641149 0.16934865900383142
0 0.14892344497607657 0.4681992337164751 0.05143540669856459 0.4681992337164751 0.05143540669856459 0.7655172413793103 0.14892344497607657 0.7639846743295019
29 0.4605263157894737 0.7655172413793103 0.375 0.7655172413793103 0.375 0.864367816091954 0.4605263157894737 0.864367816091954
5 0.4742822966507177 0.4681992337164751 0.28648325358851673 0.4681992337164751 0.28648325358851673 0.5578544061302682 0.4742822966507177 0.5578544061302682
2 0.2888755980861244 0.7724137931034483 0.09808612440191387 0.7724137931034483 0.09808612440191387 0.9616858237547893 0.2894736842105263 0.9616858237547893
26 0.2894736842105263 0.4681992337164751 0.15251196172248804 0.4681992337164751 0.15251196172248804 0.5578544061302682 0.2894736842105263 0.5578544061302682
4 0.4916267942583732 0.617624521072797 0.38995215311004783 0.617624521072797 0.38995215311004783 0.7095785440613027 0.4916267942583732 0.7095785440613027
27 0.2888755980861244 0.1724137931034483 0.17643540669856458 0.1724137931034483 0.17643540669856458 0.26666666666666666 0.2888755980861244 0.26666666666666666
0 0.09270334928229665 0.8505747126436781 0.02631578947368421 0.8505747126436781 0.02631578947368421 0.9670498084291188 0.09210526315789473 0.9655172413793104
27 0.41148325358851673 0.8689655172413793 0.29485645933014354 0.8689655172413793 0.29485645933014354 0.9616858237547893 0.4084928229665072 0.9616858237547893 0.41148325358851673 0.9578544061302682
2 0.5574162679425837 0.17624521072796934 0.4144736842105263 0.17624521072796934 0.4144736842105263 0.42528735632183906 0.416866028708134 0.42758620689655175 0.4144736842105263 0.4298850574712644 0.4144736842105263 0.43524904214559385 0.416866028708134 0.4367816091954023 0.4144736842105263 0.4421455938697318 0.4144736842105263 0.4559386973180077 0.5574162679425837 0.4559386973180077
7 0.3546650717703349 0.5655172413793104 0.1513157894736842 0.5655172413793104 0.1513157894736842 0.7616858237547893 0.3546650717703349 0.7616858237547893
2 0.2834928229665072 0.2704980842911877 0.09808612440191387 0.2704980842911877 0.09808612440191387 0.4582375478927203 0.2894736842105263 0.4582375478927203 0.2894736842105263 0.3632183908045977 0.28648325358851673 0.36015325670498083 0.28648325358851673 0.2827586206896552 0.28588516746411485 0.2743295019157088
6 0.5574162679425837 0.5670498084291188 0.46351674641148327 0.5670498084291188 0.46351674641148327 0.6053639846743295 0.4820574162679426 0.6045977011494252 0.48863636363636365 0.610727969348659 0.49282296650717705 0.6199233716475095 0.4916267942583732 0.6881226053639847 0.4868421052631579 0.7019157088122605 0.4820574162679426 0.7080459770114943 0.47547846889952156 0.7134099616858237 0.46351674641148327 0.714176245210728 0.46351674641148327 0.864367816091954 0.5574162679425837 0.864367816091954
0 0.09449760765550239 0.17164750957854405 0.17583732057416268 0.17164750957854405 0.17583732057416268 0.2681992337164751 0.09449760765550239 0.2681992337164751
1 0.468113038277512 0.255191570881226 0.5580352870813396 0.255191570881226 0.5580352870813396 0.34456321839080456 0.468113038277512 0.34456321839080456
1 0.13782595693779903 0.33594636015325674 0.210941985645933 0.33594636015325674 0.210941985645933 0.456544061302682 0.13782595693779903 0.456544061302682
1 0.17312500000000003 0.8463371647509579 0.2437171052631579 0.8463371647509579 0.2437171052631579 0.9637011494252873 0.17312500000000003 0.9637011494252873
12 0.09832834928229664 0.774191570881226 0.12522428229665072 0.774191570881226 0.12522428229665072 0.870022988505747 0.09832834928229664 0.870022988505747
12 0.3420514354066985 0.7677279693486591 0.3714653110047847 0.7677279693486591 0.3714653110047847 0.8689463601532568 0.3420514354066985 0.8689463601532568
12 0.41516447368421056 0.42209195402298844 0.5563546650717703 0.42209195402298844 0.5563546650717703 0.4630114942528736 0.41516447368421056 0.4630114942528736
12 0.33700358851674644 0.27457471264367816 0.36305622009569377 0.27457471264367816 0.36305622009569377 0.36717241379310345 0.33700358851674644 0.36717241379310345
12 0.28910287081339714 0.3294904214559387 0.36389952153110044 0.3294904214559387 0.36389952153110044 0.36502298850574716 0.28910287081339714 0.36502298850574716
30 0.2849013157894737 0.2702643678160919 0.3647398325358852 0.2702643678160919 0.3647398325358852 0.36394252873563215 0.2849013157894737 0.36394252873563215
16 0.2437200956937799 0.3930191570881227 0.29834928229665075 0.3930191570881227 0.29834928229665075 0.4597777777777778 0.2437200956937799 0.4597777777777778
16 0.2512828947368421 0.2175057471264368 0.29246112440191385 0.2175057471264368 0.29246112440191385 0.2734980842911877 0.2512828947368421 0.2734980842911877
16 0.3714653110047847 0.2196590038314176 0.41096291866028706 0.2196590038314176 0.41096291866028706 0.2713448275862069 0.3714653110047847 0.2713448275862069
16 0.4101226076555024 0.36395019157088127 0.454662081339713 0.36395019157088127 0.454662081339713 0.42101532567049815 0.4101226076555024 0.42101532567049815
16 0.4252511961722489 0.47270114942528735 0.47988038277511963 0.47270114942528735 0.47988038277511963 0.5373065134099616 0.4252511961722489 0.5373065134099616
16 0.29666866028708133 0.7655823754789272 0.34205143540669863 0.7655823754789272 0.34205143540669863 0.8226475095785439 0.29666866028708133 0.8226475095785439
16 0.2890998803827751 0.8689463601532567 0.33952452153110046 0.8689463601532567 0.33952452153110046 0.9249386973180077 0.2890998803827751 0.9249386973180077
16 0.08656100478468899 0.8657164750957854 0.1092523923444976 0.8657164750957854 0.1092523923444976 0.9647816091954025 0.08656100478468899 0.9647816091954025
16 0.14454844497607655 0.5814482758620689 0.15883672248803826 0.5814482758620689 0.15883672248803826 0.7268122605363985 0.14454844497607655 0.7268122605363985
3 0.35633672248803827 0.5642183908045978 0.5034120813397129 0.5642183908045978 0.5034120813397129 0.7612681992337165 0.35633672248803827 0.7612681992337165