12 0.3182291666666667 0.26778882938026016 0.2869791666666667 0.26778882938026016 0.2869791666666667 0.38255547054322875 0.3182291666666667 0.38102524866105586
29 0.23125 0.26778882938026016 0.1421875 0.26778882938026016 0.1421875 0.39173680183626625 0.23125 0.39020657995409336
26 0.4921875 0.6373374139250191 0.3625 0.6373374139250191 0.3625 0.7498087222647284 0.4921875 0.7498087222647284
6 0.1421875 0.2662586074980872 0.0359375 0.2662586074980872 0.0359375 0.5164498852333589 0.1421875 0.5164498852333589 0.1421875 0.3726090283091048 0.14010416666666667 0.3710788064269319 0.14010416666666667 0.342769701606733 0.13854166666666667 0.34200459066564654 0.1375 0.3274674827850038 0.1359375 0.32517214996174443 0.1359375 0.2861514919663351 0.1375 0.28538638102524866 0.1375 0.2769701606732976 0.1421875 0.2739097169089518
27 0.35572916666666665 0.6434583014537107 0.234375 0.6434583014537107 0.234375 0.7498087222647284 0.35572916666666665 0.7498087222647284
3 0.3421875 0.39938791124713086 0.1875 0.39938791124713086 0.1875 0.6266258607498087 0.3421875 0.6266258607498087
27 0.3125 0.14919663351185922 0.1921875 0.14919663351185922 0.1921875 0.26013771996939555 0.31197916666666664 0.26013771996939555
4 0.309375 0.4575363427697016 0.19635416666666666 0.4575363427697016 0.19635416666666666 0.566947207345065 0.309375 0.566947207345065
2 0.5244791666666667 0.1476664116296863 0.31979166666666664 0.1476664116296863 0.31979166666666664 0.3886763580719204 0.5244791666666667 0.3886763580719204
7 0.4901041666666667 0.3978576893649579 0.3421875 0.3978576893649579 0.3421875 0.6296863045141545 0.4901041666666667 0.6296863045141545
14 0.28125 0.7612853863810253 0.23854166666666668 0.7612853863810253 0.23854166666666668 0.8661055853098699 0.28125 0.8661055853098699
2 0.2296875 0.6434583014537107 0.043229166666666666 0.6434583014537107 0.043229166666666666 0.8676358071920428 0.23125 0.8676358071920428 0.23125 0.7345065034429993 0.2296875 0.7337413925019127 0.2296875 0.7077276205049732 0.22760416666666666 0.7054322876817138 0.2296875 0.7000765110941086
14 0.571875 0.2631981637337414 0.53125 0.2631981637337414 0.53125 0.3871461361897475 0.571875 0.3871461361897475
1 0.3925651041666667 0.2499846977811783 0.4676744791666667 0.2499846977811783 0.4676744791666667 0.3879035960214231 0.3925651041666667 0.3879035960214231
1 0.10268749999999999 0.7206426931905127 0.18190625 0.7206426931905127 0.18190625 0.8706350420811018 0.10268749999999999 0.8706350420811018
12 0.0316875 0.6465072685539404 0.06513541666666667 0.6465072685539404 0.06513541666666667 0.8680451415455241 0.0316875 0.8680451415455241
12 0.4899765625 0.14826702371843914 0.5245963541666667 0.14826702371843914 0.5245963541666667 0.2689479724560061 0.4899765625 0.2689479724560061
0 0.49994791666666666 0.39825172149961746 0.5686041666666667 0.39825172149961746 0.5686041666666667 0.7439211935730681 0.49994791666666666 0.7439211935730681
16 0.23236979166666666 0.6921996939556236 0.278140625 0.6921996939556236 0.278140625 0.7534009181331294 0.23236979166666666 0.7534009181331294
16 0.18659895833333331 0.6344414690130069 0.2341302083333333 0.6344414690130069 0.2341302083333333 0.7008148431522571 0.18659895833333331 0.7008148431522571
16 0.10973177083333333 0.5559946442234125 0.1689973958333333 0.5559946442234125 0.1689973958333333 0.6292693190512625 0.10973177083333333 0.6292693190512625
5 0.12029687499999998 0.4982440703902065 0.196578125 0.4982440703902065 0.196578125 0.6318553940321346 0.12029687499999998 0.6318553940321346
21 0.033445312500000005 0.26808722264728385 0.06396093750000001 0.26808722264728385 0.06396093750000001 0.4594567712318286 0.033445312500000005 0.4594567712318286
21 0.03520833333333333 0.26980489671002295 0.18660416666666665 0.26980489671002295 0.18660416666666665 0.3120466717674063 0.03520833333333333 0.3120466717674063
24 0.12851041666666668 0.26463657230298393 0.18132291666666667 0.26463657230298393 0.18132291666666667 0.3060137719969396 0.12851041666666668 0.3060137719969396
25 0.037554687499999996 0.3749770466717674 0.0627890625 0.3749770466717674 0.0627890625 0.41204667176740634 0.037554687499999996 0.41204667176740634
16 0.24176302083333334 0.20171384850803364 0.28518489583333334 0.20171384850803364 0.28518489583333334 0.2611935730680949 0.24176302083333334 0.2611935730680949
16 0.3221484375 0.3249770466717674 0.3685078125 0.3249770466717674 0.3685078125 0.39652257077276204 0.3221484375 0.39652257077276204
8 0.34973177083333334 0.4715225707727621 0.38376822916666664 0.4715225707727621 0.38376822916666664 0.528416220351951 0.34973177083333334 0.528416220351951
8 0.35031510416666667 0.53530986993114 0.38435156249999997 0.53530986993114 0.38435156249999997 0.5844452945677123 0.35031510416666667 0.5844452945677123
8 0.4084114583333333 0.5878921193573068 0.4882135416666667 0.5878921193573068 0.4882135416666667 0.6301338944146901 0.4084114583333333 0.6301338944146901
8 0.46180729166666673 0.538752869166029 0.48997395833333335 0.538752869166029 0.48997395833333335 0.6266794185156848 0.46180729166666673 0.6266794185156848
28 0.410171875 0.4034238714613619 0.48586979166666666 0.4034238714613619 0.48586979166666666 0.4232478959449121 0.410171875 0.4232478959449121
24 0.23941406249999997 0.6465072685539404 0.2681692708333333 0.6465072685539404 0.2681692708333333 0.6758186687069625 0.23941406249999997 0.6758186687069625
24 0.2910520833333334 0.2094682478959449 0.30865625 0.2094682478959449 0.30865625 0.24998087222647286 0.2910520833333334 0.24998087222647286
15 0.2558463541666666 0.16291889824024483 0.2816640625 0.16291889824024483 0.2816640625 0.20084544758990053 0.2558463541666666 0.20084544758990053
15 0.28400781249999996 0.654265493496557 0.30806510416666666 0.654265493496557 0.30806510416666666 0.6921920428462126 0.28400781249999996 0.6921920428462126
19 0.03589583333333333 0.4596710022953328 0.06502083333333333 0.4596710022953328 0.06502083333333333 0.5124024483550115 0.03589583333333333 0.5124024483550115
32 0.19167708333333333 0.2676434583014537 0.23028125 0.2676434583014537 0.23028125 0.3163963274674828 0.19167708333333333 0.3163963274674828