29 0.25752508361204013 0.2944078947368421 0.17112597547380157 0.2944078947368421 0.17112597547380157 0.4161184210526316 0.25752508361204013 0.4161184210526316
3 0.36231884057971014 0.42680921052631576 0.21181716833890746 0.42680921052631576 0.21181716833890746 0.6233552631578947 0.2140468227424749 0.625 0.2140468227424749 0.6282894736842105 0.21181716833890746 0.6299342105263158 0.21181716833890746 0.65625 0.36231884057971014 0.65625
12 0.3433667781493868 0.2935855263157895 0.3115942028985507 0.2935855263157895 0.3115942028985507 0.4087171052631579 0.3433667781493868 0.4087171052631579
26 0.5178372352285395 0.662828947368421 0.38684503901895206 0.662828947368421 0.38684503901895206 0.7796052631578947 0.5178372352285395 0.7796052631578947
7 0.5245261984392419 0.42598684210526316 0.36510590858416947 0.42598684210526316 0.36510590858416947 0.6587171052631579 0.5217391304347826 0.6587171052631579 0.5228539576365663 0.46875 0.5245261984392419 0.46710526315789475 0.5217391304347826 0.4317434210526316
27 0.3372352285395764 0.17598684210526316 0.21627647714604237 0.17598684210526316 0.21627647714604237 0.2870065789473684 0.3010033444816054 0.2870065789473684 0.30267558528428096 0.2845394736842105 0.3372352285395764 0.2845394736842105
14 0.6014492753623188 0.2902960526315789 0.5546265328874025 0.2902960526315789 0.5546265328874025 0.4128289473684211 0.6014492753623188 0.4128289473684211
4 0.33054626532887404 0.48519736842105265 0.22742474916387959 0.48519736842105265 0.22742474916387959 0.59375 0.33054626532887404 0.59375
2 0.5462653288740246 0.1768092105263158 0.34615384615384615 0.1768092105263158 0.34615384615384615 0.4152960526315789 0.5462653288740246 0.4152960526315789
6 0.16666666666666666 0.2911184210526316 0.06075808249721293 0.2911184210526316 0.06075808249721293 0.5476973684210527 0.1415830546265329 0.5476973684210527 0.14325529542920848 0.5444078947368421 0.16666666666666666 0.5411184210526315
27 0.38238573021181715 0.671875 0.2591973244147157 0.671875 0.2591973244147157 0.78125 0.38238573021181715 0.78125
14 0.3054626532887402 0.787828947368421 0.2591973244147157 0.787828947368421 0.2591973244147157 0.8988486842105263 0.3054626532887402 0.8988486842105263
5 0.2140468227424749 0.546875 0.13879598662207357 0.546875 0.13879598662207357 0.6595394736842105 0.2140468227424749 0.6595394736842105
2 0.2552954292084727 0.6726973684210527 0.06521739130434782 0.6726973684210527 0.06521739130434782 0.8947368421052632 0.2536231884057971 0.8947368421052632 0.2552954292084727 0.8898026315789473 0.2552954292084727 0.8725328947368421 0.25752508361204013 0.8708881578947368 0.25752508361204013 0.819078947368421 0.2552954292084727 0.8182565789473685 0.2552954292084727 0.7919407894736842 0.2536231884057971 0.790296052631579 0.2552954292084727 0.7828947368421053 0.25752508361204013 0.78125 0.25752508361204013 0.7598684210526315 0.2552954292084727 0.759046052631579 0.2552954292084727 0.7360197368421053 0.2536231884057971 0.734375 0.2536231884057971 0.712171052631579 0.2552954292084727 0.7113486842105263 0.2552954292084727 0.7047697368421053 0.2536231884057971 0.703125 0.2536231884057971 0.6792763157894737 0.2552954292084727 0.6776315789473685
0 0.5211817168338907 0.42488898026315786 0.5992196209587514 0.42488898026315786 0.5992196209587514 0.7839925986842106 0.5211817168338907 0.7839925986842106
21 0.06157469342251952 0.29389391447368424 0.0910005574136009 0.29389391447368424 0.0910005574136009 0.4909416118421053 0.06157469342251952 0.4909416118421053
21 0.06157469342251951 0.29322779605263155 0.15529264214046823 0.29322779605263155 0.15529264214046823 0.3386472039473684 0.06157469342251951 0.3386472039473684
19 0.06111761426978817 0.49161595394736846 0.09100055741360089 0.49161595394736846 0.09100055741360089 0.5437129934210526 0.06111761426978817 0.5437129934210526
32 0.217773132664437 0.2965707236842105 0.2544453734671126 0.2965707236842105 0.2544453734671126 0.3379851973684211 0.217773132664437 0.3379851973684211