4 0.5055746140651801 0.4743339831059129 0.4138078902229846 0.4743339831059129 0.4138078902229846 0.5614035087719298 0.5055746140651801 0.5614035087719298
2 0.30917667238421953 0.6426250812215725 0.1432246998284734 0.6426250812215725 0.1432246998284734 0.834307992202729 0.30231560891938253 0.834307992202729 0.30231560891938253 0.8310591293047433 0.30445969125214406 0.8291098115659519 0.30445969125214406 0.723196881091618 0.305746140651801 0.7212475633528265 0.307032590051458 0.7069525666016894 0.30917667238421953 0.705003248862898
2 0.2774442538593482 0.14489928525016244 0.14794168096054888 0.14489928525016244 0.14794168096054888 0.3398310591293047 0.2774442538593482 0.3398310591293047 0.2774442538593482 0.15594541910331383 0.27615780445969124 0.1539961013645224
26 0.2950257289879931 0.35152696556205326 0.18996569468267582 0.35152696556205326 0.18996569468267582 0.43859649122807015 0.2950257289879931 0.43859649122807015
2 0.524442538593482 0.0682261208576998 0.40866209262435677 0.0682261208576998 0.40866209262435677 0.3398310591293047 0.524442538593482 0.3398310591293047
14 0.1432246998284734 0.1806367771280052 0.11020583190394512 0.1806367771280052 0.11020583190394512 0.30864197530864196 0.14193825042881647 0.30864197530864196 0.14193825042881647 0.30409356725146197 0.1432246998284734 0.30214424951267055
0 0.18696397941680962 0.34632878492527613 0.11020583190394512 0.34632878492527613 0.11020583190394512 0.6374269005847953 0.18567753001715265 0.6374269005847953 0.18696397941680962 0.6354775828460039
27 0.27966337907375644 0.1409779077322937 0.34094554030874785 0.1409779077322937 0.34094554030874785 0.25071799870045486 0.27966337907375644 0.25071799870045486
27 0.3437328473413379 0.14435347628330084 0.40557246998284735 0.14435347628330084 0.40557246998284735 0.28532813515269656 0.3437328473413379 0.28532813515269656
27 0.3080746140651801 0.7403281351526966 0.4044554030874785 0.7403281351526966 0.4044554030874785 0.8340318388564003 0.3080746140651801 0.8340318388564003
6 0.40557032590051456 0.6061046133853152 0.5231174957118353 0.6061046133853152 0.5231174957118353 0.7377940220922679 0.40557032590051456 0.7377940220922679
29 0.4050128644939966 0.7411728395061729 0.5270197255574613 0.7411728395061729 0.5270197255574613 0.8348765432098766 0.4050128644939966 0.8348765432098766
21 0.4590523156089194 0.6018875893437298 0.5225600343053173 0.6018875893437298 0.5225600343053173 0.6331221572449642 0.4590523156089194 0.6331221572449642
21 0.5019489708404803 0.6018875893437298 0.524234562607204 0.6018875893437298 0.524234562607204 0.8298083170890189 0.5019489708404803 0.8298083170890189
21 0.4373263293310463 0.7960396361273554 0.5242345626072041 0.7960396361273554 0.5242345626072041 0.8306530214424951 0.4373263293310463 0.8306530214424951
25 0.5002787307032589 0.6702664067576348 0.5242324185248713 0.6702664067576348 0.5242324185248713 0.7065627030539312 0.5002787307032589 0.7065627030539312
24 0.4350964837049743 0.7951949317738792 0.46517795883361923 0.7951949317738792 0.46517795883361923 0.8298083170890189 0.4350964837049743 0.8298083170890189
24 0.3125364493996569 0.8027972709551656 0.33147727272727273 0.8027972709551656 0.33147727272727273 0.8298083170890189 0.3125364493996569 0.8298083170890189
24 0.3147620068610635 0.25662443144899283 0.3364901372212693 0.25662443144899283 0.3364901372212693 0.283635477582846 0.3147620068610635 0.283635477582846
24 0.3448477701543739 0.195 0.3637885934819897 0.195 0.3637885934819897 0.2296133853151397 0.3448477701543739 0.2296133853151397
15 0.3793867924528302 0.1544801819363223 0.3944296740994854 0.1544801819363223 0.3944296740994854 0.18402534113060431 0.3793867924528302 0.18402534113060431
15 0.31309391080617494 0.21273229369720598 0.3298048885077187 0.21273229369720598 0.3298048885077187 0.23889863547758283 0.31309391080617494 0.23889863547758283
16 0.28022512864494 0.195 0.31086406518010296 0.195 0.31086406518010296 0.2473391812865497 0.28022512864494 0.2473391812865497
16 0.3710270154373928 0.189090318388564 0.4072405660377359 0.189090318388564 0.4072405660377359 0.23298895386614688 0.3710270154373928 0.23298895386614688
16 0.40278516295025735 0.2887037037037037 0.4373263293310463 0.2887037037037037 0.4373263293310463 0.3385087719298246 0.40278516295025735 0.3385087719298246
16 0.41559605488850776 0.35285899935022746 0.4584948542024014 0.35285899935022746 0.4584948542024014 0.41025990903183884 0.41559605488850776 0.41025990903183884
16 0.2417838765008576 0.2844834307992203 0.2802229845626072 0.2844834307992203 0.2802229845626072 0.3401949317738791 0.2417838765008576 0.3401949317738791
16 0.28467838765008574 0.6331189083820663 0.3231174957118354 0.6331189083820663 0.3231174957118354 0.6930539311241065 0.28467838765008574 0.6930539311241065
16 0.3370475986277873 0.7344184535412606 0.3704738421955403 0.7344184535412606 0.3704738421955403 0.7909746588693957 0.3370475986277873 0.7909746588693957
16 0.1398327615780446 0.7411728395061729 0.15041595197255575 0.7411728395061729 0.15041595197255575 0.836565951916829 0.1398327615780446 0.836565951916829
16 0.18328902229845626 0.4600682261208577 0.1938722126929674 0.4600682261208577 0.1938722126929674 0.6094834307992203 0.18328902229845626 0.6094834307992203
16 0.1392753001715266 0.18909356725146198 0.14985849056603773 0.18909356725146198 0.14985849056603773 0.30221247563352827 0.1392753001715266 0.30221247563352827
12 0.3225600343053173 0.6415594541910331 0.40445540308747857 0.6415594541910331 0.40445540308747857 0.6778557504873295 0.3225600343053173 0.6778557504873295
12 0.3799442538593482 0.6449350227420403 0.40389794168096055 0.6449350227420403 0.40389794168096055 0.7352599090318389 0.3799442538593482 0.7352599090318389
12 0.44400943396226406 0.30727420402858996 0.5247898799313894 0.30727420402858996 0.5247898799313894 0.3393534762833008 0.44400943396226406 0.3393534762833008
12 0.2540394511149228 0.14519818063677714 0.2785506003430532 0.14519818063677714 0.2785506003430532 0.283638726445744 0.2540394511149228 0.283638726445744
12 0.1459584048027444 0.6457797270955165 0.16768653516295023 0.6457797270955165 0.16768653516295023 0.7403281351526965 0.1459584048027444 0.7403281351526965
0 0.08690823327615779 0.7268193632228719 0.14150514579759862 0.7268193632228719 0.14150514579759862 0.8357147498375568 0.08690823327615779 0.8357147498375568
15 0.3398349056603774 0.79182261208577 0.3571033447684391 0.79182261208577 0.3571033447684391 0.8213677712800519 0.3398349056603774 0.8213677712800519
1 0.20724485420240135 0.7175341130604289 0.2640673241852487 0.7175341130604289 0.2640673241852487 0.8281189083820664 0.20724485420240135 0.8281189083820664
1 0.44958190394511155 0.15785899935022743 0.5231196397941681 0.15785899935022743 0.5231196397941681 0.24480506822612086 0.44958190394511155 0.24480506822612086
1 0.16601843910806174 0.22792397660818717 0.2239558319039451 0.22792397660818717 0.2239558319039451 0.33766406757634826 0.16601843910806174 0.33766406757634826
8 0.20055531732418524 0.449093567251462 0.2222834476843911 0.449093567251462 0.2222834476843911 0.5225373619233268 0.20055531732418524 0.5225373619233268
8 0.20055746140651798 0.4499382716049383 0.2791080617495712 0.4499382716049383 0.2791080617495712 0.48370695256660173 0.20055746140651798 0.48370695256660173
8 0.28690823327615783 0.4820142949967512 0.3108619210977701 0.4820142949967512 0.3108619210977701 0.5267576348278102 0.28690823327615783 0.5267576348278102
8 0.2863507718696398 0.5301332033788174 0.3097469982847341 0.5301332033788174 0.3097469982847341 0.5757147498375569 0.2863507718696398 0.5757147498375569
21 0.4066852487135506 0.6778622482131255 0.431753859348199 0.6778622482131255 0.431753859348199 0.7369525666016895 0.4066852487135506 0.7369525666016895
28 0.21002572898799315 0.6120142949967511 0.26573756432247 0.6120142949967511 0.26573756432247 0.6339636127355426 0.21002572898799315 0.6339636127355426
31 0.28022084048027446 0.24818388564002603 0.3420604631217839 0.24818388564002603 0.3420604631217839 0.34357699805068226 0.28022084048027446 0.34357699805068226
5 0.3331453687821612 0.34779402209226773 0.46183747855917673 0.34779402209226773 0.46183747855917673 0.41954840805718 0.3331453687821612 0.41954840805718
3 0.3442860205831904 0.4347400909681612 0.5264601200686106 0.4347400909681612 0.5264601200686106 0.6044152046783625 0.3442860205831904 0.6044152046783625
7 0.1905295883361921 0.43305393112410656 0.353758576329331 0.43305393112410656 0.353758576329331 0.6331189083820662 0.1905295883361921 0.6331189083820662
18 0.37381432246998286 0.8399415204678363 0.43509648370497434 0.8399415204678363 0.43509648370497434 0.8610461338531514 0.37381432246998286 0.8610461338531514
19 0.4075064322469983 0.6380636777128005 0.4314129502572899 0.6380636777128005 0.4314129502572899 0.6775828460038986 0.4075064322469983 0.6775828460038986
32 0.4075064322469983 0.7986159844054582 0.4341316466552316 0.7986159844054582 0.4341316466552316 0.8315464587394412 0.4075064322469983 0.8315464587394412