7 0.518220539517274 0.3889776357827476 0.35873166114529104 0.3889776357827476 0.35873166114529104 0.6549520766773163 0.5163274964505442 0.6549520766773163 0.5163274964505442 0.4960063897763578 0.518220539517274 0.4928115015974441 0.518220539517274 0.46166134185303515 0.5163274964505442 0.45686900958466453 0.518220539517274 0.4536741214057508
26 0.5134879318504496 0.6597444089456869 0.38570752484619025 0.6597444089456869 0.38570752484619025 0.7907348242811502 0.5134879318504496 0.7907348242811502
12 0.34216753431140556 0.2452076677316294 0.3118788452437293 0.2452076677316294 0.3118788452437293 0.3738019169329074 0.34216753431140556 0.3738019169329074
6 0.16800757217226692 0.24121405750798722 0.06341694273544723 0.24121405750798722 0.06341694273544723 0.5303514376996805 0.16800757217226692 0.5303514376996805
27 0.33506862281116895 0.1110223642172524 0.21864647420728822 0.1110223642172524 0.21864647420728822 0.2364217252396166 0.33506862281116895 0.2364217252396166
3 0.34831992427827735 0.39217252396166136 0.17352894778356212 0.3913738019169329 0.17352894778356212 0.5271565495207667 0.17589525161697434 0.5537806176783813 0.21486038807382868 0.6261980830670927 0.216280170373876 0.6277955271565495 0.216280170373876 0.6365814696485623 0.21864647420728822 0.6389776357827476 0.21911973497397066 0.645367412140575 0.2276384287742546 0.652555910543131 0.2352106010411737 0.6533546325878594 0.2423095125414103 0.652555910543131 0.24514907714150497 0.6461661341853036 0.24751538097491718 0.6461661341853036 0.25934690014197825 0.6549520766773163 0.34831992427827735 0.6549520766773163
2 0.542830099384761 0.11501597444089456 0.3435873166114529 0.11501597444089456 0.3435873166114529 0.384185303514377 0.542830099384761 0.384185303514377
29 0.256980596308566 0.2452076677316294 0.16942735447231425 0.2452076677316294 0.16942735447231425 0.384185303514377 0.256980596308566 0.384185303514377
14 0.30430667297681024 0.8035143769968051 0.2636062470421202 0.8035143769968051 0.2636062470421202 0.9241214057507987 0.30430667297681024 0.9241214057507987
2 0.25634958195298935 0.6717252396166133 0.0662565073355419 0.6722577209797657 0.06546773939107116 0.9238551650692226 0.2601356680864489 0.9281150159744409 0.2601356680864489 0.8210862619808307 0.2577693642530367 0.8186900958466453 0.2577693642530367 0.8003194888178913 0.2601356680864489 0.7971246006389775 0.2601356680864489 0.7388178913738018 0.2577693642530367 0.735623003194888 0.2577693642530367 0.6924920127795526 0.25634958195298935 0.6900958466453673
14 0.5934690014197823 0.24121405750798722 0.5527685754850923 0.24121405750798722 0.5527685754850923 0.3777955271565495 0.5934690014197823 0.3777955271565495
27 0.3795551348793185 0.6701277955271565 0.26218646474207286 0.6701277955271565 0.26218646474207286 0.7899361022364217 0.3795551348793185 0.7899361022364217
4 0.330809275911027 0.45926517571884984 0.22905821107430194 0.45926517571884984 0.22905821107430194 0.5862619808306709 0.330809275911027 0.5862619808306709
1 0.4133151916706105 0.2209784345047923 0.48982725982016084 0.2209784345047923 0.48982725982016084 0.3833825878594249 0.4133151916706105 0.3833825878594249
1 0.1317226691907241 0.7587899361022366 0.2050780880265026 0.7587899361022366 0.2050780880265026 0.9251876996805112 0.1317226691907241 0.9251876996805112
12 0.5174325603407478 0.11448083067092653 0.5442522479886418 0.11448083067092653 0.5442522479886418 0.2502635782747604 0.5174325603407478 0.2502635782747604
12 0.06231187884524372 0.6735902555910542 0.09149787032654993 0.6735902555910542 0.09149787032654993 0.9265215654952076 0.06231187884524372 0.9265215654952076
5 0.14118788452437292 0.5577755591054312 0.24767155702792235 0.5577755591054312 0.24767155702792235 0.6549560702875399 0.14118788452437292 0.6549560702875399
16 0.1396119261713204 0.5657627795527156 0.19876952200662565 0.5657627795527156 0.19876952200662565 0.6589496805111821 0.1396119261713204 0.6589496805111821
16 0.346268338854709 0.30484824281150164 0.3975366777094179 0.30484824281150164 0.3975366777094179 0.3887140575079872 0.346268338854709 0.3887140575079872
16 0.2587150970184572 0.1610782747603834 0.3099834358731661 0.1610782747603834 0.3099834358731661 0.23695686900958463 0.2587150970184572 0.23695686900958463
16 0.20902271651680077 0.6629432907348243 0.25713913866540467 0.6629432907348243 0.25713913866540467 0.7454752396166133 0.20902271651680077 0.7454752396166133
16 0.25792948414576433 0.7228434504792333 0.30683151916706103 0.7228434504792333 0.30683151916706103 0.7987220447284346 0.25792948414576433 0.7987220447284346
0 0.5205892096545197 0.3873761980830671 0.5931542830099384 0.3873761980830671 0.5931542830099384 0.792064696485623 0.5205892096545197 0.792064696485623
8 0.376239943208708 0.48323083067092654 0.40542593469001426 0.48323083067092654 0.40542593469001426 0.5378075079872204 0.376239943208708 0.5378075079872204
8 0.37466398485565544 0.541797124600639 0.4109488878371983 0.541797124600639 0.4109488878371983 0.6056948881789138 0.37466398485565544 0.6056948881789138
8 0.4346119261713204 0.603035143769968 0.5134902981542829 0.603035143769968 0.5134902981542829 0.6549520766773163 0.4346119261713204 0.6549520766773163
8 0.48745622337908184 0.5511222044728434 0.5142759110269759 0.5511222044728434 0.5142759110269759 0.6576158146964856 0.48745622337908184 0.6576158146964856
28 0.4377685754850923 0.39936501597444085 0.507967345007099 0.39936501597444085 0.507967345007099 0.4219928115015974 0.4377685754850923 0.4219928115015974
24 0.15302176999526737 0.24627396166134188 0.20902271651680077 0.24627396166134188 0.20902271651680077 0.2915375399361022 0.15302176999526737 0.2915375399361022
21 0.06467818267865594 0.24361022364217252 0.09386417415996215 0.24361022364217252 0.09386417415996215 0.4672523961661342 0.06467818267865594 0.4672523961661342
21 0.06468054898248936 0.24094648562300316 0.2137576904874586 0.24094648562300316 0.2137576904874586 0.29152955271565495 0.06468054898248936 0.29152955271565495
25 0.06388783719829626 0.3607547923322683 0.09070752484619025 0.3607547923322683 0.09070752484619025 0.4113378594249201 0.06388783719829626 0.4113378594249201
15 0.2792238523426408 0.12247204472843448 0.3028868906767629 0.12247204472843448 0.3028868906767629 0.16374201277955272 0.2792238523426408 0.16374201277955272
24 0.3162943681968765 0.18503993610223643 0.33522479886417417 0.18503993610223643 0.33522479886417417 0.22497603833865815 0.3162943681968765 0.22497603833865815
24 0.26818031235210604 0.6722563897763579 0.2910530052058684 0.6722563897763579 0.2910530052058684 0.7028714057507988 0.26818031235210604 0.7028714057507988
15 0.308409843823947 0.6842372204472844 0.33207288215806907 0.6842372204472844 0.33207288215806907 0.7268330670926517 0.308409843823947 0.7268330670926517
19 0.06401088499763369 0.4690854632587859 0.09601751064836725 0.4690854632587859 0.09601751064836725 0.5273682108626198 0.06401088499763369 0.5273682108626198
32 0.21561760530052057 0.24733626198083064 0.25772834831992425 0.24733626198083064 0.25772834831992425 0.29993210862619807 0.21561760530052057 0.29993210862619807