4 0.1718562874251497 0.42777777777777776 0.07245508982035928 0.42777777777777776 0.07245508982035928 0.5253968253968254 0.1718562874251497 0.5253968253968254
29 0.21916167664670658 0.14047619047619048 0.15209580838323353 0.14047619047619048 0.15209580838323353 0.2912698412698413 0.21916167664670658 0.2912698412698413
6 0.1473053892215569 0.14047619047619048 0.041916167664670656 0.14047619047619048 0.041916167664670656 0.3468253968253968 0.1473053892215569 0.3468253968253968
14 0.23353293413173654 0.8738095238095238 0.19041916167664671 0.8738095238095238 0.19041916167664671 0.9626984126984127 0.23353293413173654 0.9626984126984127
27 0.34191616766467064 0.14047619047619048 0.22634730538922157 0.14047619047619048 0.22634730538922157 0.2365079365079365 0.34191616766467064 0.2365079365079365
7 0.45149700598802395 0.353968253968254 0.24910179640718563 0.353968253968254 0.24910179640718563 0.5611111111111111 0.45149700598802395 0.5611111111111111
30 0.34311377245508984 0.24523809523809523 0.22634730538922157 0.24523809523809523 0.22634730538922157 0.3412698412698413 0.34311377245508984 0.3412698412698413
5 0.34191616766467064 0.5626984126984127 0.09041916167664671 0.5626984126984127 0.09041916167664671 0.6603174603174603 0.34191616766467064 0.6603174603174603
0 0.5520958083832336 0.3476190476190476 0.4538922155688623 0.3476190476190476 0.4538922155688623 0.557936507936508 0.5520958083832336 0.557936507936508
2 0.5107784431137724 0.14126984126984127 0.3467065868263473 0.14126984126984127 0.3467065868263473 0.34285714285714286 0.5107784431137724 0.34285714285714286
3 0.2155688622754491 0.35793650793650794 0.041916167664670656 0.35793650793650794 0.041916167664670656 0.5603174603174603 0.2155688622754491 0.5603174603174603
26 0.5107784431137724 0.5626984126984127 0.34191616766467064 0.5626984126984127 0.34191616766467064 0.6611111111111111 0.5107784431137724 0.6611111111111111
1 0.3912155688622755 0.2248690476190476 0.4630718562874252 0.2248690476190476 0.4630718562874252 0.3386230158730159 0.3912155688622755 0.3386230158730159
21 0.041916167664670656 0.1455026455026455 0.039920159680638716 0.3452380952380953 0.09281437125748494 0.3518518518518518 0.10279441117764472 0.3373015873015873 0.10179640718562871 0.3174603174603175 0.08682634730538925 0.3121693121693122 0.06886227544910183 0.31084656084656087 0.07185628742514974 0.18121693121693125 0.22155688622754485 0.1851851851851852 0.22355289421157684 0.14417989417989424
12 0.22754491017964065 0.24735449735449733 0.2265469061876247 0.3412698412698413 0.2564870259481037 0.3439153439153438 0.25948103792415167 0.2791005291005292 0.344311377245509 0.2843915343915345 0.34231536926147693 0.23412698412698413
12 0.48003892215568866 0.67725 0.5089790419161677 0.67725 0.5089790419161677 0.7711626984126984 0.48003892215568866 0.7711626984126984
12 0.036925149700598806 0.6732777777777779 0.13972155688622753 0.6732777777777779 0.13972155688622753 0.7129603174603175 0.036925149700598806 0.7129603174603175
2 0.03592814371257485 0.6679880952380952 0.19161676646706588 0.6679880952380952 0.19161676646706588 0.9629642857142857 0.03592814371257485 0.9629642857142857
2 0.34431437125748504 0.6613769841269841 0.5139730538922155 0.6613769841269841 0.5139730538922155 0.8690515873015872 0.34431437125748504 0.8690515873015872
1 0.38223353293413176 0.7407420634920635 0.45408982035928147 0.7407420634920635 0.45408982035928147 0.8624325396825396 0.38223353293413176 0.8624325396825396
1 0.03891916167664672 0.7843888888888888 0.12973952095808383 0.7843888888888888 0.12973952095808383 0.879626984126984 0.03891916167664672 0.879626984126984
27 0.19061676646706585 0.6904722222222223 0.26546706586826346 0.6904722222222223 0.26546706586826346 0.8664007936507936 0.19061676646706585 0.8664007936507936
27 0.2694640718562874 0.6878333333333333 0.34331437125748504 0.6878333333333333 0.34331437125748504 0.870373015873016 0.2694640718562874 0.870373015873016
16 0.3003982035928144 0.6865119047619047 0.34032035928143717 0.6865119047619047 0.34032035928143717 0.7447103174603174 0.3003982035928144 0.7447103174603174
16 0.18363473053892215 0.7592619047619047 0.23453293413173654 0.7592619047619047 0.23453293413173654 0.8227539682539683 0.18363473053892215 0.8227539682539683
16 0.14072155688622756 0.653436507936508 0.18762574850299404 0.653436507936508 0.18762574850299404 0.7248650793650794 0.14072155688622756 0.7248650793650794
16 0.08882335329341316 0.5965595238095238 0.14670958083832336 0.5965595238095238 0.14670958083832336 0.6626944444444445 0.08882335329341316 0.6626944444444445
16 0.3902215568862275 0.12830555555555556 0.4620778443113772 0.12830555555555556 0.4620778443113772 0.14947222222222223 0.3902215568862275 0.14947222222222223
16 0.2614760479041916 0.2923293650793651 0.3053862275449102 0.2923293650793651 0.3053862275449102 0.35052777777777777 0.2614760479041916 0.35052777777777777
16 0.4471077844311377 0.37830555555555556 0.46507185628742514 0.37830555555555556 0.46507185628742514 0.5317420634920635 0.4471077844311377 0.5317420634920635
16 0.34730239520958084 0.6547579365079366 0.39021856287425155 0.6547579365079366 0.39021856287425155 0.7195753968253968 0.34730239520958084 0.7195753968253968
8 0.30439221556886226 0.42328174603174606 0.3393203592814371 0.42328174603174606 0.3393203592814371 0.46560714285714283 0.30439221556886226 0.46560714285714283
8 0.30439221556886226 0.473547619047619 0.33832634730538924 0.473547619047619 0.33832634730538924 0.5211666666666667 0.30439221556886226 0.5211666666666667
8 0.34830538922155685 0.5145515873015873 0.4441137724550898 0.5145515873015873 0.4441137724550898 0.556876984126984 0.34830538922155685 0.556876984126984
8 0.41716766467065863 0.48016269841269843 0.4441137724550898 0.48016269841269843 0.4441137724550898 0.5502658730158729 0.41716766467065863 0.5502658730158729
28 0.34830538922155685 0.35714285714285715 0.42016167664670656 0.35714285714285715 0.42016167664670656 0.38492063492063494 0.34830538922155685 0.38492063492063494
15 0.2824341317365269 0.7671944444444444 0.2993982035928144 0.7671944444444444 0.2993982035928144 0.7923293650793651 0.2824341317365269 0.7923293650793651
15 0.21955988023952097 0.829361111111111 0.23852395209580837 0.829361111111111 0.23852395209580837 0.8584642857142857 0.21955988023952097 0.8584642857142857
15 0.28542814371257486 0.14947222222222223 0.3053862275449102 0.14947222222222223 0.3053862275449102 0.18782936507936507 0.28542814371257486 0.18782936507936507
16 0.3073832335329342 0.18783333333333335 0.35528742514970063 0.18783333333333335 0.35528742514970063 0.24735714285714286 0.3073832335329342 0.24735714285714286
24 0.31237425149700604 0.13888492063492064 0.3383203592814371 0.13888492063492064 0.3383203592814371 0.17195634920634922 0.31237425149700604 0.17195634920634922
24 0.26746407185628746 0.7023809523809523 0.29241616766467066 0.7023809523809523 0.29241616766467066 0.7341269841269841 0.26746407185628746 0.7341269841269841
24 0.24151796407185627 0.7658769841269841 0.2644700598802395 0.7658769841269841 0.2644700598802395 0.8042341269841269 0.24151796407185627 0.8042341269841269
19 0.15526047904191617 0.3031031746031746 0.18939820359281437 0.3031031746031746 0.18939820359281437 0.34215079365079365 0.15526047904191617 0.34215079365079365
32 0.15526646706586825 0.2485515873015873 0.2183982035928144 0.2485515873015873 0.2183982035928144 0.290702380952381 0.15526646706586825 0.290702380952381