0 0.15380464112250405 0.8052721088435374 0.07555315704263357 0.8052721088435374 0.07555315704263357 0.8996598639455783 0.14516999460334593 0.9005102040816326 0.1521856449001619 0.8971088435374149 0.15380464112250405 0.8937074829931972
6 0.34916351861845657 0.16156462585034015 0.14678899082568808 0.16156462585034015 0.14678899082568808 0.2976190476190476 0.20615218564490015 0.2967687074829932 0.21370750134916353 0.30017006802721086 0.34916351861845657 0.30017006802721086
2 0.21460341153047752 0.5311199401191032 0.07555315704263357 0.5280612244897959 0.07555315704263357 0.7967687074829932 0.08094981111710739 0.8001700680272109 0.20399352401511064 0.8001700680272109 0.21516520056589758 0.8037615093802426
4 0.3432271991365353 0.32482993197278914 0.2525634106853751 0.32482993197278914 0.2525634106853751 0.4226190476190476 0.3432271991365353 0.4226190476190476
7 0.354020507285483 0.46343537414965985 0.21964382083108472 0.46343537414965985 0.21964382083108472 0.7270408163265306 0.3524015110631408 0.7253401360544217 0.354020507285483 0.7210884353741497
2 0.6071235833783054 0.1598639455782313 0.4247166756610901 0.1598639455782313 0.4247166756610901 0.35799319727891155 0.6071235833783054 0.35799319727891155
27 0.5526173772261198 0.4744897959183674 0.452779276848354 0.4744897959183674 0.452779276848354 0.5714285714285714 0.5526173772261198 0.5714285714285714
0 0.554236373448462 0.8061224489795918 0.47706422018348627 0.8061224489795918 0.47706422018348627 0.8996598639455783 0.5536967080410146 0.8988095238095238
29 0.21370750134916353 0.30017006802721086 0.14516999460334593 0.30017006802721086 0.14516999460334593 0.4166666666666667 0.21370750134916353 0.4166666666666667
2 0.5499190501888829 0.576530612244898 0.4214786832164058 0.576530612244898 0.42201834862385323 0.798469387755102 0.5499190501888829 0.8001700680272109
27 0.5526173772261198 0.3664965986394558 0.46842957366432814 0.3664965986394558 0.46842957366432814 0.4651360544217687 0.5526173772261198 0.4651360544217687
0 0.41770102536427417 0.8035714285714286 0.3577981651376147 0.8035714285714286 0.3577981651376147 0.8579931972789115 0.41770102536427417 0.8579931972789115
27 0.17916891527253104 0.42517006802721086 0.07717215326497572 0.42517006802721086 0.07717215326497572 0.5229591836734694 0.18078791149487317 0.5229591836734694 0.18078791149487317 0.42857142857142855
5 0.41662169454937936 0.22959183673469388 0.36211548839719376 0.22959183673469388 0.36211548839719376 0.48639455782312924 0.41662169454937936 0.48639455782312924
1 0.471343766864544 0.6205272108843537 0.5522396114409067 0.6205272108843537 0.5522396114409067 0.7249829931972789 0.471343766864544 0.7249829931972789
1 0.0797733405288721 0.6125552721088434 0.16123043712898003 0.6125552721088434 0.16123043712898003 0.7072746598639456 0.0797733405288721 0.7072746598639456
1 0.5280841878035618 0.2097959183673469 0.607857528332434 0.2097959183673469 0.607857528332434 0.300969387755102 0.5280841878035618 0.300969387755102
26 0.35449001618996223 0.6329124149659864 0.42078251484079865 0.6329124149659864 0.42078251484079865 0.7984481292517007 0.35449001618996223 0.7984481292517007
3 0.21516189962223425 0.3027380952380952 0.3657231516459795 0.3027380952380952 0.3657231516459795 0.45942176870748297 0.21516189962223425 0.45942176870748297
12 0.1837048030221263 0.43375 0.21291689152725313 0.43375 0.21291689152725313 0.5213860544217687 0.1837048030221263 0.5213860544217687
12 0.18651376146788992 0.601938775510204 0.20898542903399892 0.601938775510204 0.20898542903399892 0.8019897959183674 0.18651376146788992 0.8019897959183674
12 0.426958985429034 0.7621598639455783 0.4876335671883432 0.7621598639455783 0.4876335671883432 0.8019897959183674 0.426958985429034 0.8019897959183674
12 0.4241500269832704 0.16199404761904762 0.4488667026443605 0.16199404761904762 0.4488667026443605 0.2947746598639456 0.4241500269832704 0.2947746598639456
12 0.35729897463572585 0.23811649659863948 0.37527522935779817 0.23811649659863948 0.37527522935779817 0.30096513605442177 0.35729897463572585 0.30096513605442177
16 0.37527522935779817 0.23015306122448978 0.41628440366972475 0.23015306122448978 0.41628440366972475 0.30185374149659866 0.37527522935779817 0.30185374149659866
16 0.17864813815434433 0.532891156462585 0.2202185644900162 0.532891156462585 0.2202185644900162 0.5904251700680272 0.17864813815434433 0.5904251700680272
16 0.5134727468969239 0.5205017006802721 0.5505531570426336 0.5205017006802721 0.5505531570426336 0.574498299319728 0.5134727468969239 0.574498299319728
16 0.4207798165137615 0.5806930272108843 0.4584214786832164 0.5806930272108843 0.4584214786832164 0.6391198979591837 0.4207798165137615 0.6391198979591837
16 0.23426335671883433 0.7178996598639455 0.33426335671883434 0.7178996598639455 0.33426335671883434 0.7373724489795919 0.23426335671883433 0.7373724489795919
16 0.08202104695089045 0.7931377551020409 0.14325688073394494 0.7931377551020409 0.14325688073394494 0.8134948979591837 0.08202104695089045 0.8134948979591837
16 0.14382083108472746 0.4709226190476191 0.17808958445763626 0.4709226190476191 0.17808958445763626 0.5328869047619047 0.14382083108472746 0.5328869047619047
16 0.41628440366972475 0.2965433673469388 0.4572935779816514 0.2965433673469388 0.4572935779816514 0.36292942176870746 0.41628440366972475 0.36292942176870746
16 0.46909606044252566 0.36470238095238094 0.5089827307069618 0.36470238095238094 0.5089827307069618 0.4178146258503402 0.46909606044252566 0.4178146258503402
8 0.2623556395035078 0.5328911564625851 0.29325148407987045 0.5328911564625851 0.29325148407987045 0.5727210884353742 0.2623556395035078 0.5727210884353742
8 0.2960631408526714 0.5320068027210885 0.326958985429034 0.5320068027210885 0.326958985429034 0.5718367346938775 0.2960631408526714 0.5718367346938775
8 0.32246896923907176 0.5833460884353742 0.3494360496492175 0.5833460884353742 0.3494360496492175 0.7161267006802722 0.32246896923907176 0.7161267006802722
8 0.2954991905018889 0.6798299319727892 0.35111710739341606 0.6798299319727892 0.35111710739341606 0.7125850340136054 0.2954991905018889 0.7125850340136054
0 0.21572854830005397 0.7329421768707483 0.3550539665407448 0.7329421768707483 0.3550539665407448 0.8568707482993196 0.21572854830005397 0.8568707482993196
21 0.14662709120345385 0.16642006802721088 0.1685375067458176 0.16642006802721088 0.1685375067458176 0.36558673469387754 0.14662709120345385 0.36558673469387754
21 0.14550458715596332 0.16022108843537416 0.3210901241230437 0.16022108843537416 0.3210901241230437 0.20005102040816325 0.14550458715596332 0.20005102040816325
25 0.23538855909336212 0.16198979591836735 0.26347814355099836 0.16198979591836735 0.26347814355099836 0.20093537414965987 0.23538855909336212 0.20093537414965987
24 0.14999730167296277 0.3036267006802721 0.16909606044252562 0.3036267006802721 0.16909606044252562 0.36470663265306125 0.14999730167296277 0.36470663265306125
24 0.14943335132218025 0.43020833333333336 0.17134376686454397 0.43020833333333336 0.17134376686454397 0.45322704081632653 0.14943335132218025 0.45322704081632653
24 0.5292039935240151 0.4771215986394558 0.5449352401511064 0.4771215986394558 0.5449352401511064 0.504562074829932 0.5292039935240151 0.504562074829932
24 0.45055315704263355 0.426670918367347 0.4668456556934701 0.426670918367347 0.4668456556934701 0.45588010204081636 0.45055315704263355 0.45588010204081636
31 0.41628440366972475 0.37178146258503403 0.4690906637884511 0.37178146258503403 0.4690906637884511 0.4700382653061224 0.41628440366972475 0.4700382653061224
15 0.4859498111171074 0.42489370748299315 0.5033648138154344 0.42489370748299315 0.5033648138154344 0.45233418367346934 0.4859498111171074 0.45233418367346934
15 0.12584187803561792 0.4381760204081632 0.14437938478143553 0.4381760204081632 0.14437938478143553 0.4691539115646259 0.12584187803561792 0.4691539115646259
28 0.22022126281705343 0.6116709183673469 0.2320183486238532 0.6116709183673469 0.2320183486238532 0.706390306122449 0.22022126281705343 0.706390306122449
12 0.4196573124662709 0.4700425170068027 0.44662439287641664 0.4700425170068027 0.44662439287641664 0.5621003401360544 0.4196573124662709 0.5621003401360544
15 0.5005531570426336 0.4833205782312925 0.5151618996222341 0.4833205782312925 0.5151618996222341 0.5134141156462586 0.5005531570426336 0.5134141156462586
32 0.14468969239071777 0.3690688775510204 0.1738855909336212 0.3690688775510204 0.1738855909336212 0.41712159863945575 0.14468969239071777 0.41712159863945575
19 0.32188882892606585 0.1614923469387755 0.3513545601726929 0.1614923469387755 0.3513545601726929 0.2008545918367347 0.32188882892606585 0.2008545918367347