29 0.2795466810577442 0.25813777441332325 0.18996222342147867 0.25813777441332325 0.18996222342147867 0.3679031037093111 0.2795466810577442 0.3679031037093111
27 0.354020507285483 0.7183951551854656 0.23691311386940098 0.7183951551854656 0.23691311386940098 0.8213474640423921 0.354020507285483 0.8213474640423921
6 0.19373988127361036 0.25813777441332325 0.08850512682137075 0.25813777441332325 0.08850512682137075 0.5026495079485238 0.19481921208850514 0.5026495079485238 0.19481921208850514 0.37547312641937924 0.18996222342147867 0.36941710825132473 0.1867242309767944 0.35957607872823616 0.1867242309767944 0.3111279333838001 0.18510523475445223 0.31037093111279335 0.1867242309767944 0.27403482210446634 0.18834322719913654 0.2732778198334595 0.18996222342147867 0.2634367903103709 0.19320021586616298 0.2611657834973505
3 0.33351322180248244 0.3792581377744133 0.19481921208850514 0.3792581377744133 0.19481921208850514 0.5972747918243755 0.33351322180248244 0.5972747918243755
2 0.23367512142471666 0.619227857683573 0.08850512682137075 0.619227857683573 0.08850512682137075 0.9227857683573051 0.2325957906098219 0.9227857683573051 0.23367512142471666 0.9129447388342165 0.23529411764705882 0.9121877365632097 0.23529411764705882 0.8546555639666918 0.23367512142471666 0.8516275548826646 0.23367512142471666 0.8243754731264193 0.23529411764705882 0.822104466313399 0.23529411764705882 0.6214988644965935
7 0.4975715056664868 0.37471612414837246 0.3291958985429034 0.37471612414837246 0.3291958985429034 0.607115821347464 0.4975715056664868 0.607115821347464
4 0.3076092822450081 0.4284632853898562 0.22935779816513763 0.4284632853898562 0.22935779816513763 0.5563966691900075 0.3076092822450081 0.5563966691900075
27 0.354020507285483 0.1506434519303558 0.23799244468429573 0.1506434519303558 0.23799244468429573 0.2505677517032551 0.354020507285483 0.2505677517032551
2 0.554236373448462 0.15215745647236942 0.35887749595250945 0.15215745647236942 0.35887749595250945 0.36714610143830434 0.554236373448462 0.36714610143830434
26 0.5558553696708041 0.6177138531415595 0.3577981651376147 0.6177138531415595 0.3577981651376147 0.8168054504163512 0.5558553696708041 0.8168054504163512
14 0.2822450080949811 0.8266464799394398 0.23799244468429573 0.8266464799394398 0.23799244468429573 0.9250567751703255 0.2822450080949811 0.9250567751703255
14 0.6028062601187264 0.2558667676003028 0.5601726929303832 0.2558667676003028 0.5601726929303832 0.3679031037093111 0.6028062601187264 0.36714610143830434
12 0.3561791689152725 0.25662376987130964 0.3291958985429034 0.25662376987130964 0.3291958985429034 0.3618470855412566 0.3577981651376147 0.3618470855412566 0.3577981651376147 0.25813777441332325
1 0.4263356718834323 0.23467070401211204 0.4975715056664868 0.23467070401211204 0.4975715056664868 0.3663890991672975 0.4263356718834323 0.3663890991672975
1 0.08850512682137075 0.7373202119606359 0.17808958445763626 0.7373202119606359 0.17808958445763626 0.8417865253595761 0.08850512682137075 0.8417865253595761
8 0.3410685375067458 0.4587433762301287 0.37560712358337833 0.4587433762301287 0.37560712358337833 0.5132475397426193 0.3410685375067458 0.5132475397426193
8 0.3432271991365353 0.5132475397426193 0.3745277927684835 0.5132475397426193 0.3745277927684835 0.5616956850870553 0.3432271991365353 0.5616956850870553
8 0.38640043173232597 0.5601816805450416 0.4932541824069077 0.5601816805450416 0.4932541824069077 0.6025738077214232 0.38640043173232597 0.6025738077214232
8 0.4651915812196438 0.5041635124905375 0.4975715056664868 0.5041635124905375 0.4975715056664868 0.6025738077214232 0.4651915812196438 0.6025738077214232
28 0.4069077172153265 0.37698713096139286 0.4803022126281705 0.37698713096139286 0.4803022126281705 0.40423921271763813 0.4069077172153265 0.40423921271763813
21 0.08850512682137075 0.2558667676003028 0.11872638963842418 0.2558667676003028 0.11872638963842418 0.49659348978046935 0.08850512682137075 0.49659348978046935
21 0.08742579600647599 0.2558667676003028 0.24284943335132217 0.2558667676003028 0.24284943335132217 0.3028009084027252 0.08742579600647599 0.3028009084027252
24 0.19427954668105774 0.2604087812263437 0.23853211009174313 0.2604087812263437 0.23853211009174313 0.29977289931869794 0.19427954668105774 0.29977289931869794
24 0.08742579600647599 0.34973504920514764 0.12088505126821371 0.34973504920514764 0.12088505126821371 0.3936411809235428 0.08742579600647599 0.3936411809235428
12 0.5267134376686454 0.15594246782740348 0.5547760388559093 0.15594246782740348 0.5547760388559093 0.2619227857683573 0.5267134376686454 0.2619227857683573
12 0.08634646519158122 0.6207418622255867 0.1921208850512682 0.6207418622255867 0.1921208850512682 0.6540499621498864 0.08634646519158122 0.6540499621498864
16 0.19535887749595252 0.6207418622255867 0.24177010253642742 0.6207418622255867 0.24177010253642742 0.6782740348221045 0.19535887749595252 0.6782740348221045
16 0.3594171613599568 0.3133989401968206 0.40582838640043173 0.3133989401968206 0.40582838640043173 0.372445117335352 0.3594171613599568 0.372445117335352
16 0.49217485159201296 0.4118092354277063 0.514840798704803 0.4118092354277063 0.514840798704803 0.5768357305071915 0.49217485159201296 0.5768357305071915
16 0.23529411764705882 0.7191521574564723 0.27738801942795466 0.7191521574564723 0.27738801942795466 0.7721423164269493 0.23529411764705882 0.7721423164269493
16 0.27522935779816515 0.19379258137774413 0.3194819212088505 0.19379258137774413 0.3194819212088505 0.2528387585162756 0.27522935779816515 0.2528387585162756
16 0.15758229897463572 0.5314155942467828 0.211548839719374 0.5314155942467828 0.211548839719374 0.6056018168054504 0.15758229897463572 0.6056018168054504
0 0.5018888289260658 0.3709311127933384 0.6001079330814895 0.3709311127933384 0.6001079330814895 0.6161998485995458 0.5018888289260658 0.6161998485995458
15 0.2914193200215866 0.16048448145344435 0.3140852671343767 0.16048448145344435 0.3140852671343767 0.19379258137774413 0.2914193200215866 0.19379258137774413
15 0.2827846735024285 0.7721423164269493 0.30005396654074473 0.7721423164269493 0.30005396654074473 0.8130204390613172 0.2827846735024285 0.8130204390613172
24 0.248246087425796 0.7918243754731265 0.26875337290879653 0.7918243754731265 0.26875337290879653 0.8190764572293717 0.248246087425796 0.8190764572293717
24 0.32379924446842956 0.15594246782740348 0.3432271991365353 0.15594246782740348 0.3432271991365353 0.18168054504163514 0.32379924446842956 0.18168054504163514