29 0.49297241020301924 0.7096774193548387 0.41020301926080166 0.7096774193548387 0.41020301926080166 0.8218475073313783 0.49297241020301924 0.8218475073313783
5 0.5132743362831859 0.37609970674486803 0.3180635085892764 0.37609970674486803 0.3180635085892764 0.47653958944281527 0.5132743362831859 0.47653958944281527
0 0.17751171264966165 0.37316715542521994 0.0827693909422176 0.37316715542521994 0.0827693909422176 0.7045454545454546 0.17751171264966165 0.7045454545454546
6 0.5960437272254034 0.48826979472140764 0.49297241020301924 0.48826979472140764 0.49297241020301924 0.5300586510263929 0.5101509630400833 0.5293255131964809 0.5195210827693909 0.532991202346041 0.5288912024986986 0.5447214076246334 0.5304528891202499 0.5571847507331378 0.5325351379489849 0.5586510263929618 0.5325351379489849 0.5667155425219942 0.5304528891202499 0.5674486803519062 0.5304528891202499 0.5813782991202346 0.5288912024986986 0.5835777126099707 0.5288912024986986 0.5975073313782991 0.5273295158771473 0.5989736070381232 0.5262883914627798 0.6070381231671554 0.5070275897969807 0.6392961876832844 0.4997397188964081 0.6436950146627566 0.49297241020301924 0.6444281524926686 0.49297241020301924 0.7052785923753666 0.4966163456533056 0.7082111436950147 0.49817803227485685 0.7133431085043989 0.4966163456533056 0.7653958944281525 0.49453409682457056 0.7661290322580645 0.49453409682457056 0.8174486803519062 0.49297241020301924 0.8189149560117303 0.49297241020301924 0.8240469208211144 0.5960437272254034 0.8240469208211144
2 0.3274336283185841 0.717008797653959 0.12805830296720458 0.717008797653959 0.12805830296720458 0.9296187683284457 0.3274336283185841 0.9296187683284457
4 0.5262883914627798 0.5388563049853372 0.42894325871941696 0.5388563049853372 0.42894325871941696 0.6400293255131965 0.5184799583550235 0.6400293255131965 0.5262883914627798 0.6282991202346041
2 0.2883914627798022 0.13709677419354838 0.12649661634565332 0.13709677419354838 0.12649661634565332 0.36656891495601174 0.2883914627798022 0.36656891495601174
2 0.5960437272254034 0.05278592375366569 0.45132743362831856 0.05278592375366569 0.45132743362831856 0.2939882697947214 0.46069755335762624 0.3057184750733138 0.459135866736075 0.31671554252199413 0.45132743362831856 0.3196480938416422 0.45132743362831856 0.3614369501466276 0.5960437272254034 0.3614369501466276
7 0.3649141072358147 0.48607038123167157 0.1790733992712129 0.48607038123167157 0.1790733992712129 0.7045454545454546 0.3649141072358147 0.7045454545454546
27 0.44768349817803227 0.8262463343108505 0.33263925039042164 0.8262463343108505 0.33263925039042164 0.9310850439882697 0.44768349817803227 0.9310850439882697
14 0.122852680895367 0.1810850439882698 0.0827693909422176 0.1810850439882698 0.0827693909422176 0.33064516129032256 0.122852680895367 0.33064516129032256
3 0.5247267048412285 0.48533724340175954 0.3649141072358147 0.48533724340175954 0.3649141072358147 0.6986803519061584 0.5247267048412285 0.6986803519061584 0.5247267048412285 0.6136363636363636 0.5210827693909422 0.6173020527859238 0.5117126496616345 0.6370967741935484 0.5039042165538782 0.6436950146627566 0.491410723581468 0.6436950146627566 0.4903695991671005 0.6414956011730205 0.44768349817803227 0.6436950146627566 0.446121811556481 0.6414956011730205 0.4367516918271733 0.6400293255131965 0.4279021343050495 0.6348973607038123 0.4247787610619469 0.624633431085044 0.4247787610619469 0.5806451612903226 0.42321707444039564 0.5784457478005866 0.42321707444039564 0.5513196480938416 0.4247787610619469 0.5454545454545454 0.4299843831337845 0.5366568914956011 0.43831337844872464 0.5300586510263929 0.45393024466423737 0.5293255131964809 0.4685059864653826 0.532991202346041 0.49297241020301924 0.532991202346041 0.5137948984903696 0.5278592375366569 0.5153565851119208 0.5256598240469208 0.5190005205622071 0.5256598240469208 0.5247267048412285 0.5300586510263929
26 0.3310775637688704 0.3775659824046921 0.18271733472149923 0.3775659824046921 0.18271733472149923 0.48167155425219943 0.3310775637688704 0.48167155425219943
14 0.12129099427381572 0.8035190615835777 0.055700156168662154 0.8035190615835777 0.055700156168662154 0.9362170087976539 0.12129099427381572 0.9347507331378299
27 0.368558042686101 0.1378299120234604 0.2961998958875586 0.1378299120234604 0.2961998958875586 0.2565982404692082 0.368558042686101 0.2565982404692082
31 0.29672045809474235 0.2697947214076246 0.370640291514836 0.2697947214076246 0.370640291514836 0.3709677419354839 0.29672045809474235 0.3709677419354839
16 0.4620952628839146 0.3803739002932552 0.5155517959396148 0.3803739002932552 0.5155517959396148 0.4497140762463343 0.4620952628839146 0.4497140762463343
16 0.44662155127537745 0.2961766862170088 0.49445080687142107 0.2961766862170088 0.49445080687142107 0.36650659824046916 0.44662155127537745 0.36650659824046916
16 0.4086439354502863 0.1882074780058651 0.4571759500260281 0.1882074780058651 0.4571759500260281 0.256557917888563 0.4086439354502863 0.256557917888563
16 0.29470067673086936 0.1971224340175953 0.3439354502863092 0.1971224340175953 0.3439354502863092 0.27141129032258066 0.29470067673086936 0.27141129032258066
16 0.24757678292555962 0.2961803519061584 0.3010333159812598 0.2961803519061584 0.3010333159812598 0.36056451612903223 0.24757678292555962 0.36056451612903223
16 0.1716189484643415 0.49924486803519064 0.190609057782405 0.49924486803519064 0.190609057782405 0.666649560117302 0.1716189484643415 0.666649560117302
16 0.3270562207183758 0.7072617302052786 0.3769937532535138 0.7072617302052786 0.3769937532535138 0.7686766862170089 0.3270562207183758 0.7686766862170089
16 0.3221317022384175 0.8231561583577713 0.37347475273295155 0.8231561583577713 0.37347475273295155 0.8845711143695015 0.3221317022384175 0.8845711143695015
16 0.11745705361790734 0.8201906158357771 0.13574440395627277 0.8201906158357771 0.13574440395627277 0.929149560117302 0.11745705361790734 0.929149560117302
12 0.37840187402394587 0.711224340175953 0.4072410203019261 0.711224340175953 0.4072410203019261 0.8231598240469208 0.37840187402394587 0.8231598240469208
12 0.12870900572618427 0.7201392961876832 0.1575481520041645 0.7201392961876832 0.1575481520041645 0.8290982404692081 0.12870900572618427 0.8290982404692081
12 0.2616423737636648 0.13768695014662757 0.29118427902134303 0.13768695014662757 0.29118427902134303 0.29716642228739004 0.2616423737636648 0.29716642228739004
12 0.5000780843310776 0.3229215542521994 0.5964341488807913 0.3229215542521994 0.5964341488807913 0.3625476539589443 0.5000780843310776 0.3625476539589443
1 0.505705361790734 0.15354105571847507 0.5978448724622593 0.15354105571847507 0.5978448724622593 0.2535850439882698 0.505705361790734 0.2535850439882698
1 0.15192087454450806 0.22684017595307915 0.22647579385736596 0.22684017595307915 0.22647579385736596 0.3675 0.15192087454450806 0.3675
1 0.20467464862051016 0.8003739002932552 0.2757105674128058 0.8003739002932552 0.2757105674128058 0.9301392961876833 0.20467464862051016 0.9301392961876833
8 0.19553097345132744 0.4913196480938416 0.22366736074960955 0.4913196480938416 0.22366736074960955 0.569574780058651 0.19553097345132744 0.569574780058651
8 0.19623373243102551 0.49132331378299116 0.29400052056220716 0.49132331378299116 0.29400052056220716 0.5299523460410557 0.19623373243102551 0.5299523460410557
8 0.3003279541905258 0.5299486803519061 0.33057261842790214 0.5299486803519061 0.33057261842790214 0.5745234604105571 0.3003279541905258 0.5745234604105571
8 0.3003305570015617 0.5814589442815249 0.3340890161374284 0.5814589442815249 0.3340890161374284 0.6329692082111437 0.3003305570015617 0.6329692082111437
28 0.215223841749089 0.6795307917888563 0.2890760020822489 0.6795307917888563 0.2890760020822489 0.6993401759530792 0.215223841749089 0.6993401759530792
21 0.568302967204581 0.5349046920821114 0.5950286309213952 0.5349046920821114 0.5950286309213952 0.8211803519061585 0.568302967204581 0.8211803519061585
21 0.4473269130661114 0.7815542521994134 0.5985450286309213 0.7815542521994134 0.5985450286309213 0.8221700879765397 0.4473269130661114 0.8221700879765397
24 0.44732951587714737 0.783533724340176 0.493045288912025 0.783533724340176 0.493045288912025 0.8191935483870967 0.44732951587714737 0.8191935483870967
24 0.3333836543466944 0.9014112903225807 0.3572982821447163 0.9014112903225807 0.3572982821447163 0.9291458944281525 0.3333836543466944 0.9291458944281525
25 0.568305570015617 0.6022617302052785 0.5992529932326913 0.6022617302052785 0.5992529932326913 0.6478262463343109 0.568305570015617 0.6478262463343109
15 0.3713638729828214 0.8885373900293254 0.38754294638209263 0.8885373900293254 0.38754294638209263 0.923207478005865 0.3713638729828214 0.923207478005865
15 0.33901353461738676 0.21990469208211144 0.3558953669963561 0.21990469208211144 0.3558953669963561 0.24467008797653955 0.33901353461738676 0.24467008797653955
15 0.4198958875585633 0.1446224340175953 0.43888599687662677 0.1446224340175953 0.43888599687662677 0.18127199413489736 0.4198958875585633 0.18127199413489736
24 0.3741827173347215 0.19811583577712608 0.39528110359187923 0.19811583577712608 0.39528110359187923 0.23575513196480938 0.3741827173347215 0.23575513196480938
24 0.33901353461738676 0.2743878299120235 0.3622254034357105 0.2743878299120235 0.3622254034357105 0.2981634897360704 0.33901353461738676 0.2981634897360704
27 0.37066111400312335 0.1347140762463343 0.4515460697553358 0.1347140762463343 0.4515460697553358 0.295183284457478 0.37066111400312335 0.295183284457478
19 0.5689172306090579 0.48567815249266866 0.5970796460176991 0.48567815249266866 0.5970796460176991 0.5350403225806452 0.5689172306090579 0.5350403225806452
32 0.4111946902654868 0.7800843108504399 0.4462441436751692 0.7800843108504399 0.4462441436751692 0.8223936950146629 0.4111946902654868 0.8223936950146629