29 0.45082938388625593 0.7490226739640344 0.3678909952606635 0.7490226739640344 0.3678909952606635 0.8537920250195465 0.45082938388625593 0.8537920250195465
2 0.25 0.12431587177482409 0.08827014218009478 0.12431587177482409 0.08827014218009478 0.3565285379202502 0.2523696682464455 0.3565285379202502
0 0.13981042654028436 0.36591086786551996 0.04917061611374408 0.36591086786551996 0.04917061611374408 0.746677091477717 0.13981042654028436 0.746677091477717
2 0.28672985781990523 0.7513682564503519 0.09004739336492891 0.7513682564503519 0.09004739336492891 0.9577795152462861 0.28672985781990523 0.9577795152462861
4 0.4318720379146919 0.5918686473807663 0.32760663507109006 0.5918686473807663 0.32760663507109006 0.6888193901485535 0.4318720379146919 0.6888193901485535
27 0.40580568720379145 0.8608287724784989 0.2896919431279621 0.8608287724784989 0.2896919431279621 0.9585613760750586 0.40580568720379145 0.9577795152462861
0 0.5509478672985783 0.024237685691946835 0.4087677725118483 0.024237685691946835 0.4087677725118483 0.11415168100078187 0.5509478672985783 0.11415168100078187
27 0.32760663507109006 0.12118842845973417 0.2553317535545024 0.12118842845973417 0.2553317535545024 0.23455824863174354 0.32760663507109006 0.23455824863174354
6 0.5527251184834123 0.5074276778733385 0.4431279620853081 0.5074276778733385 0.4431279620853081 0.743549648162627 0.45023696682464454 0.743549648162627 0.4555687203791469 0.7482408131352619 0.4555687203791469 0.7576231430805317 0.4537914691943128 0.7591868647380766 0.4537914691943128 0.8021892103205629 0.45082938388625593 0.8115715402658327 0.45082938388625593 0.8389366692728695 0.45260663507109006 0.8444096950742768 0.4490521327014218 0.856137607505864 0.4431279620853081 0.8592650508209538 0.44786729857819907 0.8569194683346364 0.4490521327014218 0.8592650508209538 0.5023696682464455 0.8592650508209538 0.5041469194312796 0.8569194683346364 0.5118483412322274 0.8569194683346364 0.5136255924170616 0.8592650508209538 0.5527251184834123 0.8592650508209538
27 0.40580568720379145 0.12197028928850664 0.3335308056872038 0.12197028928850664 0.3335308056872038 0.272869429241595 0.40580568720379145 0.272869429241595
3 0.4026587388854624 0.5217726725671442 0.310992014809582 0.5232570898432953 0.31338862559241704 0.7396403440187647 0.44016587677725116 0.7396403440187647 0.44202481670946 0.5440389317094121 0.4020963663451195 0.5418123057951854
2 0.5527251184834123 0.12197028928850664 0.4087677725118483 0.12197028928850664 0.4087677725118483 0.3557466770914777 0.5527251184834123 0.3557466770914777
14 0.0835308056872038 0.8412822517591869 0.017772511848341232 0.8412822517591869 0.017772511848341232 0.9585613760750586 0.0835308056872038 0.9585613760750586
1 0.11640995260663507 0.23824863174354968 0.18558056872037915 0.23824863174354968 0.18558056872037915 0.35477716966379985 0.11640995260663507 0.35477716966379985
1 0.46058649289099524 0.1692220484753714 0.552813981042654 0.1692220484753714 0.552813981042654 0.26125488663017987 0.46058649289099524 0.26125488663017987
1 0.16590047393364926 0.8342415949960906 0.2373222748815166 0.8342415949960906 0.2373222748815166 0.9552189210320562 0.16590047393364926 0.9552189210320562
12 0.09054206161137442 0.7570562939796716 0.11809537914691944 0.7570562939796716 0.11809537914691944 0.8587372947615325 0.09054206161137442 0.8587372947615325
12 0.09053909952606636 0.12617670054730257 0.24912914691943128 0.12617670054730257 0.24912914691943128 0.16106333072713058 0.09053909952606636 0.16106333072713058
12 0.45551836492890996 0.3206333072713057 0.552811018957346 0.3206333072713057 0.552811018957346 0.3555199374511337 0.45551836492890996 0.3555199374511337
12 0.3368601895734597 0.7607623143080531 0.36329383886255917 0.7607623143080531 0.36329383886255917 0.8527951524628615 0.3368601895734597 0.8527951524628615
14 0.04330272511848341 0.19520328381548085 0.08660248815165877 0.19520328381548085 0.08660248815165877 0.33177091477716963 0.04330272511848341 0.33177091477716963
15 0.3762263033175356 0.13507818608287725 0.39197274881516586 0.13507818608287725 0.39197274881516586 0.159573885848319 0.3762263033175356 0.159573885848319
15 0.2952428909952607 0.1959460516028147 0.3143661137440758 0.1959460516028147 0.3143661137440758 0.22563330727130573 0.2952428909952607 0.22563330727130573
15 0.3273015402843602 0.9158835027365129 0.3436107819905213 0.9158835027365129 0.3436107819905213 0.9470562939796715 0.3273015402843602 0.9470562939796715
31 0.2558797393364929 0.24566849100860044 0.32786433649289104 0.24566849100860044 0.32786433649289104 0.3592259577795152 0.2558797393364929 0.3592259577795152
12 0.3273015402843602 0.27758795934323693 0.4054709715639811 0.27758795934323693 0.4054709715639811 0.29911258795934326 0.3273015402843602 0.29911258795934326
12 0.4060308056872038 0.3651641907740422 0.4785781990521327 0.3651641907740422 0.4785781990521327 0.39930805316653634 0.4060308056872038 0.39930805316653634
26 0.14790284360189573 0.36590695856137606 0.3346090047393365 0.36590695856137606 0.3346090047393365 0.5232564503518373 0.14790284360189573 0.5232564503518373
5 0.3379857819905213 0.4007935887412041 0.4847630331753554 0.4007935887412041 0.4847630331753554 0.4972830336200157 0.3379857819905213 0.4972830336200157
7 0.14678021327014218 0.5254808444096951 0.31211789099526066 0.5254808444096951 0.31211789099526066 0.74443315089914 0.14678021327014218 0.74443315089914
8 0.15802725118483413 0.542556684910086 0.18614336492890998 0.542556684910086 0.18614336492890998 0.6175215011727913 0.15802725118483413 0.6175215011727913
8 0.15971563981042652 0.5440383111806099 0.2530687203791469 0.5440383111806099 0.2530687203791469 0.5796677091477717 0.15971563981042652 0.5796677091477717
28 0.1822126777251185 0.7199452697419859 0.24238447867298576 0.7199452697419859 0.24238447867298576 0.7392415949960907 0.1822126777251185 0.7392415949960907
17 0.2873755924170616 0.7488897576231431 0.36385663507109 0.7488897576231431 0.36385663507109 0.8557701329163409 0.2873755924170616 0.8557701329163409
16 0.2913092417061611 0.7474081313526192 0.33348933649289103 0.7474081313526192 0.33348933649289103 0.8075254104769352 0.2913092417061611 0.8075254104769352
16 0.13440462085308058 0.5588780297107115 0.15296504739336492 0.5588780297107115 0.15296504739336492 0.7080648944487882 0.13440462085308058 0.7080648944487882
16 0.13328495260663506 0.3978225175918687 0.15690462085308055 0.3978225175918687 0.15690462085308055 0.49950351837372947 0.13328495260663506 0.49950351837372947
16 0.4290906398104265 0.42380375293197814 0.4881368483412322 0.42380375293197814 0.4881368483412322 0.4995113369820172 0.4290906398104265 0.4995113369820172
16 0.2851244075829384 0.8609655981235341 0.33123815165876774 0.8609655981235341 0.33123815165876774 0.9129202501954652 0.2851244075829384 0.9129202501954652
21 0.44427725118483413 0.5076661454261141 0.5522511848341233 0.5076661454261141 0.5522511848341233 0.5418100078186083 0.44427725118483413 0.5418100078186083
21 0.5241350710900474 0.5091516810007819 0.5522511848341233 0.5091516810007819 0.5522511848341233 0.8535379202501956 0.5241350710900474 0.8535379202501956
21 0.4037855450236967 0.8186591086786551 0.552813981042654 0.8186591086786551 0.552813981042654 0.8550234558248632 0.4037855450236967 0.8550234558248632
25 0.5246949052132701 0.6249413604378421 0.5533738151658768 0.6249413604378421 0.5533738151658768 0.6679906176700547 0.5246949052132701 0.6679906176700547
24 0.40546800947867295 0.8223651290070368 0.4538329383886256 0.8223651290070368 0.4538329383886256 0.8535379202501955 0.40546800947867295 0.8535379202501955
24 0.2969342417061611 0.9292455043002347 0.31549466824644545 0.9292455043002347 0.31549466824644545 0.9537412040656763 0.2969342417061611 0.9537412040656763
24 0.33630035545023695 0.18184519155590304 0.35373518957345973 0.18184519155590304 0.35373518957345973 0.2093041438623925 0.33630035545023695 0.2093041438623925
24 0.2969312796208531 0.24344800625488663 0.32223933649289105 0.24344800625488663 0.32223933649289105 0.2723924941360438 0.2969312796208531 0.2723924941360438
16 0.25531990521327014 0.18554730258014074 0.2929976303317535 0.18554730258014074 0.2929976303317535 0.24195856137607505 0.25531990521327014 0.24195856137607505
16 0.3672304502369668 0.16551211884284597 0.4088477488151659 0.16551211884284597 0.4088477488151659 0.21820953870211102 0.3672304502369668 0.21820953870211102
16 0.43583827014218013 0.10687646598905394 0.5246949052132702 0.10687646598905394 0.5246949052132702 0.129886630179828 0.43583827014218013 0.129886630179828
16 0.20807464454976304 0.2976231430805316 0.25643957345971563 0.2976231430805316 0.25643957345971563 0.3569976544175137 0.20807464454976304 0.3569976544175137
16 0.08042061611374407 0.19891321344800622 0.09391587677725118 0.19891321344800622 0.09391587677725118 0.3236043784206411 0.08042061611374407 0.3236043784206411
16 0.4060337677725118 0.29540265832681784 0.4515847156398105 0.29540265832681784 0.4515847156398105 0.3577482408131353 0.4060337677725118 0.3577482408131353
16 0.07872926540284361 0.8527990617670055 0.09616409952606636 0.8527990617670055 0.09616409952606636 0.9581939014855357 0.07872926540284361 0.9581939014855357
18 0.3672304502369668 0.08832290852228304 0.405470971563981 0.08832290852228304 0.405470971563981 0.11652462861610632 0.3672304502369668 0.11652462861610632
19 0.41006220379146924 0.5076075058639562 0.4431605450236967 0.5076075058639562 0.4431605450236967 0.5421657544956998 0.41006220379146924 0.5421657544956998
32 0.36831457345971563 0.8186356528537919 0.40339158767772515 0.8186356528537919 0.40339158767772515 0.8538428459734168 0.36831457345971563 0.8538428459734168