29 0.4589574595566207 0.7453516572352465 0.3810665068903535 0.7453516572352465 0.3810665068903535 0.8407437348423605 0.4589574595566207 0.8407437348423605
5 0.4715398442180947 0.4551333872271625 0.3055721989215099 0.4551333872271625 0.3055721989215099 0.5408245755860954 0.4715398442180947 0.5408245755860954
27 0.4116237267825045 0.1746160064672595 0.3055721989215099 0.1746160064672595 0.3055721989215099 0.2611156022635408 0.4116237267825045 0.2611156022635408
26 0.3037747153984422 0.4551333872271625 0.17914919113241462 0.4551333872271625 0.17914919113241462 0.5432497978981407 0.3037747153984422 0.5432497978981407
27 0.29898142600359495 0.1746160064672595 0.19772318753744758 0.1746160064672595 0.19772318753744758 0.2627324171382377 0.29898142600359495 0.2627324171382377
5 0.4116237267825045 0.36216653193209375 0.3055721989215099 0.36216653193209375 0.3055721989215099 0.45028294260307195 0.4116237267825045 0.45028294260307195
27 0.4170161773517076 0.8455941794664511 0.3103654883163571 0.8455941794664511 0.3103654883163571 0.9353274050121261 0.4164170161773517 0.9345189975747777
2 0.29598562013181545 0.2700080840743735 0.12582384661473936 0.2700080840743735 0.12582384661473936 0.4486661277283751 0.30197723187537445 0.4486661277283751 0.3025763930497304 0.35731608730800324 0.29898142600359495 0.3516572352465643 0.29898142600359495 0.27809215844785773
2 0.3073696824445776 0.7485852869846402 0.12702216896345117 0.7485852869846402 0.12702216896345117 0.9353274050121261 0.3055721989215099 0.9353274050121261 0.3091671659676453 0.9256265157639451 0.3091671659676453 0.8447857720291027 0.30617136009586576 0.8439773645917542 0.3037747153984422 0.8383185125303153 0.3055721989215099 0.814874696847211 0.3073696824445776 0.8132578819725141 0.3073696824445776 0.8051738075990299 0.3091671659676453 0.8043654001616815 0.3091671659676453 0.7599029911075182 0.3073696824445776 0.7582861762328214
4 0.493708807669263 0.6014551333872271 0.3936488915518274 0.6014551333872271 0.3936488915518274 0.6879547291835085 0.493708807669263 0.6871463217461601
3 0.5026962252846016 0.5521422797089733 0.37147992810065905 0.5521422797089733 0.37147992810065905 0.7332255456750202 0.5026962252846016 0.7332255456750202
7 0.3678849610545237 0.549717057396928 0.1773517076093469 0.549717057396928 0.1773517076093469 0.7372675828617623 0.3678849610545237 0.7372675828617623
2 0.548831635710006 0.17542441390460792 0.4194128220491312 0.17542441390460792 0.4194128220491312 0.4486661277283751 0.548831635710006 0.4486661277283751
0 0.5320551228280408 0.07113985448666128 0.41761533852606353 0.07113985448666128 0.41761533852606353 0.16814874696847212 0.5320551228280408 0.16814874696847212
0 0.1749550629119233 0.4535165723524656 0.08328340323547034 0.4535165723524656 0.08328340323547034 0.7437348423605498 0.1749550629119233 0.7437348423605498
6 0.5512282804074295 0.5521422797089733 0.4601557819053325 0.5521422797089733 0.4601557819053325 0.5901374292643492 0.475733972438586 0.5860953920776071 0.4859197124026363 0.5909458367016976 0.49131216297183944 0.6014551333872271 0.493708807669263 0.6022635408245756 0.4949071300179748 0.6127728375101051 0.493708807669263 0.6677445432497979 0.49131216297183944 0.6693613581244947 0.49131216297183944 0.6758286176232822 0.4859197124026363 0.6903799514955538 0.47693229478729776 0.6944219886822959 0.4601557819053325 0.6944219886822959 0.46135410425404433 0.7679870654810024 0.463151587777112 0.7696038803556993 0.463151587777112 0.7825383993532741 0.46554823247453564 0.7841552142279709 0.46554823247453564 0.7890056588520614 0.463151587777112 0.7906224737267583 0.463151587777112 0.8051738075990299 0.46135410425404433 0.8067906224737268 0.4601557819053325 0.8431689571544059 0.5512282804074295 0.8431689571544059
14 0.12162971839424805 0.8294260307194826 0.061713600958657876 0.8294260307194826 0.061713600958657876 0.9401778496362166 0.09346914319952067 0.9401778496362166 0.09526662672258837 0.9377526273241714 0.11683642899940083 0.9401778496362166 0.11803475134811264 0.9377526273241714 0.12162971839424805 0.9377526273241714
30 0.37147992810065905 0.2675828617623282 0.3025763930497304 0.2675828617623282 0.3025763930497304 0.3556992724333064 0.37147992810065905 0.3556992724333064
30 0.30886458957459556 0.7420169765561844 0.37963151587777105 0.7420169765561844 0.37963151587777105 0.8366895715440581 0.30886458957459556 0.8366895715440581
12 0.35264230077890957 0.7476839126919969 0.3772318753744757 0.7476839126919969 0.3772318753744757 0.8407396928051739 0.35264230077890957 0.8407396928051739
12 0.12594068304373876 0.7533508488278093 0.15532953864589574 0.7533508488278093 0.15532953864589574 0.8472150363783347 0.12594068304373876 0.8472150363783347
12 0.4204104254044338 0.4143007275666936 0.5499550629119233 0.4143007275666936 0.5499550629119233 0.44666936135812446 0.4204104254044338 0.44666936135812446
12 0.30106950269622523 0.32124494745351656 0.3718364289994008 0.32124494745351656 0.3718364289994008 0.35684721099434114 0.30106950269622523 0.35684721099434114
12 0.346644697423607 0.2694543249797898 0.3712342720191732 0.2694543249797898 0.3712342720191732 0.36089329021827 0.346644697423607 0.36089329021827
30 0.30226782504493704 0.2694543249797898 0.37363391252246847 0.2694543249797898 0.37363391252246847 0.35846806790622476 0.30226782504493704 0.35846806790622476
16 0.2686788496105452 0.21848019401778496 0.3010635110844817 0.21848019401778496 0.3010635110844817 0.2694583670169766 0.2686788496105452 0.2694583670169766
16 0.37543439185140803 0.21524656426839126 0.41501497902935885 0.21524656426839126 0.41501497902935885 0.2678415521422797 0.37543439185140803 0.2678415521422797
16 0.41322049131216304 0.3608973322554567 0.45879868184541645 0.3608973322554567 0.45879868184541645 0.41187550525464833 0.41322049131216304 0.41187550525464833
16 0.26148292390653083 0.3948827809215845 0.3076602756141402 0.3948827809215845 0.3076602756141402 0.4482861762328213 0.26148292390653083 0.4482861762328213
16 0.43001198322348716 0.45718674211802757 0.4797902935889754 0.45718674211802757 0.4797902935889754 0.5227324171382377 0.43001198322348716 0.5227324171382377
16 0.3094637507489515 0.739591754244139 0.35204613541042534 0.739591754244139 0.35204613541042534 0.7954284559417946 0.3094637507489515 0.7954284559417946
1 0.19971240263630916 0.8213217461600646 0.2620850808867585 0.8213217461600646 0.2620850808867585 0.9337954729183509 0.19971240263630916 0.9337954729183509
1 0.1655272618334332 0.32933710590137427 0.23150089874176152 0.32933710590137427 0.23150089874176152 0.44586095392077607 0.1655272618334332 0.44586095392077607
1 0.46599460754943073 0.25327405012126114 0.5499550629119233 0.25327405012126114 0.5499550629119233 0.3390460792239289 0.46599460754943073 0.3390460792239289
16 0.44499999999999995 0.16345189975747776 0.5253654883163571 0.16345189975747776 0.5253654883163571 0.18206143896523846 0.44499999999999995 0.18206143896523846
16 0.12954164170161772 0.2565076798706548 0.19611443978430199 0.2565076798706548 0.19611443978430199 0.2743088116410671 0.12954164170161772 0.2743088116410671
16 0.31006291192330737 0.8464025869037995 0.3508478130617136 0.8464025869037995 0.3508478130617136 0.8957639450282943 0.31006291192330737 0.8957639450282943
16 0.11874775314559616 0.8407396928051737 0.1313421210305572 0.8407396928051737 0.1313421210305572 0.9346038803556993 0.11874775314559616 0.9346038803556993
8 0.18171959257040146 0.5567178658043654 0.20870581186339124 0.5567178658043654 0.20870581186339124 0.6246887631366209 0.18171959257040146 0.6246887631366209
8 0.18171959257040146 0.5542926434923201 0.27167765128819654 0.5542926434923201 0.27167765128819654 0.5890864995957962 0.18171959257040146 0.5890864995957962
8 0.2770760934691432 0.5898949070331447 0.3028639904134212 0.5898949070331447 0.3028639904134212 0.6271139854486661 0.2770760934691432 0.6271139854486661
8 0.2776812462552427 0.6352101859337106 0.30526662672258836 0.6352101859337106 0.30526662672258836 0.677287793047696 0.2776812462552427 0.677287793047696
0 0.1253475134811264 0.16993128536782537 0.19551527860994608 0.16993128536782537 0.19551527860994608 0.2654122877930477 0.1253475134811264 0.2654122877930477
21 0.5259676452965848 0.5963662085691188 0.550557219892151 0.5963662085691188 0.550557219892151 0.8407396928051739 0.5259676452965848 0.8407396928051739
21 0.4180137807070102 0.8075586095392078 0.5499550629119233 0.8075586095392078 0.5499550629119233 0.8391188358932902 0.4180137807070102 0.8391188358932902
24 0.4204134212103056 0.8099878738884398 0.45939484721390056 0.8099878738884398 0.45939484721390056 0.8366895715440583 0.4204134212103056 0.8366895715440583
24 0.31905632115038945 0.910327405012126 0.3388466147393649 0.910327405012126 0.3388466147393649 0.9337954729183509 0.31905632115038945 0.9337954729183509
24 0.3850299580587178 0.17639854486661277 0.40661773517076094 0.17639854486661277 0.40661773517076094 0.1990582053354891 0.3850299580587178 0.1990582053354891
24 0.27527561414020374 0.1796362166531932 0.2950659077291791 0.1796362166531932 0.2950659077291791 0.19662894098625708 0.27527561414020374 0.19662894098625708
15 0.2458897543439185 0.18449070331447048 0.26147992810065906 0.18449070331447048 0.26147992810065906 0.21200080840743735 0.2458897543439185 0.21200080840743735
15 0.354442780107849 0.18286984640258688 0.37483223487118034 0.18286984640258688 0.37483223487118034 0.21443007275666937 0.354442780107849 0.21443007275666937
15 0.35204313960455363 0.8965723524656426 0.3652366686638706 0.8965723524656426 0.3652366686638706 0.9289409862570734 0.35204313960455363 0.9289409862570734
28 0.2093079688436189 0.7185529506871463 0.2794757339724386 0.7185529506871463 0.2794757339724386 0.7395877122069523 0.2093079688436189 0.7395877122069523
12 0.4144188136608748 0.5251616814874697 0.4701947273816657 0.5251616814874697 0.4701947273816657 0.5510549717057397 0.4144188136608748 0.5510549717057397
25 0.5229718394248053 0.6538156831042845 0.5493588975434391 0.6538156831042845 0.5493588975434391 0.6878011317704122 0.5229718394248053 0.6878011317704122
19 0.5243439185140802 0.5522918350848828 0.5511024565608149 0.5522918350848828 0.5511024565608149 0.5937712206952304 0.5243439185140802 0.5937712206952304
32 0.38372079089275013 0.804248181083266 0.4161713600958658 0.804248181083266 0.4161713600958658 0.8426556184316896 0.38372079089275013 0.8426556184316896