29 0.5020242914979757 0.6919275123558485 0.4198958935801041 0.6919275123558485 0.4198958935801041 0.8047775947281713 0.5020242914979757 0.8047775947281713
5 0.5390399074609601 0.34925864909390447 0.34297281665702717 0.34925864909390447 0.34297281665702717 0.4489291598023064 0.5384615384615384 0.4489291598023064
27 0.4557547715442452 0.8154859967051071 0.33718912666281087 0.8154859967051071 0.33718912666281087 0.9200988467874794 0.45980335454019666 0.9200988467874794 0.45980335454019666 0.8204283360790774 0.45864661654135336 0.8163097199341022
26 0.6107576633892423 0.12191103789126853 0.46558704453441296 0.12191103789126853 0.46558704453441296 0.3401976935749588 0.6107576633892423 0.3401976935749588
14 0.45864661654135336 0.12108731466227347 0.41526894158473104 0.12108731466227347 0.41526894158473104 0.2257001647446458 0.45864661654135336 0.2257001647446458
2 0.33718912666281087 0.23476112026359144 0.12897628687102372 0.23476112026359144 0.12897628687102372 0.44810543657331137 0.33718912666281087 0.44810543657331137 0.33718912666281087 0.25370675453047775 0.33487565066512437 0.2528830313014827 0.33487565066512437 0.2504118616144975 0.33718912666281087 0.24958813838550248
27 0.45980335454019666 0.23640856672158156 0.3395026026604974 0.23640856672158156 0.3395026026604974 0.3418451400329489 0.3418160786581839 0.3418451400329489 0.34297281665702717 0.33772652388797364 0.3556969346443031 0.3418451400329489 0.45980335454019666 0.3418451400329489
2 0.3342972816657027 0.6943986820428336 0.13013302486986697 0.6943986820428336 0.13013302486986697 0.9242174629324547 0.3342972816657027 0.9242174629324547 0.3342972816657027 0.8154859967051071 0.3319838056680162 0.8130148270181219 0.3342972816657027 0.8088962108731467 0.3319838056680162 0.8064250411861614 0.3319838056680162 0.7907742998352554 0.3342972816657027 0.7891268533772653
7 0.37709658762290343 0.4596375617792422 0.18565644881434354 0.4596375617792422 0.18565644881434354 0.6828665568369028 0.37709658762290343 0.6828665568369028
3 0.5292076344707923 0.45551894563426687 0.37015615962984383 0.45551894563426687 0.37015615962984383 0.6787479406919276 0.5292076344707923 0.6787479406919276 0.5292076344707923 0.6630971993410214 0.5257374204742625 0.6680395387149918 0.5216888374783112 0.6688632619439868 0.5182186234817814 0.6639209225700164 0.5182186234817814 0.6532125205930808 0.5216888374783112 0.6449752883031301 0.5164835164835165 0.6367380560131796 0.5164835164835165 0.6169686985172982 0.5182186234817814 0.6144975288303131 0.5153267784846732 0.6128500823723229 0.5257374204742625 0.5123558484349259 0.5274725274725275 0.5107084019769358
6 0.6084441873915558 0.4645799011532125 0.5118565644881434 0.4645799011532125 0.5118565644881434 0.5057660626029654 0.5182186234817814 0.5123558484349259 0.5228455754771544 0.5247116968698518 0.5216888374783112 0.556836902800659 0.5193753614806247 0.5584843492586491 0.5216888374783112 0.5642504118616145 0.5193753614806247 0.5658978583196046 0.5182186234817814 0.6021416803953872 0.5118565644881434 0.6128500823723229 0.5118565644881434 0.8088962108731467 0.6084441873915558 0.8088962108731467
0 0.18218623481781376 0.46210873146622733 0.08328513591671487 0.46210873146622733 0.08328513591671487 0.6828665568369028 0.18218623481781376 0.6828665568369028
4 0.5182186234817814 0.5131795716639209 0.4164256795835743 0.5131795716639209 0.4164256795835743 0.6219110378912686 0.5182186234817814 0.6219110378912686
14 0.1214574898785425 0.7957166392092258 0.055523423944476576 0.7957166392092258 0.055523423944476576 0.9266886326194399 0.1214574898785425 0.9266886326194399
1 0.17447368421052634 0.3102718286655684 0.24484384037015614 0.3102718286655684 0.24484384037015614 0.45030477759472826 0.17447368421052634 0.45030477759472826
1 0.19664256795835744 0.7880313014827018 0.26701272411798727 0.7880313014827018 0.26701272411798727 0.9239456342668864 0.19664256795835744 0.9239456342668864
12 0.13013302486986697 0.7015362438220758 0.16194331983805668 0.7015362438220758 0.16194331983805668 0.8141144975288304 0.13013302486986697 0.8141144975288304
12 0.3855783689994216 0.6891845140032948 0.4125708502024292 0.6891845140032948 0.4125708502024292 0.8086243822075783 0.3855783689994216 0.8086243822075783
12 0.3026807403123193 0.23338962108731465 0.33352515905147484 0.23338962108731465 0.33352515905147484 0.3844028006589786 0.3026807403123193 0.3844028006589786
8 0.1937536148062464 0.46814662273476115 0.22845575477154426 0.46814662273476115 0.22845575477154426 0.5711120263591434 0.1937536148062464 0.5711120263591434
8 0.1947165991902834 0.46540362438220756 0.31231636784268363 0.46540362438220756 0.31231636784268363 0.5107084019769358 0.1947165991902834 0.5107084019769358
8 0.3229236552920763 0.5230601317957166 0.352807981492192 0.5230601317957166 0.352807981492192 0.5697405271828666 0.3229236552920763 0.5697405271828666
8 0.3209919028340081 0.5752306425041186 0.35376807403123195 0.5752306425041186 0.35376807403123195 0.6246540362438221 0.3209919028340081 0.6246540362438221
30 0.33352515905147484 0.6987932454695223 0.4125708502024292 0.6987932454695223 0.4125708502024292 0.8086202635914332 0.33352515905147484 0.8086202635914332
21 0.578368999421631 0.520321252059308 0.6101792943898207 0.520321252059308 0.6101792943898207 0.8045057660626029 0.578368999421631 0.8045057660626029
21 0.4636581839213418 0.7633154859967051 0.6121081550028918 0.7633154859967051 0.6121081550028918 0.809995881383855 0.4636581839213418 0.809995881383855
24 0.46655292076344707 0.7660667215815486 0.5041469057258531 0.7660667215815486 0.5041469057258531 0.8099958813838549 0.46655292076344707 0.8099958813838549
24 0.3460584152689416 0.24025123558484346 0.37111914401388085 0.24025123558484346 0.37111914401388085 0.26770593080724875 0.3460584152689416 0.26770593080724875
24 0.3479872758820127 0.8896252059308073 0.37112203585887793 0.8896252059308073 0.37112203585887793 0.9211985172981878 0.3479872758820127 0.9211985172981878
16 0.3373828802776171 0.68918039538715 0.3846182764603817 0.68918039538715 0.3846182764603817 0.7578212520593081 0.3373828802776171 0.7578212520593081
16 0.2891873915558126 0.3789168039538715 0.34605841526894154 0.3789168039538715 0.34605841526894154 0.45167627677100497 0.2891873915558126 0.45167627677100497
16 0.48582706766917294 0.35007825370675455 0.541737998843262 0.35007825370675455 0.541737998843262 0.4297075782537067 0.48582706766917294 0.4297075782537067
16 0.34220358588779637 0.2869275123558484 0.3826894158473106 0.2869275123558484 0.3826894158473106 0.3487067545304777 0.34220358588779637 0.3487067545304777
16 0.11663678426836323 0.8086243822075783 0.13591382301908617 0.8086243822075783 0.13591382301908617 0.9239456342668864 0.11663678426836323 0.9239456342668864
16 0.3335251590514749 0.815481878088962 0.3788288027761712 0.815481878088962 0.3788288027761712 0.8786367380560132 0.3335251590514749 0.8786367380560132
16 0.1773684210526316 0.486000823723229 0.19471949103528052 0.486000823723229 0.19471949103528052 0.653488467874794 0.1773684210526316 0.653488467874794
15 0.38268652400231346 0.8786367380560132 0.40100347021399657 0.8786367380560132 0.40100347021399657 0.9102100494233937 0.38268652400231346 0.9102100494233937
15 0.3884731058415269 0.24712108731466226 0.40871602082128394 0.24712108731466226 0.40871602082128394 0.2786943986820429 0.3884731058415269 0.2786943986820429
25 0.577406015037594 0.5807207578253707 0.6101821862348179 0.5807207578253707 0.6101821862348179 0.631519769357496 0.577406015037594 0.631519769357496
28 0.20724985540775018 0.6576070840197693 0.2834037015615963 0.6576070840197693 0.2834037015615963 0.6836943986820428 0.20724985540775018 0.6836943986820428
19 0.5832215153267785 0.4679530477759473 0.6108444187391556 0.4679530477759473 0.6108444187391556 0.5180930807248764 0.5832215153267785 0.5180930807248764
32 0.4197599768652401 0.7612149917627677 0.4607374204742626 0.7612149917627677 0.4607374204742626 0.8108937397034596 0.4197599768652401 0.8108937397034596