14 0.5092794759825328 0.22093023255813954 0.47161572052401746 0.22093023255813954 0.47161572052401746 0.3230897009966777 0.5092794759825328 0.3230897009966777
4 0.2450873362445415 0.37624584717607973 0.17576419213973798 0.37624584717607973 0.17576419213973798 0.5174418604651163 0.2450873362445415 0.5174418604651163
6 0.16648471615720525 0.23754152823920266 0.06495633187772926 0.23754152823920266 0.06495633187772926 0.5332225913621262 0.16648471615720525 0.5332225913621262 0.16648471615720525 0.301391196013289 0.16430131004366813 0.29900332225913623 0.16648471615720525 0.2971345514950166
27 0.29639737991266374 0.12375415282392027 0.19268558951965065 0.12375415282392027 0.19268558951965065 0.22009966777408638 0.29639737991266374 0.22009966777408638
29 0.22652838427947597 0.22259136212624583 0.14792576419213974 0.22259136212624583 0.14792576419213974 0.3239202657807309 0.22652838427947597 0.3230897009966777
5 0.34770742358078605 0.5473421926910299 0.10589519650655022 0.5473421926910299 0.10589519650655022 0.6362126245847176 0.34770742358078605 0.6362126245847176
2 0.46779475982532753 0.12790697674418605 0.29639737991266374 0.12790697674418605 0.29639737991266374 0.3239202657807309 0.46779475982532753 0.3239202657807309 0.46779475982532753 0.26578073089701 0.4661572052401747 0.2632890365448505 0.4661572052401747 0.23588039867109634 0.46779475982532753 0.23421926910299004
2 0.18995633187772926 0.6461794019933554 0.06495633187772926 0.6461794019933554 0.06495633187772926 0.9426910299003323 0.18831877729257643 0.9410299003322259 0.18831877729257643 0.9352159468438538 0.18995633187772926 0.9343853820598007
3 0.2794759825327511 0.3338870431893688 0.16866812227074235 0.3338870431893688 0.16866812227074235 0.5348837209302325 0.2794759825327511 0.5348837209302325
14 0.23089519650655022 0.8496677740863787 0.19268558951965065 0.8496677740863787 0.19268558951965065 0.9385382059800664 0.23089519650655022 0.9385382059800664
7 0.42412663755458513 0.33222591362126247 0.28220524017467247 0.33222591362126247 0.28220524017467247 0.5348837209302325 0.42412663755458513 0.5348837209302325 0.42412663755458513 0.446843853820598 0.42248908296943233 0.44518272425249167
1 0.35025655021834057 0.20071843853820595 0.4075709606986899 0.20071843853820595 0.4075709606986899 0.3239161129568106 0.35025655021834057 0.3239161129568106
8 0.2947625545851528 0.402828073089701 0.321143558951965 0.402828073089701 0.321143558951965 0.44712209302325584 0.2947625545851528 0.44712209302325584
8 0.294757096069869 0.4554277408637874 0.3229612445414848 0.4554277408637874 0.3229612445414848 0.49972176079734215 0.294757096069869 0.49972176079734215
8 0.33751637554585157 0.4955689368770765 0.4139355895196507 0.4955689368770765 0.4139355895196507 0.5357101328903654 0.33751637554585157 0.5357101328903654
8 0.3948307860262009 0.45265365448504985 0.4166648471615721 0.45265365448504985 0.4166648471615721 0.5329443521594684 0.3948307860262009 0.5329443521594684
28 0.3511653930131004 0.33637873754152825 0.4148498908296943 0.33637873754152825 0.4148498908296943 0.36129568106312293 0.3511653930131004 0.36129568106312293
12 0.4423116812227075 0.12837624584717608 0.4685180131004367 0.12837624584717608 0.4685180131004367 0.22660714285714284 0.4423116812227075 0.22660714285714284
12 0.23202237991266378 0.2285548172757475 0.2537527292576419 0.2285548172757475 0.2537527292576419 0.3238704318936877 0.23202237991266378 0.3238704318936877
12 0.23074508733624452 0.22660714285714284 0.29785753275109167 0.22660714285714284 0.29785753275109167 0.26259551495016614 0.23074508733624452 0.26259551495016614
12 0.06519923580786027 0.6487084717607973 0.153403384279476 0.6487084717607973 0.153403384279476 0.686640365448505 0.06519923580786027 0.686640365448505
12 0.44550764192139736 0.6477325581395349 0.4685207423580786 0.6477325581395349 0.4685207423580786 0.7449916943521594 0.44550764192139736 0.7449916943521594
1 0.3611381004366812 0.7177574750830565 0.4212199781659388 0.7177574750830565 0.4212199781659388 0.8402990033222592 0.3611381004366812 0.8402990033222592
1 0.06711244541484715 0.7547176079734219 0.14189410480349343 0.7547176079734219 0.14189410480349343 0.847109634551495 0.06711244541484715 0.847109634551495
2 0.32789847161572055 0.639954318936877 0.471075327510917 0.639954318936877 0.471075327510917 0.8461420265780731 0.32789847161572055 0.8461420265780731
27 0.19047489082969432 0.6895514950166113 0.26014737991266373 0.6895514950166113 0.26014737991266373 0.8402990033222592 0.19047489082969432 0.8402990033222592
24 0.15723526200873364 0.2304983388704319 0.19367085152838429 0.2304983388704319 0.19367085152838429 0.25870431893687706 0.15723526200873364 0.25870431893687706
24 0.2729312227074236 0.1274044850498339 0.2901910480349345 0.1274044850498339 0.2901910480349345 0.1526951827242525 0.2729312227074236 0.1526951827242525
24 0.24033296943231441 0.7576370431893689 0.2531168122270742 0.7576370431893689 0.2531168122270742 0.7848712624584717 0.24033296943231441 0.7848712624584717
24 0.26526200873362443 0.6652408637873755 0.27932314410480347 0.6652408637873755 0.27932314410480347 0.695390365448505 0.26526200873362443 0.695390365448505
15 0.21860262008733625 0.8013995016611296 0.23266375545851528 0.8013995016611296 0.23266375545851528 0.8286337209302326 0.21860262008733625 0.8286337209302326
15 0.2742057860262009 0.7459634551495018 0.2908269650655022 0.7459634551495018 0.2908269650655022 0.7722259136212625 0.2742057860262009 0.7722259136212625
15 0.24800218340611355 0.1332392026578073 0.2620633187772926 0.1332392026578073 0.2620633187772926 0.16338870431893687 0.24800218340611355 0.16338870431893687
27 0.26206331877729255 0.6487043189368771 0.32406113537117903 0.6487043189368771 0.32406113537117903 0.8402990033222592 0.26206331877729255 0.8402990033222592
30 0.23201965065502184 0.2285548172757475 0.29593886462882096 0.2285548172757475 0.29593886462882096 0.33164451827242525 0.23201965065502184 0.33164451827242525
12 0.11441320960698691 0.5456146179401994 0.15212609170305677 0.5456146179401994 0.15212609170305677 0.5718770764119601 0.11441320960698691 0.5718770764119601
26 0.3419623362445414 0.5465863787375416 0.4704394104803494 0.5465863787375416 0.4704394104803494 0.6419019933554817 0.3419623362445414 0.6419019933554817
16 0.1035453056768559 0.5709011627906977 0.15531932314410482 0.5709011627906977 0.15531932314410482 0.6370390365448504 0.1035453056768559 0.6370390365448504
16 0.15212336244541486 0.639954318936877 0.19175218340611355 0.639954318936877 0.19175218340611355 0.7012250830564783 0.15212336244541486 0.7012250830564783
16 0.29146288209606985 0.6428696013289037 0.32278384279475986 0.6428696013289037 0.32278384279475986 0.7002533222591362 0.29146288209606985 0.7002533222591362
16 0.3272598253275109 0.6389784053156146 0.369443231441048 0.6389784053156146 0.369443231441048 0.7041445182724252 0.3272598253275109 0.7041445182724252
16 0.41738537117903934 0.36471760797342195 0.4288919213973799 0.36471760797342195 0.4288919213973799 0.5135215946843854 0.41738537117903934 0.5135215946843854
16 0.25311408296943233 0.26745431893687704 0.3016894104803493 0.26745431893687704 0.3016894104803493 0.3374792358803987 0.25311408296943233 0.3374792358803987
16 0.2511981441048035 0.16922757475083056 0.31255731441048035 0.16922757475083056 0.31255731441048035 0.2227159468438538 0.2511981441048035 0.2227159468438538
16 0.1898362445414847 0.7411004983388704 0.23074235807860263 0.7411004983388704 0.23074235807860263 0.7965406976744186 0.1898362445414847 0.7965406976744186
16 0.4646834061135371 0.2256395348837209 0.4787445414847161 0.2256395348837209 0.4787445414847161 0.3199750830564784 0.4646834061135371 0.3199750830564784
0 0.4269732532751091 0.32678571428571435 0.5087909388646288 0.32678571428571435 0.5087909388646288 0.5358887043189369 0.4269732532751091 0.5358887043189369
21 0.06731713973799126 0.23046926910299004 0.08863264192139737 0.23046926910299004 0.08863264192139737 0.4763081395348837 0.06731713973799126 0.4763081395348837
21 0.06731986899563319 0.2304734219269103 0.15595524017467252 0.2304734219269103 0.15595524017467252 0.26120431893687707 0.06731986899563319 0.26120431893687707
19 0.06507368995633188 0.48569767441860473 0.0903193231441048 0.48569767441860473 0.0903193231441048 0.5343521594684385 0.06507368995633188 0.5343521594684385
32 0.19634279475982533 0.2253529900332226 0.22663755458515283 0.2253529900332226 0.22663755458515283 0.2663247508305648 0.19634279475982533 0.2663247508305648