30 0.3490172721858249 0.25226586102719034 0.23108993448481238 0.25226586102719034 0.23108993448481238 0.3527190332326284 0.34782608695652173 0.3527190332326284
4 0.17331745086360928 0.4350453172205438 0.07027992852888625 0.4350453172205438 0.07027992852888625 0.5294561933534743 0.17331745086360928 0.5294561933534743
5 0.34782608695652173 0.5725075528700906 0.09350804050029779 0.5725075528700906 0.09350804050029779 0.6669184290030211 0.34782608695652173 0.6669184290030211
27 0.3513996426444312 0.14954682779456194 0.22870756402620607 0.14954682779456194 0.22870756402620607 0.24546827794561935 0.3513996426444312 0.24546827794561935
6 0.14770696843359143 0.14954682779456194 0.03692674210839786 0.14954682779456194 0.03692674210839786 0.3527190332326284 0.14770696843359143 0.3527190332326284
7 0.4663490172721858 0.3610271903323263 0.22596595426597296 0.36402907900836684 0.22429213238252127 0.5678004585115926 0.4663490172721858 0.5694864048338368
29 0.22453841572364502 0.14501510574018128 0.1506849315068493 0.14501510574018128 0.1506849315068493 0.3013595166163142 0.22453841572364502 0.2998489425981873
2 0.5247170935080405 0.1510574018126888 0.3543776057176891 0.1510574018126888 0.3543776057176891 0.3512084592145015 0.5247170935080405 0.3512084592145015
3 0.22751637879690292 0.37084592145015105 0.038117927337701016 0.37084592145015105 0.038117927337701016 0.5641993957703928 0.22751637879690292 0.5641993957703928
0 0.4711822513400834 0.36190709969788515 0.5691036331149494 0.36190709969788515 0.5691036331149494 0.5688632930513595 0.4711822513400834 0.5688632930513595
0 0.38414234663490177 0.04245090634441087 0.48541095890410957 0.04245090634441087 0.48541095890410957 0.14327416918429003 0.38414234663490177 0.14327416918429003
26 0.34815366289458016 0.572046827794562 0.5264145324597975 0.572046827794562 0.5264145324597975 0.6654456193353475 0.34815366289458016 0.6654456193353475
2 0.3523377010125074 0.6686216012084593 0.5247438951756997 0.6686216012084593 0.5247438951756997 0.871333081570997 0.3523377010125074 0.871333081570997
2 0.035985705777248356 0.6718089123867069 0.19164979154258485 0.6718089123867069 0.19164979154258485 0.9742787009063445 0.035985705777248356 0.9742787009063445
27 0.2719952352590828 0.6951586102719032 0.34899344848123887 0.6951586102719032 0.34899344848123887 0.8755815709969789 0.2719952352590828 0.8755815709969789
27 0.19165574746873137 0.6909138972809669 0.26948779035139964 0.6909138972809669 0.26948779035139964 0.8723942598187313 0.19165574746873137 0.8723942598187313
1 0.40255509231685527 0.22817975830815712 0.4762060750446695 0.22817975830815712 0.4762060750446695 0.3512915407854985 0.40255509231685527 0.3512915407854985
1 0.3916706372840977 0.7460989425981872 0.4669952352590828 0.7460989425981872 0.4669952352590828 0.8702756797583081 0.3916706372840977 0.8702756797583081
1 0.03598868374032162 0.7885498489425984 0.13223049434187015 0.7885498489425984 0.13223049434187015 0.887250755287009 0.03598868374032162 0.887250755287009
12 0.03682251340083383 0.6771148036253777 0.14143835616438358 0.6771148036253777 0.14143835616438358 0.713202416918429 0.03682251340083383 0.713202416918429
12 0.4937790351399643 0.6802983383685801 0.5213966646813579 0.6802983383685801 0.5213966646813579 0.7726321752265861 0.4937790351399643 0.7726321752265861
12 0.2326593210244193 0.2547167673716012 0.2594431209053008 0.2547167673716012 0.2594431209053008 0.3512953172205438 0.2326593210244193 0.3512953172205438
12 0.23266229898749255 0.2525906344410876 0.3531745086360929 0.2525906344410876 0.3531745086360929 0.2897356495468278 0.23266229898749255 0.2897356495468278
8 0.3130047647409172 0.42876510574018123 0.34648302561048244 0.42876510574018123 0.34648302561048244 0.4712197885196375 0.3130047647409172 0.4712197885196375
8 0.3155181655747469 0.4786518126888218 0.34648302561048244 0.4786518126888218 0.34648302561048244 0.5179191842900303 0.3155181655747469 0.5179191842900303
8 0.35234067897558063 0.5359592145015106 0.45276950565812984 0.5359592145015106 0.45276950565812984 0.5731042296072508 0.35234067897558063 0.5731042296072508
8 0.42264145324597974 0.4956268882175227 0.4536063132817153 0.4956268882175227 0.4536063132817153 0.5688595166163143 0.42264145324597974 0.5688595166163143
28 0.36405598570577724 0.3672129909365559 0.4351935675997618 0.3672129909365559 0.4351935675997618 0.3916238670694864 0.36405598570577724 0.3916238670694864
16 0.460300774270399 0.3863141993957704 0.4745294818344253 0.3863141993957704 0.4745294818344253 0.5455135951661632 0.460300774270399 0.5455135951661632
16 0.35066706372840983 0.659070996978852 0.409249553305539 0.659070996978852 0.409249553305539 0.7333610271903322 0.35066706372840983 0.7333610271903322
16 0.30798689696247766 0.6940974320241692 0.3473198332340679 0.6940974320241692 0.3473198332340679 0.7535309667673716 0.30798689696247766 0.7535309667673716
16 0.18830256104824303 0.7726359516616313 0.23349612864800479 0.7726359516616313 0.23349612864800479 0.8310045317220544 0.18830256104824303 0.8310045317220544
16 0.14311494937462776 0.667560422960725 0.18914234663490173 0.667560422960725 0.18914234663490173 0.7333610271903324 0.14311494937462776 0.7333610271903324
16 0.08955032757593805 0.6028247734138974 0.1431119714115545 0.6028247734138974 0.1431119714115545 0.6686253776435045 0.08955032757593805 0.6686253776435045
16 0.26111673615247166 0.2982288519637462 0.3146783799880882 0.2982288519637462 0.3146783799880882 0.36615181268882174 0.26111673615247166 0.36615181268882174
16 0.3983680762358547 0.13478474320241693 0.47954734961286477 0.13478474320241693 0.47954734961286477 0.16131797583081572 0.3983680762358547 0.16131797583081572
16 0.18663192376414534 0.8766389728096677 0.2050416914830256 0.8766389728096677 0.2050416914830256 0.9753398791540785 0.18663192376414534 0.9753398791540785
21 0.03598868374032162 0.1496450151057402 0.06695354377605718 0.1496450151057402 0.06695354377605718 0.3587235649546828 0.03598868374032162 0.3587235649546828
21 0.06695652173913043 0.32263595166163145 0.1029422275163788 0.32263595166163145 0.1029422275163788 0.35872356495468277 0.06695652173913043 0.35872356495468277
16 0.30547051816557474 0.19209592145015103 0.35485110184633717 0.19209592145015103 0.35485110184633717 0.2525868580060423 0.30547051816557474 0.2525868580060423
12 0.10712626563430613 0.5731042296072507 0.15482727814175104 0.5731042296072507 0.15482727814175104 0.6017598187311178 0.10712626563430613 0.6017598187311178
12 0.1933263847528291 0.664380664652568 0.3079839189994044 0.664380664652568 0.3079839189994044 0.6898489425981873 0.1933263847528291 0.6898489425981873
15 0.29208457415128053 0.16450528700906344 0.31551518761167363 0.16450528700906344 0.31551518761167363 0.19209592145015103 0.29208457415128053 0.19209592145015103
15 0.28539011316259677 0.7683874622356496 0.30882072662298987 0.7683874622356496 0.30882072662298987 0.8034101208459213 0.28539011316259677 0.8034101208459213
15 0.220946992257296 0.8278172205438066 0.24019654556283504 0.8278172205438066 0.24019654556283504 0.8596601208459214 0.220946992257296 0.8596601208459214
24 0.2460541989279333 0.7789992447129909 0.2678111971411554 0.7789992447129909 0.2678111971411554 0.8055324773413898 0.2460541989279333 0.8055324773413898
24 0.27534246575342464 0.7068315709969788 0.2954258487194759 0.7068315709969788 0.2954258487194759 0.7333648036253777 0.27534246575342464 0.7333648036253777
24 0.32220964860035733 0.15176737160120846 0.34731983323406795 0.15176737160120846 0.34731983323406795 0.18148036253776437 0.32220964860035733 0.18148036253776437
14 0.19164979154258488 0.8777001510574018 0.23684335914234664 0.8777001510574018 0.23684335914234664 0.9732212990936555 0.19164979154258488 0.9732212990936555
18 0.21843359142346636 0.11992447129909366 0.26027992852888626 0.11992447129909366 0.26027992852888626 0.1400906344410876 0.21843359142346636 0.1400906344410876
21 0.03593805836807624 0.15078549848942596 0.14719475878499108 0.15078549848942596 0.14719475878499108 0.1910271903323263 0.03593805836807624 0.1910271903323263
32 0.16860333531864208 0.1527190332326284 0.22327278141751042 0.1527190332326284 0.22327278141751042 0.18859516616314198 0.16860333531864208 0.18859516616314198