29 0.45822942643391523 0.7579298831385642 0.3778054862842893 0.7579298831385642 0.3778054862842893 0.8656093489148581 0.45822942643391523 0.8656093489148581
2 0.29301745635910226 0.7662771285475793 0.09725685785536159 0.7662771285475793 0.09725685785536159 0.9699499165275459 0.29301745635910226 0.9699499165275459
27 0.4139650872817955 0.8722871452420701 0.29738154613466333 0.8722871452420701 0.29738154613466333 0.9699499165275459 0.4139650872817955 0.9699499165275459
0 0.1483790523690773 0.34056761268781305 0.05610972568578554 0.34056761268781305 0.05610972568578554 0.7520868113522537 0.1483790523690773 0.7520868113522537
6 0.559850374064838 0.513355592654424 0.4476309226932668 0.513355592654424 0.4476309226932668 0.7504173622704507 0.4544887780548628 0.7504173622704507 0.463216957605985 0.7587646076794657 0.463216957605985 0.7704507512520868 0.4613466334164589 0.7721202003338898 0.4600997506234414 0.8572621035058431 0.45822942643391523 0.8580968280467446 0.45760598503740646 0.8706176961602671 0.559850374064838 0.8706176961602671
7 0.3260598503740648 0.5492487479131887 0.15149625935162095 0.5492487479131887 0.15149625935162095 0.7554257095158597 0.3260598503740648 0.7554257095158597 0.3260598503740648 0.6318864774624374 0.32418952618453867 0.6302170283806344 0.32418952618453867 0.6176961602671118 0.32231920199501246 0.6160267111853088 0.32231920199501246 0.6068447412353923 0.3260598503740648 0.5951585976627712
5 0.48940149625935164 0.34557595993322204 0.4114713216957606 0.34557595993322204 0.4114713216957606 0.503338898163606 0.48940149625935164 0.503338898163606
4 0.4382793017456359 0.6001669449081803 0.3316708229426434 0.6001669449081803 0.3316708229426434 0.6978297161936561 0.4382793017456359 0.6978297161936561
3 0.45261845386533667 0.5575959933222037 0.4233167082294264 0.5575959933222037 0.4233167082294264 0.5642737896494157 0.42082294264339154 0.5667779632721202 0.4164588528678304 0.5634390651085142 0.41458852867830426 0.5575959933222037 0.32418952618453867 0.5575959933222037 0.32418952618453867 0.7487479131886478 0.45261845386533667 0.7487479131886478 0.45261845386533667 0.6285475792988314 0.4488778054862843 0.6285475792988314 0.44326683291770574 0.6001669449081803 0.449501246882793 0.5918196994991652 0.45261845386533667 0.5918196994991652
27 0.33665835411471323 0.12186978297161936 0.263715710723192 0.12186978297161936 0.263715710723192 0.2345575959933222 0.33665835411471323 0.2345575959933222
2 0.26246882793017456 0.12520868113522537 0.09725685785536159 0.12520868113522537 0.09725685785536159 0.337228714524207 0.26246882793017456 0.337228714524207 0.26246882793017456 0.28213689482470783 0.26059850374064836 0.27963272120200333 0.26059850374064836 0.2387312186978297 0.26246882793017456 0.2362270450751252
27 0.41458852867830426 0.12186978297161936 0.341645885286783 0.12186978297161936 0.341645885286783 0.27212020033388984 0.41458852867830426 0.27212020033388984
2 0.5648379052369077 0.04006677796327212 0.4183291770573566 0.04006677796327212 0.4183291770573566 0.33889816360601 0.5648379052369077 0.33889816360601
14 0.09413965087281795 0.166110183639399 0.05236907730673317 0.166110183639399 0.05236907730673317 0.29632721202003337 0.09413965087281795 0.29465776293823037
31 0.33665835411471323 0.24373956594323873 0.26246882793017456 0.24373956594323873 0.26246882793017456 0.333889816360601 0.3385286783042394 0.333889816360601
26 0.1517019950124688 0.34641068447412354 0.410430174563591 0.34641068447412354 0.410430174563591 0.5467445742904842 0.1517019950124688 0.5467445742904842
0 0.022861596009975064 0.848635225375626 0.09767456359102246 0.848635225375626 0.09767456359102246 0.9752378964941569 0.022861596009975064 0.9752378964941569
17 0.29094139650872813 0.7568155258764608 0.37510598503740644 0.7568155258764608 0.37510598503740644 0.8639357262103506 0.29094139650872813 0.8639357262103506
12 0.342889650872818 0.7623831385642738 0.375102867830424 0.7623831385642738 0.375102867830424 0.8722913188647745 0.342889650872818 0.8722913188647745
12 0.10078865336658353 0.7596035058430718 0.12676745635910225 0.7596035058430718 0.12676745635910225 0.8667237061769616 0.10078865336658353 0.8667237061769616
12 0.22443578553615962 0.12381469115191987 0.2597662094763092 0.12381469115191987 0.2597662094763092 0.27823873121869785 0.22443578553615962 0.27823873121869785
12 0.4644638403990025 0.2963230383973289 0.564214463840399 0.2963230383973289 0.564214463840399 0.3394532554257095 0.4644638403990025 0.3394532554257095
8 0.1631359102244389 0.5509181969949917 0.19119077306733168 0.5509181969949917 0.19119077306733168 0.6218697829716193 0.1631359102244389 0.6218697829716193
8 0.16209476309226933 0.5481385642737896 0.2587281795511222 0.5481385642737896 0.2587281795511222 0.5857011686143573 0.16209476309226933 0.5857011686143573
28 0.18702930174563592 0.7234265442404008 0.25664900249376554 0.7234265442404008 0.25664900249376554 0.7595951585976628 0.18702930174563592 0.7595951585976628
5 0.4083572319201995 0.34640651085141905 0.4914806733167082 0.34640651085141905 0.4914806733167082 0.5022245409015025 0.4083572319201995 0.5022245409015025
16 0.44056421446384036 0.4340525876460768 0.49148067331670825 0.4340525876460768 0.49148067331670825 0.5105717863105176 0.44056421446384036 0.5105717863105176
16 0.20989089775561098 0.26850166944908177 0.2608073566084788 0.26850166944908177 0.2608073566084788 0.329712020033389 0.20989089775561098 0.329712020033389
16 0.4052337905236908 0.2601544240400668 0.46550187032418955 0.2601544240400668 0.46550187032418955 0.340847245409015 0.4052337905236908 0.340847245409015
16 0.13923628428927678 0.5620450751252087 0.16209788029925187 0.5620450751252087 0.16209788029925187 0.7164691151919866 0.13923628428927678 0.7164691151919866
16 0.1392362842892768 0.3909307178631052 0.16313279301745637 0.3909307178631052 0.16313279301745637 0.48414440734557596 0.1392362842892768 0.48414440734557596
16 0.3719887780548628 0.17111853088480802 0.42186408977556106 0.17111853088480802 0.42186408977556106 0.22537562604340566 0.3719887780548628 0.22537562604340566
16 0.2628834164588529 0.17807595993322203 0.3044482543640898 0.17807595993322203 0.3044482543640898 0.24207429048414023 0.2628834164588529 0.24207429048414023
16 0.09039588528678305 0.8681135225375626 0.10390586034912719 0.8681135225375626 0.10390586034912719 0.9682804674457429 0.09039588528678305 0.9682804674457429
16 0.30133104738154615 0.7595951585976628 0.3397786783042394 0.7595951585976628 0.3397786783042394 0.8277671118530886 0.30133104738154615 0.8277671118530886
16 0.2909382793017456 0.8639398998330551 0.3366552369077307 0.8639398998330551 0.3366552369077307 0.9223706176961602 0.2909382793017456 0.9223706176961602
12 0.4125093516209476 0.3450208681135225 0.49148067331670825 0.3450208681135225 0.49148067331670825 0.38536310517529215 0.4125093516209476 0.38536310517529215
1 0.12468827930174564 0.20867696160267113 0.19638403990024939 0.20867696160267113 0.19638403990024939 0.3394532554257095 0.12468827930174564 0.3394532554257095
1 0.47070137157107234 0.1349499165275459 0.5631764339152119 0.1349499165275459 0.5631764339152119 0.2351168614357262 0.47070137157107234 0.2351168614357262
1 0.17248753117206983 0.8500292153589316 0.24730049875311721 0.8500292153589316 0.24730049875311721 0.9682846410684475 0.17248753117206983 0.9682846410684475
21 0.4519981296758105 0.5147495826377295 0.5631764339152119 0.5147495826377295 0.5631764339152119 0.5564858096828046 0.4519981296758105 0.5564858096828046
21 0.530963216957606 0.5133597662771285 0.563176433915212 0.5133597662771285 0.563176433915212 0.8667237061769616 0.530963216957606 0.8667237061769616
21 0.41458852867830426 0.8263772954924875 0.564214463840399 0.8263772954924875 0.564214463840399 0.8722871452420701 0.41458852867830426 0.8722871452420701
25 0.5309663341645885 0.6357804674457429 0.5590211970074813 0.6357804674457429 0.5590211970074813 0.674737061769616 0.5309663341645885 0.674737061769616
24 0.4114682044887781 0.8291569282136895 0.46550187032418955 0.8291569282136895 0.46550187032418955 0.8708931552587645 0.4114682044887781 0.8708931552587645
24 0.2992549875311721 0.9348956594323874 0.3262687032418953 0.9348956594323874 0.3262687032418953 0.9710642737896494 0.2992549875311721 0.9710642737896494
24 0.33873753117206984 0.17807178631051754 0.365751246882793 0.17807178631051754 0.365751246882793 0.21563439065108517 0.33873753117206984 0.21563439065108517
24 0.3013279301745636 0.24068030050083472 0.3293827930174563 0.24068030050083472 0.3293827930174563 0.2726752921535893 0.3013279301745636 0.2726752921535893
15 0.30341022443890275 0.19476627712854758 0.3252306733167083 0.19476627712854758 0.3252306733167083 0.2281552587646077 0.30341022443890275 0.2281552587646077
15 0.3823753117206983 0.1293823038397329 0.4073129675810474 0.1293823038397329 0.4073129675810474 0.1669449081803005 0.3823753117206983 0.1669449081803005
15 0.3293859102244389 0.9265400667779632 0.3595168329177057 0.9265400667779632 0.3595168329177057 0.9571494156928213 0.3293859102244389 0.9571494156928213
32 0.37838528678304245 0.8267362270450751 0.4130361596009975 0.8267362270450751 0.4130361596009975 0.8703422370617695 0.37838528678304245 0.8703422370617695
19 0.41719451371571076 0.5112604340567612 0.45322942643391523 0.5112604340567612 0.45322942643391523 0.5511602671118531 0.41719451371571076 0.5511602671118531