29 0.2559055118110236 0.24703087885985747 0.15691788526434194 0.24703087885985747 0.15691788526434194 0.3808392715756136 0.21484814398200225 0.3808392715756136 0.2525309336332958 0.37925574030087095 0.2559055118110236 0.3768804433887569
26 0.546119235095613 0.6413301662707839 0.39595050618672667 0.6413301662707839 0.39595050618672667 0.7608867775138559 0.546119235095613 0.7608867775138559
27 0.3447694038245219 0.12034837688044339 0.21203599550056243 0.12034837688044339 0.21203599550056243 0.2375296912114014 0.3447694038245219 0.2375296912114014
4 0.34195725534308213 0.4489311163895487 0.21766029246344207 0.4489311163895487 0.21766029246344207 0.5613618368962787 0.3374578177727784 0.5597783056215361 0.34195725534308213 0.5510688836104513
12 0.35208098987626546 0.24703087885985747 0.3194600674915636 0.24703087885985747 0.3194600674915636 0.3721298495645289 0.35208098987626546 0.3721298495645289
2 0.5809898762654668 0.12193190815518606 0.3515185601799775 0.12193190815518606 0.3515185601799775 0.3760886777513856 0.5809898762654668 0.3760886777513856 0.5809898762654668 0.281076801266825 0.5787401574803149 0.278701504354711 0.5787401574803149 0.2494061757719715 0.5809898762654668 0.24703087885985747
6 0.16029246344206974 0.24703087885985747 0.03655793025871766 0.24703087885985747 0.03655793025871766 0.5114806017418844 0.16029246344206974 0.5114806017418844 0.16029246344206974 0.3768804433887569 0.15523059617547807 0.3657957244655582 0.15523059617547807 0.3072050673000792 0.15691788526434194 0.3056215360253365 0.15691788526434194 0.29612034837688045 0.15916760404949382 0.29453681710213775 0.16029246344206974 0.283452098178939
27 0.3914510686164229 0.6460807600950119 0.25984251968503935 0.6460807600950119 0.25984251968503935 0.7616785431512272 0.3914510686164229 0.7616785431512272
14 0.3093363329583802 0.7695961995249406 0.25703037120359956 0.7695961995249406 0.25703037120359956 0.8844022169437846 0.3093363329583802 0.8844022169437846
7 0.5483689538807649 0.38163103721298497 0.3655793025871766 0.38163103721298497 0.3655793025871766 0.6357878068091845 0.5483689538807649 0.6357878068091845
14 0.6310461192350956 0.2391132224861441 0.5826771653543307 0.2391132224861441 0.5826771653543307 0.3745051464766429 0.6310461192350956 0.3745051464766429
0 0.624859392575928 0.38163103721298497 0.5590551181102362 0.38163103721298497 0.5590551181102362 0.7585114806017419 0.624859392575928 0.7585114806017419
5 0.19628796400449944 0.5344418052256532 0.12092238470191226 0.5344418052256532 0.12092238470191226 0.6357878068091845 0.19628796400449944 0.6357878068091845
3 0.20022497187851518 0.3847980997624703 0.3644544431946007 0.3847980997624703 0.3644544431946007 0.6413301662707839 0.20022497187851518 0.6413301662707839
8 0.38357705286839144 0.4639746634996041 0.4251968503937008 0.4639746634996041 0.4251968503937008 0.5288994457640538 0.38357705286839144 0.5288994457640538
8 0.3847019122609674 0.5288994457640538 0.4263217097862767 0.5288994457640538 0.4263217097862767 0.5890736342042755 0.3847019122609674 0.5890736342042755
8 0.45219347581552305 0.5811559778305622 0.5433070866141733 0.5811559778305622 0.5433070866141733 0.6365795724465558 0.45219347581552305 0.6365795724465558
8 0.5118110236220472 0.5352335708630246 0.545556805399325 0.5352335708630246 0.545556805399325 0.6318289786223278 0.5118110236220472 0.6318289786223278
28 0.46006749156355453 0.39429928741092635 0.5286839145106862 0.39429928741092635 0.5286839145106862 0.4164687252573238 0.46006749156355453 0.4164687252573238
16 0.3532058492688414 0.31512272367379257 0.40719910011248595 0.31512272367379257 0.40719910011248595 0.3832145684877276 0.3532058492688414 0.3832145684877276
16 0.2722159730033746 0.17735550277117973 0.3138357705286839 0.17735550277117973 0.3138357705286839 0.24069675376088678 0.2722159730033746 0.24069675376088678
16 0.2047244094488189 0.6413301662707839 0.2530933633295838 0.6413301662707839 0.2530933633295838 0.7094220110847189 0.2047244094488189 0.7094220110847189
16 0.25984251968503935 0.7046714172604909 0.31496062992125984 0.7046714172604909 0.31496062992125984 0.7600950118764845 0.25984251968503935 0.7600950118764845
16 0.2508436445444319 0.7569279493269992 0.2688413948256468 0.7569279493269992 0.2688413948256468 0.885193982581156 0.2508436445444319 0.885193982581156
16 0.5433070866141733 0.4101346001583531 0.5601799775028121 0.4101346001583531 0.5601799775028121 0.6254948535233571 0.5433070866141733 0.6254948535233571
12 0.5444319460067492 0.11718131433095803 0.5838020247469067 0.11718131433095803 0.5838020247469067 0.2581155977830562 0.5444319460067492 0.2581155977830562
12 0.03262092238470191 0.6492478226444972 0.0719910011248594 0.6492478226444972 0.0719910011248594 0.8915281076801267 0.03262092238470191 0.8915281076801267
2 0.03374578177727784 0.6397466349960411 0.25534308211473566 0.6397466349960411 0.25534308211473566 0.8883610451306413 0.03374578177727784 0.8883610451306413
19 0.038506749156355456 0.455304829770388 0.07444038245219348 0.455304829770388 0.07444038245219348 0.5143230403800475 0.038506749156355456 0.5143230403800475
32 0.2087710911136108 0.2457205067300079 0.25411979752530933 0.2457205067300079 0.25411979752530933 0.29510292953285827 0.2087710911136108 0.29510292953285827