29 0.21183098591549296 0.1547049441786284 0.13014084507042253 0.1547049441786284 0.13014084507042253 0.2647527910685805 0.21183098591549296 0.26395534290271133
2 0.3295774647887324 0.6052631578947368 0.3295774647887324 0.6251993620414673 0.327887323943662 0.6259968102073366 0.327887323943662 0.817384370015949 0.4895774647887324 0.817384370015949 0.4895774647887324 0.6052631578947368
0 0.5352112676056338 0.2647527910685805 0.4349295774647887 0.2647527910685805 0.4349295774647887 0.48883572567783096 0.5352112676056338 0.48883572567783096
14 0.5380281690140845 0.14912280701754385 0.49464788732394366 0.14912280701754385 0.49464788732394366 0.26395534290271133 0.5374647887323943 0.2631578947368421
7 0.4349295774647887 0.2727272727272727 0.27943661971830985 0.2727272727272727 0.27943661971830985 0.4864433811802233 0.4349295774647887 0.4864433811802233
4 0.2343661971830986 0.3229665071770335 0.1543661971830986 0.3229665071770335 0.1543661971830986 0.46331738437001596 0.2343661971830986 0.46331738437001596
27 0.29126760563380283 0.04784688995215311 0.17295774647887324 0.04784688995215311 0.17295774647887324 0.15151515151515152 0.21971830985915494 0.15151515151515152 0.22140845070422535 0.14912280701754385 0.2304225352112676 0.14912280701754385 0.23267605633802818 0.15151515151515152 0.29126760563380283 0.15151515151515152
27 0.24788732394366197 0.6523125996810207 0.17295774647887324 0.6523125996810207 0.17295774647887324 0.8165869218500797 0.24788732394366197 0.8165869218500797
2 0.1712676056338028 0.6108452950558214 0.02647887323943662 0.6108452950558214 0.02647887323943662 0.9178628389154705 0.1712676056338028 0.9178628389154705 0.1695774647887324 0.854066985645933 0.16788732394366196 0.8532695374800638 0.16788732394366196 0.8269537480063796 0.1712676056338028 0.8197767145135566 0.1712676056338028 0.6562998405103668 0.1695774647887324 0.6555023923444976 0.1695774647887324 0.6515151515151515 0.1712676056338028 0.6507177033492823
12 0.28112676056338026 0.7862838915470495 0.25464788732394367 0.7862838915470495 0.25464788732394367 0.8229665071770335 0.27943661971830985 0.8229665071770335 0.27943661971830985 0.8054226475279107 0.28112676056338026 0.8046251993620415 0.28112676056338026 0.7918660287081339 0.27943661971830985 0.7894736842105263
27 0.3211267605633803 0.6076555023923444 0.2552112676056338 0.6076555023923444 0.2552112676056338 0.7791068580542265 0.27267605633802816 0.7791068580542265 0.27774647887323944 0.7822966507177034 0.312112676056338 0.7822966507177034 0.31380281690140843 0.7799043062200957 0.3211267605633803 0.7799043062200957
0 0.4895774647887324 0.8261562998405104 0.28507042253521125 0.8261562998405104 0.28507042253521125 0.9266347687400319 0.28845070422535213 0.9290271132376395 0.3076056338028169 0.9298245614035088 0.48732394366197185 0.9298245614035088 0.4895774647887324 0.9266347687400319
3 0.28112676056338026 0.27352472089314195 0.14647887323943662 0.27352472089314195 0.14647887323943662 0.4864433811802233 0.28112676056338026 0.4864433811802233
2 0.4895774647887324 0.04864433811802233 0.29464788732394365 0.04864433811802233 0.29464788732394365 0.26156299840510366 0.4895774647887324 0.26156299840510366
5 0.49295774647887325 0.4984051036682616 0.1808450704225352 0.4984051036682616 0.1808450704225352 0.5980861244019139 0.49295774647887325 0.5980861244019139
5 0.07605633802816901 0.5077073365231259 0.2 0.5077073365231259 0.2 0.5967583732057417 0.07605633802816901 0.5967583732057417
12 0.08263098591549295 0.4997328548644338 0.1277014084507042 0.4997328548644338 0.1277014084507042 0.524988038277512 0.08263098591549295 0.524988038277512
12 0.4610338028169014 0.05449362041467303 0.49014366197183096 0.05449362041467303 0.49014366197183096 0.15550637958532695 0.4610338028169014 0.15550637958532695
12 0.2187774647887324 0.1594896331738437 0.24412957746478872 0.1594896331738437 0.24412957746478872 0.259170653907496 0.2187774647887324 0.259170653907496
12 0.21596338028169013 0.15284290271132375 0.296712676056338 0.15284290271132375 0.296712676056338 0.1980342902711324 0.21596338028169013 0.1980342902711324
21 0.024414084507042254 0.15816188197767145 0.05352394366197183 0.15816188197767145 0.05352394366197183 0.4199880382775119 0.024414084507042254 0.4199880382775119
21 0.027230985915492945 0.15284290271132378 0.18310140845070422 0.15284290271132378 0.18310140845070422 0.1993580542264753 0.027230985915492945 0.1993580542264753
6 0.01971549295774649 0.15284290271132375 0.1389661971830986 0.15284290271132375 0.1389661971830986 0.49441387559808614 0.01971549295774649 0.49441387559808614
25 0.02535211267605634 0.28176236044657094 0.05352112676056338 0.28176236044657094 0.05352112676056338 0.325622009569378 0.02535211267605634 0.325622009569378
24 0.13145352112676056 0.1594896331738437 0.17652394366197183 0.1594896331738437 0.17652394366197183 0.19936204146730463 0.13145352112676056 0.19936204146730463
30 0.21878028169014085 0.15683014354066982 0.2957774647887324 0.15683014354066982 0.2957774647887324 0.27112838915470494 0.21878028169014085 0.27112838915470494
1 0.3539915492957746 0.13158293460925038 0.4225380281690141 0.13158293460925038 0.4225380281690141 0.25784290271132376 0.3539915492957746 0.25784290271132376
1 0.40187887323943655 0.6818141945773525 0.49014366197183096 0.6818141945773525 0.49014366197183096 0.7788397129186604 0.40187887323943655 0.7788397129186604
1 0.025354929577464786 0.7216905901116427 0.1173718309859155 0.7216905901116427 0.1173718309859155 0.817384370015949 0.025354929577464786 0.817384370015949
12 0.026290140845070427 0.6100438596491228 0.12675774647887325 0.6100438596491228 0.12675774647887325 0.6432735247208932 0.026290140845070427 0.6432735247208932
12 0.3924901408450704 0.6060645933014354 0.4910816901408451 0.6060645933014354 0.4910816901408451 0.6446052631578947 0.3924901408450704 0.6446052631578947
16 0.32958028169014086 0.60207336523126 0.37652676056338025 0.60207336523126 0.37652676056338025 0.6658692185007975 0.32958028169014086 0.6658692185007975
16 0.0769943661971831 0.5263197767145136 0.12863943661971833 0.5263197767145136 0.12863943661971833 0.5927711323763954 0.0769943661971831 0.5927711323763954
16 0.12863943661971833 0.6060606060606061 0.17558591549295777 0.6060606060606061 0.17558591549295777 0.6658692185007975 0.12863943661971833 0.6658692185007975
16 0.28263098591549296 0.6007456140350877 0.32206760563380277 0.6007456140350877 0.32206760563380277 0.6632097288676235 0.28263098591549296 0.6632097288676235
16 0.16901408450704225 0.7123883572567783 0.21690140845070421 0.7123883572567783 0.21690140845070421 0.7775159489633173 0.16901408450704225 0.7775159489633173
16 0.16431830985915494 0.8187161084529506 0.18216056338028166 0.8187161084529506 0.18216056338028166 0.9303588516746412 0.16431830985915494 0.9303588516746412
16 0.36525915492957745 0.8094098883572568 0.45352394366197185 0.8094098883572568 0.45352394366197185 0.8333333333333334 0.36525915492957745 0.8333333333333334
16 0.4300478873239436 0.2977153110047847 0.4478901408450704 0.2977153110047847 0.4478901408450704 0.45853668261562996 0.4300478873239436 0.45853668261562996
16 0.2422507042253521 0.20468102073365232 0.2938957746478873 0.20468102073365232 0.2938957746478873 0.2724641148325359 0.2422507042253521 0.2724641148325359
16 0.24600845070422533 0.08505980861244021 0.2929549295774648 0.08505980861244021 0.2929549295774648 0.14752392344497609 0.24600845070422533 0.14752392344497609
12 0.17934366197183102 0.5994138755980861 0.2450732394366197 0.5994138755980861 0.2450732394366197 0.6446052631578948 0.17934366197183102 0.6446052631578948
19 0.025408450704225347 0.43833732057416264 0.05467042253521126 0.43833732057416264 0.05467042253521126 0.48037081339712917 0.025408450704225347 0.48037081339712917
32 0.18031549295774646 0.155207336523126 0.21443380281690141 0.155207336523126 0.21443380281690141 0.20078947368421055 0.18031549295774646 0.20078947368421055