26 0.5647058823529412 0.658256880733945 0.4197860962566845 0.658256880733945 0.4197860962566845 0.7767584097859327 0.5647058823529412 0.7767584097859327
14 0.3336898395721925 0.790519877675841 0.2818181818181818 0.790519877675841 0.2818181818181818 0.9029051987767585 0.3336898395721925 0.9029051987767585
14 0.6491978609625668 0.2668195718654434 0.6 0.2668195718654434 0.6 0.3967889908256881 0.6491978609625668 0.3967889908256881
27 0.3684491978609626 0.14678899082568808 0.23903743315508022 0.14678899082568808 0.23903743315508022 0.26146788990825687 0.367379679144385 0.26146788990825687
6 0.18823529411764706 0.2668195718654434 0.06631016042780749 0.2668195718654434 0.06631016042780749 0.5336391437308868 0.18823529411764706 0.5336391437308868 0.18823529411764706 0.4013761467889908 0.18502673796791444 0.3944954128440367 0.1839572192513369 0.386085626911315 0.1839572192513369 0.32339449541284404 0.18502673796791444 0.3103975535168196 0.18716577540106952 0.308868501529052 0.18716577540106952 0.29357798165137616 0.18502673796791444 0.29128440366972475 0.18502673796791444 0.28211009174311924 0.18823529411764706 0.27522935779816515
29 0.2796791443850267 0.2698776758409786 0.18181818181818182 0.2698776758409786 0.18181818181818182 0.39984709480122327 0.18823529411764706 0.4029051987767584 0.2796791443850267 0.4013761467889908
3 0.37967914438502676 0.40672782874617736 0.24010695187165776 0.40672782874617736 0.24010695187165776 0.4697021180201608 0.24171122994652405 0.4709480122324159 0.24010695187165776 0.47363801109978476 0.24010695187165776 0.6483180428134556 0.37967914438502676 0.6483180428134556
7 0.5663101604278075 0.40672782874617736 0.38074866310160427 0.40672782874617736 0.38074866310160427 0.6529051987767585 0.5663101604278075 0.6529051987767585
12 0.3748663101604278 0.2714067278287462 0.3433155080213904 0.2714067278287462 0.3433155080213904 0.38990825688073394 0.37593582887700533 0.38837920489296635
2 0.593048128342246 0.14678899082568808 0.37593582887700533 0.14678899082568808 0.37593582887700533 0.3967889908256881 0.593048128342246 0.3967889908256881
4 0.3593582887700535 0.4709480122324159 0.24598930481283424 0.4709480122324159 0.24598930481283424 0.5825688073394495 0.35454545454545455 0.5825688073394495 0.3593582887700535 0.5741590214067278
2 0.2807486631016043 0.6666666666666666 0.09839572192513368 0.6666666666666666 0.09839572192513368 0.8998470948012233 0.2807486631016043 0.8998470948012233
27 0.41550802139037435 0.6651376146788991 0.2839572192513369 0.6651376146788991 0.2839572192513369 0.7798165137614679 0.41550802139037435 0.7798165137614679
0 0.6449197860962567 0.4029051987767584 0.5727272727272728 0.4029051987767584 0.5727272727272728 0.7798165137614679 0.6449197860962567 0.7798165137614679
5 0.1497326203208556 0.5565749235474006 0.25882352941176473 0.5565749235474006 0.25882352941176473 0.6513761467889908 0.1497326203208556 0.6513761467889908
1 0.45158288770053473 0.2437844036697248 0.5296149732620321 0.2437844036697248 0.5296149732620321 0.3945948012232416 0.45158288770053473 0.3945948012232416
1 0.14161764705882351 0.7520068807339451 0.22037165775401069 0.7520068807339451 0.22037165775401069 0.8976567278287464 0.14161764705882351 0.8976567278287464
12 0.06791711229946523 0.6755619266055046 0.09826470588235293 0.6755619266055046 0.09826470588235293 0.9007530581039757 0.06791711229946523 0.9007530581039757
12 0.5642914438502673 0.1497821100917431 0.594639037433155 0.1497821100917431 0.594639037433155 0.2716704892966361 0.5642914438502673 0.2716704892966361
21 0.06936096256684493 0.27373853211009175 0.1011524064171123 0.27373853211009175 0.1011524064171123 0.47826452599388375 0.06936096256684493 0.47826452599388375
21 0.06936363636363638 0.27374235474006114 0.22759893048128343 0.27374235474006114 0.22759893048128343 0.31402522935779814 0.06936363636363638 0.31402522935779814
24 0.16762834224598933 0.27787461773700306 0.2239866310160428 0.27787461773700306 0.2239866310160428 0.3098929663608562 0.16762834224598933 0.3098929663608562
24 0.34464705882352936 0.21279051987767586 0.3670427807486631 0.21279051987767586 0.3670427807486631 0.24791284403669722 0.34464705882352936 0.24791284403669722
24 0.29118181818181815 0.668329510703364 0.3186363636363636 0.668329510703364 0.3186363636363636 0.7024197247706422 0.29118181818181815 0.7024197247706422
15 0.3367005347593583 0.6776337920489297 0.3627112299465241 0.6776337920489297 0.3627112299465241 0.7158524464831805 0.3367005347593583 0.7158524464831805
15 0.304903743315508 0.16114296636085626 0.32802673796791443 0.16114296636085626 0.32802673796791443 0.19523318042813456 0.304903743315508 0.19523318042813456
16 0.2947914438502674 0.20246559633027528 0.33742245989304814 0.20246559633027528 0.33742245989304814 0.2644457186544342 0.2947914438502674 0.2644457186544342
16 0.14667379679144382 0.5650382262996941 0.20881283422459895 0.5650382262996941 0.20881283422459895 0.6487079510703364 0.14667379679144382 0.6487079510703364
16 0.227596256684492 0.6580045871559633 0.2788957219251337 0.6580045871559633 0.2788957219251337 0.7303134556574924 0.227596256684492 0.7303134556574924
16 0.2810668449197861 0.7199847094801223 0.32730748663101605 0.7199847094801223 0.32730748663101605 0.7757645259938838 0.2810668449197861 0.7757645259938838
16 0.5606818181818183 0.44211391437308867 0.5758529411764706 0.44211391437308867 0.5758529411764706 0.630118501529052 0.5606818181818183 0.630118501529052
16 0.276005347593583 0.7912538226299695 0.28756684491978607 0.7912538226299695 0.28756684491978607 0.900749235474006 0.276005347593583 0.900749235474006
16 0.37427005347593584 0.3295221712538226 0.42556951871657756 0.3295221712538226 0.42556951871657756 0.40492737003058105 0.37427005347593584 0.40492737003058105
28 0.4797620320855615 0.41215596330275234 0.5520133689839573 0.41215596330275234 0.5520133689839573 0.43281345565749235 0.4797620320855615 0.43281345565749235
8 0.41039572192513374 0.4844648318042814 0.4443529411764706 0.4844648318042814 0.4443529411764706 0.5495412844036697 0.41039572192513374 0.5495412844036697
8 0.4082272727272727 0.5495451070336392 0.44796524064171117 0.5495451070336392 0.44796524064171117 0.6042928134556574 0.4082272727272727 0.6042928134556574
8 0.47831283422459897 0.6073853211009174 0.5592379679144386 0.6073853211009174 0.5592379679144386 0.6497400611620795 0.47831283422459897 0.6497400611620795
8 0.5296122994652407 0.5598700305810397 0.5577887700534759 0.5598700305810397 0.5577887700534759 0.6487079510703364 0.5296122994652407 0.6487079510703364
19 0.06817112299465242 0.47747706422018343 0.10146524064171124 0.47747706422018343 0.10146524064171124 0.5311162079510704 0.06817112299465242 0.5311162079510704
32 0.23568983957219253 0.2704740061162079 0.27796791443850266 0.2704740061162079 0.27796791443850266 0.31882262996941896 0.23568983957219253 0.31882262996941896