29 0.24498997995991983 0.17872340425531916 0.15531062124248496 0.17872340425531916 0.15531062124248496 0.2950354609929078 0.24498997995991983 0.2950354609929078
6 0.15531062124248496 0.17588652482269504 0.04458917835671343 0.17588652482269504 0.04458917835671343 0.4148936170212766 0.15531062124248496 0.4148936170212766 0.15531062124248496 0.2950354609929078 0.15430861723446893 0.27872340425531916 0.15280561122244488 0.2773049645390071 0.15280561122244488 0.225531914893617 0.15430861723446893 0.22411347517730495 0.15531062124248496 0.21063829787234042
12 0.3276553106212425 0.17588652482269504 0.29609218436873747 0.17588652482269504 0.2965931863727455 0.2886524822695035 0.3276553106212425 0.28794326241134754
14 0.5806613226452906 0.17304964539007092 0.5365731462925851 0.17304964539007092 0.5365731462925851 0.2936170212765957 0.5806613226452906 0.2936170212765957
27 0.3211422845691383 0.06524822695035461 0.20090180360721444 0.06524822695035461 0.20090180360721444 0.16808510638297872 0.3211422845691383 0.16808510638297872
7 0.4759519038076152 0.30141843971631205 0.3046092184368738 0.30141843971631205 0.3046092184368738 0.5276595744680851 0.4759519038076152 0.5276595744680851
26 0.4749498997995992 0.5404255319148936 0.3276553106212425 0.5404255319148936 0.3276553106212425 0.74822695035461 0.4759519038076152 0.74822695035461
2 0.19589178356713427 0.5404255319148936 0.04458917835671343 0.5404255319148936 0.04458917835671343 0.8617021276595744 0.19589178356713427 0.8617021276595744
3 0.30060120240480964 0.3028368794326241 0.16382765531062124 0.3028368794326241 0.16382765531062124 0.5226950354609929 0.30060120240480964 0.5226950354609929
2 0.529559118236473 0.06808510638297872 0.3276553106212425 0.06808510638297872 0.3276553106212425 0.16950354609929077 0.32965931863727455 0.17092198581560283 0.3306613226452906 0.17588652482269504 0.32965931863727455 0.23687943262411348 0.3276553106212425 0.23900709219858157 0.3276553106212425 0.28794326241134754 0.529559118236473 0.28794326241134754
27 0.32314629258517036 0.6439716312056738 0.1998997995991984 0.6439716312056738 0.1998997995991984 0.7574468085106383 0.32314629258517036 0.7574468085106383
0 0.5711422845691383 0.3 0.4779559118236473 0.3 0.4779559118236473 0.6226950354609929 0.5711422845691383 0.6226950354609929
14 0.25100200400801603 0.7617021276595745 0.2029058116232465 0.7617021276595745 0.2029058116232465 0.8652482269503546 0.25100200400801603 0.8652482269503546
1 0.4025901803607215 0.16356382978723405 0.47540581162324647 0.16356382978723405 0.47540581162324647 0.29049290780141845 0.4025901803607215 0.29049290780141845
1 0.0463376753507014 0.6712836879432624 0.14141783567134267 0.6712836879432624 0.14141783567134267 0.7760638297872341 0.0463376753507014 0.7760638297872341
0 0.48081913827655304 0.6320957446808511 0.5789103206412826 0.6320957446808511 0.5789103206412826 0.7445425531914894 0.48081913827655304 0.7445425531914894
12 0.04573396793587175 0.5400886524822694 0.1546568136272545 0.5400886524822694 0.1546568136272545 0.5784219858156028 0.04573396793587175 0.5784219858156028
12 0.5006813627254508 0.06644680851063829 0.5319739478957916 0.06644680851063829 0.5319739478957916 0.1823049645390071 0.5006813627254508 0.1823049645390071
24 0.21423346693386774 0.723241134751773 0.23649799599198396 0.723241134751773 0.23649799599198396 0.7530567375886524 0.21423346693386774 0.7530567375886524
24 0.29186372745490985 0.06985106382978723 0.31533066132264526 0.06985106382978723 0.31533066132264526 0.09626241134751773 0.29186372745490985 0.09626241134751773
24 0.15164829659318638 0.18656028368794322 0.2034018036072144 0.18656028368794322 0.2034018036072144 0.21807801418439718 0.15164829659318638 0.21807801418439718
21 0.04573647294589178 0.17719503546099294 0.0752254509018036 0.17719503546099294 0.0752254509018036 0.36460638297872344 0.04573647294589178 0.36460638297872344
21 0.045132765531062116 0.17804255319148937 0.20641032064128256 0.17804255319148937 0.20641032064128256 0.2197872340425532 0.045132765531062116 0.2197872340425532
25 0.04634018036072145 0.28026595744680854 0.07462174348697394 0.28026595744680854 0.07462174348697394 0.3185992907801418 0.04634018036072145 0.3185992907801418
16 0.3309769539078156 0.23512056737588652 0.37370240480961925 0.23512056737588652 0.37370240480961925 0.2939007092198581 0.3309769539078156 0.2939007092198581
16 0.2533491983967936 0.11159929078014186 0.2900576152304609 0.11159929078014186 0.2900576152304609 0.16441489361702127 0.2533491983967936 0.16441489361702127
16 0.1558617234468938 0.5417943262411348 0.19978957915831663 0.5417943262411348 0.19978957915831663 0.603127659574468 0.1558617234468938 0.603127659574468
16 0.12336673346693387 0.45404964539007087 0.17752505010020042 0.45404964539007087 0.17752505010020042 0.5247588652482269 0.12336673346693387 0.5247588652482269
16 0.46818386773547094 0.32286524822695034 0.48443136272545095 0.32286524822695034 0.48443136272545095 0.5034609929078013 0.46818386773547094 0.5034609929078013
16 0.47119238476953906 0.6329432624113476 0.4838276553106213 0.6329432624113476 0.4838276553106213 0.7539078014184397 0.47119238476953906 0.7539078014184397
16 0.19919088176352706 0.6440212765957446 0.24793336673346694 0.6440212765957446 0.24793336673346694 0.7062056737588652 0.19919088176352706 0.7062056737588652
15 0.24672845691382767 0.7087624113475177 0.26899298597194393 0.7087624113475177 0.26899298597194393 0.7428404255319149 0.24672845691382767 0.7428404255319149
15 0.25996743486973944 0.07666666666666666 0.2840405811623246 0.07666666666666666 0.2840405811623246 0.10733333333333334 0.25996743486973944 0.10733333333333334
4 0.19798346693386773 0.3424539007092198 0.27801853707414825 0.3424539007092198 0.27801853707414825 0.4932340425531914 0.19798346693386773 0.4932340425531914
8 0.3135270541082164 0.37482624113475177 0.3472244488977956 0.37482624113475177 0.3472244488977956 0.4259397163120567 0.3135270541082164 0.4259397163120567
8 0.31533066132264526 0.43019503546099286 0.346623246492986 0.43019503546099286 0.346623246492986 0.47960638297872343 0.31533066132264526 0.47960638297872343
8 0.3574574148296593 0.4761985815602837 0.46938627254509024 0.4761985815602837 0.46938627254509024 0.5230496453900709 0.3574574148296593 0.5230496453900709
8 0.43869739478957914 0.42679078014184396 0.47179358717434866 0.42679078014184396 0.47179358717434866 0.5230531914893617 0.43869739478957914 0.5230531914893617
28 0.393564629258517 0.30752836879432627 0.4621668336673347 0.30752836879432627 0.4621668336673347 0.329677304964539 0.393564629258517 0.329677304964539
19 0.04530060120240481 0.3647907801418439 0.07797595190380761 0.3647907801418439 0.07797595190380761 0.4152517730496454 0.04530060120240481 0.4152517730496454
32 0.2057064128256513 0.17871985815602837 0.24284068136272544 0.17871985815602837 0.24284068136272544 0.2218191489361702 0.2057064128256513 0.2218191489361702