4 0.1927651139742319 0.41716968477531857 0.09018830525272548 0.41716968477531857 0.09018830525272548 0.5137491616364855 0.1927651139742319 0.5137491616364855
29 0.2383548067393459 0.1381623071763917 0.16798810703666997 0.1381623071763917 0.16798810703666997 0.2870556673373575 0.23686818632309217 0.2870556673373575 0.2383548067393459 0.28504359490274983
0 0.49157581764122893 0.03822937625754527 0.35777998017839446 0.03822937625754527 0.35777998017839446 0.1301140174379611 0.37165510406342916 0.1341381623071764 0.49008919722497524 0.1341381623071764 0.49008919722497524 0.1301140174379611 0.49157581764122893 0.12944332662642521
5 0.35232903865213083 0.5472837022132797 0.11347869177403369 0.5472837022132797 0.11347869177403369 0.647887323943662 0.35232903865213083 0.647887323943662
7 0.4568880079286422 0.3413816230717639 0.2383548067393459 0.3413816230717639 0.2383548067393459 0.5446009389671361 0.4568880079286422 0.5446009389671361
6 0.16501486620416253 0.1381623071763917 0.06689791873141725 0.1381623071763917 0.06689791873141725 0.3393695506371563 0.16501486620416253 0.3393695506371563
2 0.20465807730426164 0.6505700871898055 0.06491575817641229 0.6505700871898055 0.06491575817641229 0.9369550637156271 0.2026759167492567 0.9369550637156271 0.2026759167492567 0.9282360831656606 0.20465807730426164 0.9255533199195171 0.20465807730426164 0.8604963112005366 0.2026759167492567 0.857813547954393 0.2026759167492567 0.85177733065057 0.20465807730426164 0.8497652582159625
3 0.2294350842418236 0.34674714956405095 0.06788899900891972 0.34674714956405095 0.06788899900891972 0.5446009389671361 0.2294350842418236 0.5446009389671361
27 0.3538156590683845 0.13950368879946345 0.24132804757185333 0.13950368879946345 0.24132804757185333 0.2347417840375587 0.3538156590683845 0.2347417840375587
0 0.5490584737363726 0.3413816230717639 0.4593657086223984 0.3413816230717639 0.4593657086223984 0.5432595573440644 0.5490584737363726 0.5432595573440644
2 0.5104063429137761 0.1381623071763917 0.3557978196233895 0.1381623071763917 0.3557978196233895 0.3333333333333333 0.5104063429137761 0.3333333333333333
14 0.24925668979187315 0.8457411133467472 0.20564915758176414 0.8457411133467472 0.20564915758176414 0.9369550637156271 0.24925668979187315 0.9356136820925554
2 0.5104063429137761 0.6505700871898055 0.3538156590683845 0.6505700871898055 0.3538156590683845 0.8363514419852448 0.5104063429137761 0.8363514419852448
26 0.5059464816650149 0.5513078470824949 0.3478691774033697 0.5513078470824949 0.3478691774033697 0.6411804158283032 0.5059464816650149 0.6411804158283032
27 0.21010901883052527 0.6680080482897385 0.2804757185332012 0.6680080482897385 0.2804757185332012 0.8450704225352113 0.21010901883052527 0.8450704225352113
27 0.28245787908820613 0.6680080482897385 0.354806739345887 0.6680080482897385 0.354806739345887 0.8450704225352113 0.28245787908820613 0.8450704225352113
30 0.244796828543112 0.23876592890677398 0.354806739345887 0.23876592890677398 0.354806739345887 0.335345405767941 0.244796828543112 0.335345405767941
12 0.24380574826560952 0.23742454728370221 0.27155599603567887 0.23742454728370221 0.27155599603567887 0.3393695506371563 0.24380574826560952 0.3393695506371563
12 0.24380574826560952 0.23876592890677398 0.3538156590683845 0.23876592890677398 0.3538156590683845 0.2763246143527834 0.24380574826560952 0.2763246143527834
12 0.06442021803766106 0.6519114688128773 0.16154608523290387 0.6519114688128773 0.16154608523290387 0.6894701542588867 0.06442021803766106 0.6894701542588867
12 0.48067393458870167 0.6559356136820925 0.5084241823587711 0.6559356136820925 0.5084241823587711 0.749832327297116 0.48067393458870167 0.749832327297116
1 0.38850346878097125 0.7230046948356808 0.4568880079286422 0.7230046948356808 0.4568880079286422 0.8397048960429242 0.38850346878097125 0.8397048960429242
1 0.06442021803766106 0.7632461435278337 0.15262636273538158 0.7632461435278337 0.15262636273538158 0.85177733065057 0.06442021803766106 0.85177733065057
1 0.400396432111001 0.21462105969148224 0.4707631318136769 0.21462105969148224 0.4707631318136769 0.335345405767941 0.400396432111001 0.335345405767941
8 0.3151635282457879 0.41582830315224684 0.3478691774033697 0.41582830315224684 0.3478691774033697 0.45875251509054327 0.3151635282457879 0.45875251509054327
8 0.3201189296333003 0.460093896713615 0.3518334985133796 0.460093896713615 0.3518334985133796 0.5016767270288397 0.3201189296333003 0.5016767270288397
8 0.354806739345887 0.5030181086519114 0.4449950445986125 0.5030181086519114 0.4449950445986125 0.5446009389671361 0.354806739345887 0.5446009389671361
8 0.4182358771060456 0.46680080482897385 0.44598612487611494 0.46680080482897385 0.44598612487611494 0.5419181757209927 0.4182358771060456 0.5419181757209927
28 0.36174430128840435 0.3501006036217304 0.4261645193260654 0.3501006036217304 0.4261645193260654 0.3702213279678068 0.36174430128840435 0.3702213279678068
21 0.06838453914767097 0.14218645204560698 0.09217046580773043 0.14218645204560698 0.09217046580773043 0.3420523138832998 0.06838453914767097 0.3420523138832998
21 0.06640237859266601 0.3058350100603622 0.12388503468780972 0.3058350100603622 0.12388503468780972 0.3380281690140845 0.06640237859266601 0.3380281690140845
21 0.06937561942517344 0.14084507042253522 0.23885034687809711 0.14084507042253522 0.23885034687809711 0.1784037558685446 0.06937561942517344 0.1784037558685446
25 0.06640237859266601 0.21730382293762576 0.09217046580773043 0.21730382293762576 0.09217046580773043 0.2562038900067069 0.06640237859266601 0.2562038900067069
24 0.18334985133795836 0.14084507042253522 0.23785926660059464 0.14084507042253522 0.23785926660059464 0.17706237424547283 0.18334985133795836 0.17706237424547283
24 0.32309217046580774 0.1448692152917505 0.3458870168483647 0.1448692152917505 0.3458870168483647 0.16498993963782696 0.32309217046580774 0.16498993963782696
24 0.2844400396432111 0.6787391012743126 0.30327056491575816 0.6787391012743126 0.30327056491575816 0.7082494969818913 0.2844400396432111 0.7082494969818913
24 0.25966303270564917 0.7458081824279007 0.2755203171456888 0.7458081824279007 0.2755203171456888 0.778001341381623 0.25966303270564917 0.778001341381623
16 0.2051536174430129 0.7377598926894702 0.24975222993062438 0.7377598926894702 0.24975222993062438 0.7940979208584842 0.2051536174430129 0.7940979208584842
16 0.15758176412289396 0.647887323943662 0.20713577799801783 0.647887323943662 0.20713577799801783 0.7176391683433937 0.15758176412289396 0.7176391683433937
16 0.11793855302279485 0.5767940979208585 0.16551040634291378 0.5767940979208585 0.16551040634291378 0.6452045606975184 0.11793855302279485 0.6452045606975184
16 0.313181367690783 0.1851106639839034 0.3557978196233895 0.1851106639839034 0.3557978196233895 0.23608316566063045 0.313181367690783 0.23608316566063045
16 0.39544103072348863 0.12877263581488935 0.4836471754212091 0.12877263581488935 0.4836471754212091 0.15023474178403756 0.39544103072348863 0.15023474178403756
16 0.2705649157581764 0.2790073775989269 0.3141724479682854 0.2790073775989269 0.3141724479682854 0.34473507712944335 0.2705649157581764 0.34473507712944335
16 0.4529236868186323 0.3688799463447351 0.464816650148662 0.3688799463447351 0.464816650148662 0.5191146881287726 0.4529236868186323 0.5191146881287726
16 0.35678889990089196 0.6438631790744467 0.40336967294350845 0.6438631790744467 0.40336967294350845 0.704225352112676 0.35678889990089196 0.704225352112676
16 0.3121902874132805 0.6666666666666666 0.35678889990089196 0.6666666666666666 0.35678889990089196 0.7310529845741114 0.3121902874132805 0.7310529845741114
18 0.22816402378592662 0.11037558685446008 0.28772299306243804 0.11037558685446008 0.28772299306243804 0.135177733065057 0.22816402378592662 0.135177733065057
19 0.1727254707631318 0.29512743125419183 0.20564915758176414 0.29512743125419183 0.20564915758176414 0.33387323943661973 0.1727254707631318 0.33387323943661973
32 0.17368186323092172 0.24669014084507043 0.23714073339940533 0.24669014084507043 0.23714073339940533 0.28414822266934947 0.17368186323092172 0.28414822266934947