27 0.22645502645502646 0.6328916601714731 0.08042328042328042 0.6328916601714731 0.08042328042328042 0.7357755261106781 0.22645502645502646 0.7357755261106781
27 0.4052910052910053 0.6328916601714731 0.2904761904761905 0.6328916601714731 0.2904761904761905 0.7342166796570537 0.4052910052910053 0.7342166796570537
2 0.3296296296296296 0.7412314886983632 0.1619047619047619 0.7412314886983632 0.1619047619047619 0.9579111457521434 0.3296296296296296 0.9579111457521434
4 0.2 0.35775526110678096 0.10846560846560846 0.35775526110678096 0.10846560846560846 0.4621979734996103 0.2 0.4621979734996103
0 0.45714285714285713 0.2907248636009353 0.38042328042328044 0.2907248636009353 0.38042328042328044 0.5136399064692128 0.45714285714285713 0.5136399064692128
2 0.22962962962962963 0.06703039750584568 0.4052910052910053 0.06703039750584568 0.4052910052910053 0.2961808261886204 0.22962962962962963 0.2961808261886204
0 0.33544973544973544 0.7404520654715511 0.4074074074074074 0.7404520654715511 0.4074074074074074 0.9680436477007015 0.33544973544973544 0.9680436477007015
26 0.23386243386243386 0.514419329696025 0.40634920634920635 0.514419329696025 0.40634920634920635 0.6235385814497272 0.23386243386243386 0.6235385814497272
5 0.07936507936507936 0.534684333593141 0.22645502645502646 0.534684333593141 0.22645502645502646 0.6297739672642245 0.07936507936507936 0.6297739672642245
29 0.0835978835978836 0.07170693686671863 0.22116402116402117 0.07170693686671863 0.22116402116402117 0.16835541699142634 0.0835978835978836 0.16835541699142634
6 0.08571428571428572 0.16991426344505067 0.22328042328042327 0.16991426344505067 0.22328042328042327 0.2992985190958691 0.08571428571428572 0.2992985190958691
3 0.08042328042328042 0.3008573655494934 0.26031746031746034 0.3008573655494934 0.26031746031746034 0.5206547155105222 0.08042328042328042 0.5206547155105222
7 0.25502645502645505 0.2930631332813718 0.37883597883597886 0.2930631332813718 0.37883597883597886 0.509742790335152 0.25502645502645505 0.509742790335152
8 0.2751322751322751 0.4676539360872954 0.3671957671957672 0.4676539360872954 0.3671957671957672 0.5035074045206547 0.2751322751322751 0.5035074045206547
8 0.344973544973545 0.4177708495713172 0.3724867724867725 0.4177708495713172 0.3724867724867725 0.514419329696025 0.344973544973545 0.514419329696025
28 0.29735449735449737 0.2992985190958691 0.36507936507936506 0.2992985190958691 0.36507936507936506 0.32579890880748247 0.29735449735449737 0.32579890880748247
12 0.22433862433862434 0.06391270459859703 0.2613756613756614 0.06391270459859703 0.2613756613756614 0.17926734216679657 0.22433862433862434 0.17926734216679657
12 0.1523809523809524 0.7404520654715511 0.17883597883597885 0.7404520654715511 0.17883597883597885 0.9571317225253313 0.1523809523809524 0.9571317225253313
1 0.3037037037037037 0.15744349181605613 0.37142857142857144 0.15744349181605613 0.37142857142857144 0.2961808261886204 0.3037037037037037 0.2961808261886204
2 0.22433862433862434 0.8246297739672642 0.2920634920634921 0.8246297739672642 0.2920634920634921 0.9618082618862042 0.22433862433862434 0.9618082618862042
16 0.22962962962962963 0.23226812159002339 0.2740740740740741 0.23226812159002339 0.2740740740740741 0.2930631332813718 0.22962962962962963 0.2930631332813718
16 0.07830687830687831 0.5565081839438816 0.1312169312169312 0.5565081839438816 0.1312169312169312 0.6235385814497272 0.07830687830687831 0.6235385814497272
16 0.18412698412698414 0.6718628215120811 0.2275132275132275 0.6718628215120811 0.2275132275132275 0.7435697583787997 0.18412698412698414 0.7435697583787997
16 0.23492063492063492 0.7373343725643025 0.2761904761904762 0.7373343725643025 0.2761904761904762 0.8059236165237724 0.23492063492063492 0.8059236165237724
16 0.2931216931216931 0.676539360872954 0.33121693121693124 0.676539360872954 0.33121693121693124 0.7357755261106781 0.2931216931216931 0.7357755261106781
16 0.3216931216931217 0.7809820732657833 0.34285714285714286 0.7809820732657833 0.34285714285714286 0.9243959469992206 0.3216931216931217 0.9243959469992206
16 0.37354497354497357 0.3195635229929852 0.38941798941798944 0.3195635229929852 0.38941798941798944 0.49103663289166016 0.37354497354497357 0.49103663289166016
12 0.08253968253968254 0.5268901013250195 0.15343915343915343 0.5268901013250195 0.15343915343915343 0.5518316445830086 0.08253968253968254 0.5518316445830086
15 0.14074074074074075 0.6438035853468433 0.16084656084656085 0.6438035853468433 0.16084656084656085 0.6780982073265783 0.14074074074074075 0.6780982073265783
15 0.3417989417989418 0.642244738893219 0.3576719576719577 0.642244738893219 0.3576719576719577 0.6749805144193297 0.3417989417989418 0.6749805144193297
24 0.3037037037037037 0.6360093530787218 0.3238095238095238 0.6360093530787218 0.3238095238095238 0.6656274356975838 0.3037037037037037 0.6656274356975838
24 0.19470899470899472 0.6360093530787218 0.21904761904761905 0.6360093530787218 0.21904761904761905 0.6656274356975838 0.19470899470899472 0.6656274356975838
24 0.11746031746031746 0.07170693686671863 0.17037037037037037 0.07170693686671863 0.17037037037037037 0.11067809820732658 0.11746031746031746 0.11067809820732658
25 0.19788359788359788 0.1730319563522993 0.2253968253968254 0.1730319563522993 0.2253968253968254 0.21979734996102884 0.19788359788359788 0.21979734996102884
19 0.08244973544973545 0.17848791893998442 0.11814285714285713 0.17848791893998442 0.11814285714285713 0.22070148090413091 0.08244973544973545 0.22070148090413091
32 0.08244973544973544 0.07183554169914264 0.11613227513227514 0.07183554169914264 0.11613227513227514 0.11034684333593141 0.08244973544973544 0.11034684333593141