12 0.3288409703504043 0.2549187339606501 0.3013477088948787 0.2549187339606501 0.3024258760107817 0.378956372968349 0.3261455525606469 0.378956372968349 0.3288409703504043 0.3746792130025663
26 0.49757412398921835 0.6407185628742516 0.3681940700808625 0.6407185628742516 0.3681940700808625 0.7587681779298546 0.49757412398921835 0.7587681779298546
6 0.15902964959568733 0.25748502994011974 0.05714285714285714 0.25748502994011974 0.05714285714285714 0.5132591958939264 0.15902964959568733 0.5115483319076134
2 0.24204851752021564 0.6467065868263473 0.051212938005390896 0.6487025948103792 0.053908355795148216 0.8853721129170233 0.24204851752021564 0.8828058169375534
27 0.3212938005390836 0.13515825491873396 0.2059299191374663 0.13515825491873396 0.2059299191374663 0.24978614200171087 0.3212938005390836 0.24807527801539778
4 0.31212938005390833 0.4593669803250642 0.21455525606469003 0.4593669803250642 0.21455525606469003 0.564585115483319 0.31212938005390833 0.564585115483319
14 0.292722371967655 0.7715996578272027 0.24474393530997304 0.7715996578272027 0.24474393530997304 0.8828058169375534 0.292722371967655 0.8828058169375534
7 0.4964959568733154 0.3900769888793841 0.3444743935309973 0.3900769888793841 0.3444743935309973 0.6355859709153122 0.4964959568733154 0.6355859709153122
14 0.5757412398921833 0.2549187339606501 0.5309973045822103 0.2549187339606501 0.5309973045822103 0.378956372968349 0.5757412398921833 0.3772455089820359
27 0.3633423180592992 0.6484174508126604 0.24366576819407007 0.6484174508126604 0.24366576819407007 0.7604790419161677 0.3633423180592992 0.7604790419161677
2 0.5261455525606469 0.13344739093242086 0.3309973045822102 0.13344739093242086 0.3309973045822102 0.3840889649272883 0.5261455525606469 0.3840889649272883
5 0.20754716981132076 0.5192472198460223 0.13099730458221023 0.5192472198460223 0.13099730458221023 0.6372968349016254 0.20754716981132076 0.6372968349016254
29 0.24474393530997304 0.25748502994011974 0.15902964959568733 0.25748502994011974 0.15902964959568733 0.3857998289136014 0.24474393530997304 0.3857998289136014
1 0.39712668463611855 0.2352480752780154 0.4672075471698113 0.2352480752780154 0.4672075471698113 0.3792429426860565 0.39712668463611855 0.3792429426860565
1 0.12129649595687331 0.7342472198460223 0.1904770889487871 0.7342472198460223 0.1904770889487871 0.882519247219846 0.12129649595687331 0.882519247219846
8 0.3593881401617251 0.4747690333618477 0.39083288409703504 0.4747690333618477 0.39083288409703504 0.5246663815226689 0.3593881401617251 0.5246663815226689
8 0.36028840970350406 0.5360692899914458 0.391733153638814 0.5360692899914458 0.391733153638814 0.5902437981180496 0.36028840970350406 0.5902437981180496
8 0.41958760107816706 0.5902523524379811 0.4932641509433962 0.5902523524379811 0.4932641509433962 0.6315953806672369 0.41958760107816706 0.6315953806672369
8 0.46810512129380055 0.5389221556886228 0.4968544474393531 0.5389221556886228 0.4968544474393531 0.6330196749358425 0.46810512129380055 0.6330196749358425
28 0.41778975741239893 0.3949272882805817 0.48787061994609165 0.3949272882805817 0.48787061994609165 0.4291445680068435 0.41778975741239893 0.4291445680068435
12 0.4959595687331536 0.13544054747647563 0.5247088948787062 0.13544054747647563 0.5247088948787062 0.26375534644995724 0.4959595687331536 0.26375534644995724
12 0.053911051212938 0.6601069289991446 0.07996495956873316 0.6601069289991446 0.07996495956873316 0.8711163387510693 0.053911051212938 0.8711163387510693
16 0.33153638814016173 0.3150855431993157 0.3746630727762803 0.3150855431993157 0.3746630727762803 0.3892258340461933 0.33153638814016173 0.3892258340461933
16 0.24438544474393534 0.6986013686911892 0.28571698113207544 0.6986013686911892 0.28571698113207544 0.7613301967493584 0.24438544474393534 0.7613301967493584
16 0.12848247978436658 0.558879384088965 0.18418598382749327 0.558879384088965 0.18418598382749327 0.6444225834046193 0.12848247978436658 0.6444225834046193
16 0.2524716981132075 0.19104790419161677 0.2973935309973046 0.19104790419161677 0.2973935309973046 0.25235671514114627 0.2524716981132075 0.25235671514114627
16 0.4905687331536388 0.4291402908468777 0.5112318059299191 0.4291402908468777 0.5112318059299191 0.6144867408041061 0.4905687331536388 0.6144867408041061
16 0.5238113207547169 0.25805816937553466 0.5345929919137467 0.25805816937553466 0.5345929919137467 0.38209580838323354 0.5238113207547169 0.38209580838323354
15 0.2946981132075472 0.6586869118905047 0.3153611859838275 0.6586869118905047 0.3153611859838275 0.7000299401197604 0.2946981132075472 0.7000299401197604
15 0.2659487870619946 0.14969632164242944 0.2893072776280323 0.14969632164242944 0.2893072776280323 0.1810650128314799 0.2659487870619946 0.1810650128314799
21 0.05570619946091643 0.25662532078699746 0.08356064690026954 0.25662532078699746 0.08356064690026954 0.45962788708297686 0.05570619946091643 0.45962788708297686
21 0.05750404312668463 0.25378100940975196 0.20036118598382746 0.25378100940975196 0.20036118598382746 0.3051069289991446 0.05750404312668463 0.3051069289991446
24 0.1446522911051213 0.26091103507271174 0.19586522911051213 0.26091103507271174 0.19586522911051213 0.3022540633019675 0.1446522911051213 0.3022540633019675
24 0.25426684636118596 0.654409751924722 0.27762533692722374 0.654409751924722 0.27762533692722374 0.6786441402908469 0.25426684636118596 0.6786441402908469
24 0.3027843665768194 0.2024508126603935 0.3198571428571429 0.2024508126603935 0.3198571428571429 0.24379384088964928 0.3027843665768194 0.24379384088964928
25 0.05570619946091643 0.36213002566295976 0.08356064690026954 0.36213002566295976 0.08356064690026954 0.4091787852865697 0.05570619946091643 0.4091787852865697
3 0.1976630727762803 0.3920744225834046 0.34770619946091647 0.3920744225834046 0.34770619946091647 0.6415782720273738 0.1976630727762803 0.6415782720273738
0 0.5004501347708894 0.3877972626176218 0.5741266846361185 0.3877972626176218 0.5741266846361185 0.7656159110350728 0.5004501347708894 0.7656159110350728
19 0.05557681940700809 0.4609751924721985 0.08588948787061995 0.4609751924721985 0.08588948787061995 0.5157570573139435 0.05557681940700809 0.5157570573139435
32 0.20503504043126683 0.25721129170230966 0.24039892183288408 0.25721129170230966 0.24039892183288408 0.3086569717707442 0.20503504043126683 0.3086569717707442