27 0.46004319654427644 0.7838660578386606 0.33207343412526996 0.7838660578386606 0.33207343412526996 0.8964992389649924 0.46004319654427644 0.8964992389649924
5 0.5448164146868251 0.2945205479452055 0.3353131749460043 0.2945205479452055 0.3353131749460043 0.4010654490106545 0.5448164146868251 0.4010654490106545
27 0.46166306695464365 0.17427701674277016 0.33369330453563717 0.17427701674277016 0.33369330453563717 0.2876712328767123 0.4611231101511879 0.286910197869102
2 0.32883369330453566 0.17579908675799086 0.1101511879049676 0.17579908675799086 0.1101511879049676 0.3987823439878234 0.3304535637149028 0.3987823439878234 0.3304535637149028 0.23820395738203956 0.32883369330453566 0.23668188736681886 0.32883369330453566 0.2222222222222222 0.3304535637149028 0.2207001522070015 0.3304535637149028 0.17732115677321156
29 0.5107991360691144 0.6537290715372908 0.41846652267818574 0.6537290715372908 0.41846652267818574 0.7777777777777778 0.5107991360691144 0.7777777777777778
2 0.32883369330453566 0.662861491628615 0.1101511879049676 0.662861491628615 0.1101511879049676 0.8964992389649924 0.32883369330453566 0.8964992389649924 0.32883369330453566 0.7792998477929984 0.32721382289416845 0.7777777777777778 0.32721382289416845 0.7663622526636226 0.32883369330453566 0.7648401826484018
12 0.46490280777537796 0.05859969558599695 0.43412526997840173 0.05859969558599695 0.43412526997840173 0.16666666666666666 0.4632829373650108 0.16666666666666666 0.46490280777537796 0.1643835616438356
7 0.3617710583153348 0.4155251141552511 0.17332613390928725 0.4155251141552511 0.17332613390928725 0.647640791476408 0.3617710583153348 0.647640791476408
4 0.5464362850971922 0.4779299847792998 0.4357451403887689 0.4779299847792998 0.4357451403887689 0.5898021308980214 0.5404967602591793 0.5898021308980214 0.5464362850971922 0.5700152207001522
3 0.537257019438445 0.4117199391171994 0.37095032397408206 0.4117199391171994 0.37095032397408206 0.6423135464231354 0.5496760259179265 0.6423135464231354 0.5496760259179265 0.5649923896499239 0.5480561555075594 0.5639269406392694 0.5496760259179265 0.5611263318112633 0.5480561555075594 0.558599695585997 0.5496760259179265 0.5572602739726027 0.5496760259179265 0.545662100456621 0.5178185745140389 0.4756468797564688 0.5248380129589633 0.469558599695586 0.5280777537796977 0.45662100456621 0.5264578833693304 0.4550989345509893 0.5264578833693304 0.4467275494672755 0.5248380129589633 0.4452054794520548 0.5248380129589633 0.4360730593607306 0.5167386609071274 0.426179604261796 0.5248380129589633 0.4193302891933029 0.5340172786177105 0.4185692541856925 0.537257019438445 0.4155251141552511
6 0.6177105831533477 0.4101978691019787 0.5140388768898488 0.4101978691019787 0.5140388768898488 0.4748858447488584 0.5280777537796977 0.4726027397260274 0.5307775377969762 0.4764079147640791 0.5367170626349892 0.4779299847792998 0.5496760259179265 0.4939117199391172 0.5496760259179265 0.5273972602739726 0.5480561555075594 0.5289193302891934 0.5480561555075594 0.5494672754946728 0.5448164146868251 0.558599695585997 0.5437365010799136 0.5753424657534246 0.535097192224622 0.5928462709284628 0.5210583153347732 0.5996955859969558 0.5140388768898488 0.5974124809741248 0.5140388768898488 0.7800608828006088 0.6177105831533477 0.7800608828006088
26 0.46220302375809935 0.0578386605783866 0.6241900647948164 0.0578386605783866 0.6241900647948164 0.2922374429223744 0.46220302375809935 0.2922374429223744
0 0.17062634989200864 0.0791476407914764 0.32721382289416845 0.0791476407914764 0.32721382289416845 0.1719939117199391 0.17062634989200864 0.1719939117199391
0 0.03131749460043196 0.7640791476407914 0.10691144708423327 0.7640791476407914 0.10691144708423327 0.9056316590563166 0.03131749460043196 0.9056316590563166
0 0.061555075593952485 0.4140030441400304 0.1695464362850972 0.4140030441400304 0.1695464362850972 0.654490106544901 0.061555075593952485 0.654490106544901
12 0.11231101511879049 0.1719939117199391 0.1447084233261339 0.1719939117199391 0.1447084233261339 0.2876712328767123 0.11231101511879049 0.2876712328767123
12 0.11123110151187905 0.6605783866057838 0.14038876889848811 0.6605783866057838 0.14038876889848811 0.7838660578386606 0.11123110151187905 0.7838660578386606
12 0.38444924406047515 0.6575342465753424 0.4146868250539957 0.6575342465753424 0.4146868250539957 0.7823439878234398 0.38444924406047515 0.7823439878234398
1 0.17926565874730022 0.2633181126331811 0.2548596112311015 0.2633181126331811 0.2548596112311015 0.4018264840182648 0.17926565874730022 0.4018264840182648
1 0.19654427645788336 0.7534246575342466 0.2732181425485961 0.7534246575342466 0.2732181425485961 0.8964992389649924 0.19654427645788336 0.8964992389649924
30 0.32721382289416845 0.6560121765601218 0.4136069114470842 0.6560121765601218 0.4136069114470842 0.7777777777777778 0.32721382289416845 0.7777777777777778
16 0.28293736501079914 0.3302891933028919 0.33369330453563717 0.3302891933028919 0.33369330453563717 0.4018264840182648 0.28293736501079914 0.4018264840182648
16 0.48812095032397407 0.2907153729071537 0.5485961123110151 0.2907153729071537 0.5485961123110151 0.3759512937595129 0.48812095032397407 0.3759512937595129
16 0.33585313174946 0.6575342465753424 0.38660907127429806 0.6575342465753424 0.38660907127429806 0.7366818873668188 0.33585313174946 0.7366818873668188
16 0.32181425485961124 0.7747336377473364 0.37904967602591794 0.7747336377473364 0.37904967602591794 0.8538812785388128 0.32181425485961124 0.8538812785388128
16 0.10583153347732181 0.7853881278538812 0.11771058315334773 0.7853881278538812 0.11771058315334773 0.893455098934551 0.10583153347732181 0.893455098934551
16 0.15658747300215983 0.4353120243531202 0.18142548596112312 0.4353120243531202 0.18142548596112312 0.6164383561643836 0.15658747300215983 0.6164383561643836
16 0.33153347732181426 0.2267884322678843 0.38120950323974084 0.2267884322678843 0.38120950323974084 0.2983257229832572 0.33153347732181426 0.2983257229832572
21 0.5874730021598272 0.4642313546423135 0.6198704103671706 0.4642313546423135 0.6198704103671706 0.776255707762557 0.5874730021598272 0.776255707762557
21 0.45788336933045354 0.7366818873668188 0.6209503239740821 0.7366818873668188 0.6209503239740821 0.7808219178082192 0.45788336933045354 0.7808219178082192
24 0.458963282937365 0.741248097412481 0.5107991360691144 0.741248097412481 0.5107991360691144 0.7808219178082192 0.458963282937365 0.7808219178082192
24 0.3434125269978402 0.8706240487062404 0.3650107991360691 0.8706240487062404 0.3650107991360691 0.8919330289193302 0.3434125269978402 0.8919330289193302
24 0.3434125269978402 0.1750380517503805 0.36825053995680346 0.1750380517503805 0.36825053995680346 0.2054794520547945 0.3434125269978402 0.2054794520547945
15 0.3833693304535637 0.1948249619482496 0.4038876889848812 0.1948249619482496 0.4038876889848812 0.2267884322678843 0.3833693304535637 0.2267884322678843
15 0.3758099352051836 0.8508371385083714 0.39740820734341253 0.8508371385083714 0.39740820734341253 0.8843226788432268 0.3758099352051836 0.8843226788432268
8 0.1771058315334773 0.4200913242009132 0.20950323974082075 0.4200913242009132 0.20950323974082075 0.5098934550989346 0.1771058315334773 0.5098934550989346
8 0.17602591792656588 0.4170471841704718 0.2840172786177106 0.4170471841704718 0.2840172786177106 0.4596651445966514 0.17602591792656588 0.4596651445966514
8 0.28833693304535635 0.4596651445966514 0.32181425485961124 0.4596651445966514 0.32181425485961124 0.5114155251141552 0.28833693304535635 0.5114155251141552
8 0.2915766738660907 0.517503805175038 0.3250539956803456 0.517503805175038 0.3250539956803456 0.5677321156773212 0.2915766738660907 0.5677321156773212
28 0.21274298056155508 0.6149162861491628 0.2818574514038877 0.6149162861491628 0.2818574514038877 0.639269406392694 0.21274298056155508 0.639269406392694
25 0.5863930885529157 0.5403348554033486 0.6231101511879049 0.5403348554033486 0.6231101511879049 0.593607305936073 0.5863930885529157 0.593607305936073
19 0.5869546436285097 0.41135083713850834 0.6204643628509718 0.41135083713850834 0.6204643628509718 0.46467656012176556 0.5869546436285097 0.46467656012176556
32 0.41832343412527 0.7358637747336378 0.4561582073434125 0.7358637747336378 0.4561582073434125 0.7769977168949772 0.41832343412527 0.7769977168949772