4 0.19965576592082615 0.45553822152886114 0.10269650028686174 0.45553822152886114 0.10269650028686174 0.5522620904836193 0.19965576592082615 0.5522620904836193
6 0.17555938037865748 0.1856474258970359 0.07802639127940333 0.1856474258970359 0.07802639127940333 0.3837753510140406 0.17555938037865748 0.3837753510140406
27 0.3557085484796328 0.1856474258970359 0.24784853700516352 0.1856474258970359 0.24784853700516352 0.27691107644305774 0.3557085484796328 0.27691107644305774
5 0.3528399311531842 0.5865834633385335 0.12621916236374067 0.5865834633385335 0.12621916236374067 0.6778471138845554 0.3528399311531842 0.6778471138845554
30 0.3557085484796328 0.2831513260530421 0.2495697074010327 0.2831513260530421 0.2495697074010327 0.37753510140405616 0.3557085484796328 0.37753510140405616
7 0.4572576018359151 0.38533541341653665 0.2816982214572576 0.38533541341653665 0.2816982214572576 0.5865834633385335 0.4572576018359151 0.5865834633385335 0.4572576018359151 0.5132605304212169 0.4555364314400459 0.5117004680187207
29 0.24325874928284566 0.17784711388455537 0.18014916810097534 0.17784711388455537 0.18014916810097534 0.328393135725429 0.24325874928284566 0.328393135725429
2 0.5083189902467011 0.1856474258970359 0.35857716580608145 0.1856474258970359 0.35857716580608145 0.37597503900156004 0.5083189902467011 0.37597503900156004
3 0.28112449799196787 0.38845553822152884 0.07802639127940333 0.39469578783151327 0.07802639127940333 0.5803432137285491 0.28456683878370626 0.5803432137285491
14 0.25415949512335057 0.8736349453978159 0.21514629948364888 0.8736349453978159 0.21514629948364888 0.9617784711388455 0.25415949512335057 0.9617784711388455
2 0.07686173264486519 0.6828822152886115 0.21601262191623638 0.6828822152886115 0.21601262191623638 0.9657605304212169 0.07686173264486519 0.9657605304212169
2 0.35384107860011477 0.6783775351014041 0.5095553643144005 0.6783775351014041 0.5095553643144005 0.8738689547581903 0.35384107860011477 0.8738689547581903
0 0.459859437751004 0.3846840873634945 0.5526247848537005 0.3846840873634945 0.5526247848537005 0.5864859594383776 0.459859437751004 0.5864859594383776
0 0.35847963281698225 0.08288221528861155 0.47642570281124497 0.08288221528861155 0.47642570281124497 0.18377925117004681 0.35847963281698225 0.18377925117004681
26 0.3518531267928859 0.5846801872074883 0.5115433161216294 0.5846801872074883 0.5115433161216294 0.674773790951638 0.3518531267928859 0.674773790951638
12 0.2484853700516351 0.28108034321372855 0.27499139414802065 0.28108034321372855 0.27499139414802065 0.37476989079563183 0.2484853700516351 0.37476989079563183
12 0.2504704532415376 0.2828783151326053 0.35847963281698225 0.2828783151326053 0.35847963281698225 0.3153120124804992 0.2504704532415376 0.3153120124804992
12 0.07686746987951806 0.687386895475819 0.1683075157773953 0.687386895475819 0.1683075157773953 0.7189157566302653 0.07686746987951806 0.7189157566302653
12 0.4804016064257028 0.6819812792511701 0.5088927137119909 0.6819812792511701 0.5088927137119909 0.7783775351014041 0.4804016064257028 0.7783775351014041
16 0.4512478485370052 0.40900546021840867 0.46781124497991966 0.40900546021840867 0.46781124497991966 0.5567511700468019 0.4512478485370052 0.5567511700468019
16 0.2802897303499713 0.3279251170046802 0.31872346528973033 0.3279251170046802 0.31872346528973033 0.38198127925117004 0.2802897303499713 0.38198127925117004
16 0.31805794606999427 0.22882995319812793 0.3617928858290304 0.22882995319812793 0.3617928858290304 0.28198127925117006 0.31805794606999427 0.28198127925117006
16 0.12655765920826165 0.6153120124804992 0.17426850258175558 0.6153120124804992 0.17426850258175558 0.6756708268330733 0.12655765920826165 0.6756708268330733
16 0.17029259896729776 0.6783736349453978 0.21203671830177853 0.6783736349453978 0.21203671830177853 0.7378354134165367 0.17029259896729776 0.7378354134165367
16 0.3193832472748135 0.6990951638065522 0.3545008605851979 0.6990951638065522 0.3545008605851979 0.7567550702028082 0.3193832472748135 0.7567550702028082
16 0.36378083763625935 0.6756747269890795 0.40552495697074015 0.6756747269890795 0.40552495697074015 0.7378354134165367 0.36378083763625935 0.7378354134165367
27 0.21733792312105565 0.7026989079563183 0.285588066551922 0.7026989079563183 0.285588066551922 0.8702652106084244 0.21733792312105565 0.8702652106084244
27 0.28625358577165805 0.7017940717628706 0.3545037292025244 0.7017940717628706 0.3545037292025244 0.8738689547581903 0.28625358577165805 0.8738689547581903
19 0.18029259896729777 0.33453978159126363 0.21487664945496268 0.33453978159126363 0.21487664945496268 0.37385335413416537 0.18029259896729777 0.37385335413416537
32 0.18369477911646587 0.28983229329173166 0.2432243258749283 0.28983229329173166 0.2432243258749283 0.32606474258970364 0.18369477911646587 0.32606474258970364