26 0.5059797608095676 0.5873362445414847 0.374885004599816 0.5873362445414847 0.374885004599816 0.7088791848617176 0.5059797608095676 0.7088791848617176
29 0.24471021159153633 0.1965065502183406 0.15731370745170192 0.1965065502183406 0.15731370745170192 0.326783114992722 0.24471021159153633 0.326783114992722
6 0.15869365225390986 0.19723435225618632 0.05427782888684453 0.19723435225618632 0.05427782888684453 0.4606986899563319 0.15869365225390986 0.4606986899563319 0.15869365225390986 0.32168850072780203 0.15409383624655013 0.31077147016011647 0.15409383624655013 0.24963609898107714 0.15547378104875806 0.24745269286754004 0.15547378104875806 0.24090247452692867 0.15869365225390986 0.2336244541484716
14 0.5809567617295308 0.19213973799126638 0.5386384544618216 0.19213973799126638 0.5386384544618216 0.3245997088791849 0.5809567617295308 0.3245997088791849
27 0.3261269549218031 0.07059679767103348 0.20699172033118676 0.07059679767103348 0.20699172033118676 0.18777292576419213 0.3261269549218031 0.18777292576419213
12 0.32934682612695493 0.1965065502183406 0.3012879484820607 0.1965065502183406 0.3012879484820607 0.3180494905385735 0.32934682612695493 0.3180494905385735
2 0.24287028518859247 0.5938864628820961 0.05103403897309163 0.5951030327550364 0.050334942548802705 0.8351352968960083 0.24287028518859247 0.8355167394468704
7 0.5059797608095676 0.33260553129548764 0.327966881324747 0.33260553129548764 0.327966881324747 0.5807860262008734 0.5059797608095676 0.5807860262008734
2 0.5326586936522539 0.07205240174672489 0.3325666973321067 0.07205240174672489 0.3325666973321067 0.3260553129548763 0.5326586936522539 0.3260553129548763
3 0.3311867525298988 0.33551673944687044 0.20699172033118676 0.33551673944687044 0.20699172033118676 0.574235807860262 0.22125114995400183 0.5807860262008734 0.22907083716651333 0.5807860262008734 0.23045078196872126 0.5786026200873362 0.23827046918123276 0.5786026200873362 0.24011039558417663 0.5807860262008734 0.3311867525298988 0.5807860262008734
14 0.2934682612695492 0.7205240174672489 0.24931002759889603 0.7205240174672489 0.24931002759889603 0.8326055312954876 0.2934682612695492 0.8326055312954876 0.2934682612695492 0.8151382823871907 0.2920883164673413 0.8129548762736536 0.2920883164673413 0.8064046579330422 0.2934682612695492 0.8056768558951966
4 0.31830726770929163 0.40101892285298396 0.21343146274149033 0.40101892285298396 0.21343146274149033 0.5145560407569141 0.31784728610855567 0.5145560407569141
27 0.3702851885924563 0.5938864628820961 0.24609015639374426 0.5938864628820961 0.24609015639374426 0.7096069868995634 0.3702851885924563 0.7096069868995634
5 0.19917203311867526 0.47889374090247455 0.12741490340386386 0.47889374090247455 0.12741490340386386 0.5836972343522562 0.19917203311867526 0.5836972343522562
0 0.511982520699172 0.3333151382823872 0.5817249310027598 0.3333151382823872 0.5817249310027598 0.703598981077147 0.511982520699172 0.703598981077147
1 0.4061775528978841 0.17476710334788936 0.4767847286108556 0.17476710334788936 0.4767847286108556 0.3207787481804949 0.4061775528978841 0.3207787481804949
1 0.11954461821527139 0.6813828238719067 0.1950459981600736 0.6813828238719067 0.1950459981600736 0.8351382823871907 0.11954461821527139 0.8351382823871907
12 0.5026517939282429 0.07079330422125182 0.5341099356025759 0.07079330422125182 0.5341099356025759 0.2002110625909753 0.5026517939282429 0.2002110625909753
12 0.05243100275988961 0.5995232896652111 0.07969411223551058 0.5995232896652111 0.07969411223551058 0.831815866084425 0.05243100275988961 0.831815866084425
21 0.05452851885924564 0.19689592430858804 0.08388914443422263 0.19689592430858804 0.08388914443422263 0.40374454148471617 0.05452851885924564 0.40374454148471617
21 0.053829346826126945 0.199108442503639 0.1992433302667893 0.199108442503639 0.1992433302667893 0.24556404657933045 0.053829346826126945 0.24556404657933045
24 0.14541168353265868 0.2002147016011645 0.197844986200552 0.2002147016011645 0.197844986200552 0.24224526928675402 0.14541168353265868 0.24224526928675402
24 0.3034084636614536 0.13716521106259097 0.32438362465501375 0.13716521106259097 0.32438362465501375 0.18140829694323146 0.3034084636614536 0.18140829694323146
24 0.25377414903403867 0.5962117903930131 0.28243560257589695 0.5962117903930131 0.28243560257589695 0.6316048034934498 0.25377414903403867 0.6316048034934498
15 0.29851655933762644 0.6128056768558952 0.3222838086476541 0.6128056768558952 0.3222838086476541 0.6493049490538574 0.29851655933762644 0.6493049490538574
15 0.26845216191352345 0.07854075691411935 0.2915202391904324 0.07854075691411935 0.2915202391904324 0.12057132459970887 0.26845216191352345 0.12057132459970887
16 0.33416973321067156 0.25994541484716155 0.37891214351425945 0.25994541484716155 0.37891214351425945 0.32852620087336243 0.33416973321067156 0.32852620087336243
16 0.197844986200552 0.5873617176128094 0.24188822447102115 0.5873617176128094 0.24188822447102115 0.662580058224163 0.197844986200552 0.662580058224163
16 0.24678242870285189 0.6470924308588064 0.29292318307267706 0.6470924308588064 0.29292318307267706 0.7123544395924309 0.24678242870285189 0.7123544395924309
8 0.36143284268629255 0.4159061135371179 0.396386844526219 0.4159061135371179 0.396386844526219 0.47453056768558954 0.36143284268629255 0.47453056768558954
8 0.36353035878564854 0.47895560407569143 0.3970860165593376 0.47895560407569143 0.3970860165593376 0.5353675400291121 0.36353035878564854 0.5353675400291121
8 0.42435142594296227 0.5331622998544396 0.5012511499540019 0.5331622998544396 0.5012511499540019 0.5785116448326055 0.42435142594296227 0.5785116448326055
8 0.4746895124195032 0.4900181950509462 0.5012534498620055 0.4900181950509462 0.5012534498620055 0.5785116448326055 0.4746895124195032 0.5785116448326055
28 0.42505059797608097 0.3384788937409025 0.4963569457221712 0.3384788937409025 0.4963569457221712 0.36945414847161573 0.42505059797608097 0.36945414847161573
16 0.25377414903403867 0.12610262008733625 0.29781738730450785 0.12610262008733625 0.29781738730450785 0.19468340611353713 0.25377414903403867 0.19468340611353713
16 0.1286315547378105 0.49997452692867544 0.18106485740570377 0.49997452692867544 0.18106485740570377 0.5884679767103348 0.1286315547378105 0.5884679767103348
25 0.0552276908923643 0.30529475982532756 0.08388914443422263 0.30529475982532756 0.08388914443422263 0.3539628820960699 0.0552276908923643 0.3539628820960699
19 0.05537028518859246 0.40754366812227066 0.08449172033118675 0.40754366812227066 0.08449172033118675 0.45621179039301313 0.05537028518859246 0.45621179039301313
32 0.20548298068077278 0.19663027656477436 0.24280588776448941 0.19663027656477436 0.24280588776448941 0.24789665211062592 0.20548298068077278 0.24789665211062592