29 0.8926666666666667 0.28034682080924855 0.8106666666666666 0.28034682080924855 0.8106666666666666 0.35452793834296725 0.892 0.35452793834296725
0 0.9506666666666667 0.6946050096339114 0.85 0.6946050096339114 0.85 0.9971098265895953 0.9506666666666667 0.9971098265895953
29 0.8346666666666667 0.21001926782273603 0.762 0.21001926782273603 0.762 0.2697495183044316 0.8346666666666667 0.2697495183044316
0 0.8346666666666667 0.638728323699422 0.8306666666666667 0.6416184971098265 0.8306666666666667 0.6946050096339114 0.892 0.6946050096339114 0.892 0.638728323699422
27 0.61978 0.5685597302504817 0.6636733333333333 0.5685597302504817 0.6636733333333333 0.6709585741811175 0.61978 0.6709585741811175
27 0.6197766666666668 0.49214836223506747 0.6943433333333334 0.49214836223506747 0.6943433333333334 0.5616859344894027 0.6197766666666668 0.5616859344894027
2 0.70281 0.27893545279383425 0.8016966666666667 0.27893545279383425 0.8016966666666667 0.4378853564547206 0.70281 0.4378853564547206
2 0.6948733333333333 0.49061657032755296 0.7900600000000001 0.49061657032755296 0.7900600000000001 0.6396339113680155 0.6948733333333333 0.6396339113680155
2 0.5230066666666666 0.5647350674373797 0.6181933333333333 0.5647350674373797 0.6181933333333333 0.7152842003853565 0.5230066666666666 0.7152842003853565
2 0.41407 0.1994508670520231 0.46959666666666666 0.1994508670520231 0.46959666666666666 0.28810211946050096 0.41407 0.28810211946050096
27 0.46959999999999996 0.2422543352601156 0.5145466666666667 0.2422543352601156 0.5145466666666667 0.2896339113680154 0.46959999999999996 0.2896339113680154
2 0.7890033333333334 0.442471098265896 0.8931833333333334 0.442471098265896 0.8931833333333334 0.6396290944123315 0.7890033333333334 0.6396290944123315
17 0.8080433333333333 0.3614691714836224 0.8746766666666665 0.3614691714836224 0.8746766666666665 0.4371242774566474 0.8080433333333333 0.4371242774566474
2 0.7403533333333333 0.4417052023121387 0.7890066666666666 0.4417052023121387 0.7890066666666666 0.48679190751445084 0.7403533333333333 0.48679190751445084
5 0.41512999999999994 0.2980346820809249 0.45955 0.2980346820809249 0.45955 0.4378805394990366 0.41512999999999994 0.4378805394990366
7 0.46483666666666673 0.29421965317919074 0.5764166666666667 0.29421965317919074 0.5764166666666667 0.5586319845857418 0.46483666666666673 0.5586319845857418
4 0.5579066666666667 0.42718208092485543 0.6049733333333333 0.42718208092485543 0.6049733333333333 0.552509633911368 0.5579066666666667 0.552509633911368
27 0.58276 0.3339499036608863 0.6266533333333333 0.3339499036608863 0.6266533333333333 0.3927938342967245 0.58276 0.3927938342967245
29 0.6330033333333334 0.2284922928709056 0.6975166666666667 0.2284922928709056 0.6975166666666667 0.28809730250481697 0.6330033333333334 0.28809730250481697
6 0.6319433333333333 0.29039499036608857 0.69963 0.29039499036608857 0.69963 0.43941233140655106 0.6319433333333333 0.43941233140655106
28 0.4156533333333333 0.4455202312138728 0.4299333333333334 0.4455202312138728 0.4299333333333334 0.5227071290944123 0.4156533333333333 0.5227071290944123
0 0.4183033333333333 0.5670327552986512 0.5187766666666667 0.5670327552986512 0.5187766666666667 0.6235838150289017 0.4183033333333333 0.6235838150289017
8 0.48334 0.4248940269749518 0.5055533333333333 0.4248940269749518 0.5055533333333333 0.4569942196531792 0.48334 0.4569942196531792
8 0.48281333333333337 0.5227071290944124 0.5066133333333334 0.5227071290944124 0.5066133333333334 0.5502215799614644 0.48281333333333337 0.5502215799614644
8 0.5129566666666667 0.4485838150289017 0.5356966666666666 0.4485838150289017 0.5356966666666666 0.5272928709055877 0.5129566666666667 0.5272928709055877
8 0.5044966666666667 0.3010886319845858 0.5505033333333333 0.3010886319845858 0.5505033333333333 0.32860308285163775 0.5044966666666667 0.32860308285163775
8 0.5557966666666667 0.33089595375722547 0.57219 0.33089595375722547 0.57219 0.3538246628131021 0.5557966666666667 0.3538246628131021
8 0.5547333333333333 0.3614643545279384 0.5737733333333334 0.3614643545279384 0.5737733333333334 0.3866859344894027 0.5547333333333333 0.3866859344894027
28 0.4664233333333333 0.3201974951830443 0.47646999999999995 0.3201974951830443 0.47646999999999995 0.3729238921001927 0.4664233333333333 0.3729238921001927
21 0.633 0.2919219653179191 0.64992 0.2919219653179191 0.64992 0.4378853564547206 0.633 0.4378853564547206
21 0.6811266666666667 0.29115606936416183 0.6980466666666668 0.29115606936416183 0.6980466666666668 0.43177263969171487 0.6811266666666667 0.43177263969171487
25 0.6832366666666667 0.3522976878612717 0.6980433333333333 0.3522976878612717 0.6980433333333333 0.37598747591522164 0.6832366666666667 0.37598747591522164
24 0.6340566666666667 0.29498554913294794 0.6488633333333333 0.29498554913294794 0.6488633333333333 0.34312620423892104 0.6340566666666667 0.34312620423892104
24 0.6070866666666667 0.33548651252408473 0.6261266666666666 0.33548651252408473 0.6261266666666666 0.35459055876685935 0.6070866666666667 0.35459055876685935
24 0.8106833333333334 0.3072061657032756 0.8223166666666666 0.3072061657032756 0.8223166666666666 0.33472061657032753 0.8106833333333334 0.33472061657032753
24 0.6483366666666667 0.5723795761078998 0.6615566666666666 0.5723795761078998 0.6615566666666666 0.5991233140655106 0.6483366666666667 0.5991233140655106
24 0.6721366666666667 0.4929094412331407 0.6885300000000001 0.4929094412331407 0.6885300000000001 0.5081888246628131 0.6721366666666667 0.5081888246628131
24 0.48228999999999994 0.24759633911368015 0.49709666666666663 0.24759633911368015 0.49709666666666663 0.26670038535645474 0.48228999999999994 0.26670038535645474
1 0.41777333333333333 0.20709055876685936 0.46272 0.20709055876685936 0.46272 0.2391907514450867 0.41777333333333333 0.2391907514450867
1 0.5272333333333333 0.6296965317919075 0.5774733333333333 0.6296965317919075 0.5774733333333333 0.6984730250481697 0.5272333333333333 0.6984730250481697
1 0.7313666666666666 0.545635838150289 0.7874199999999999 0.545635838150289 0.7874199999999999 0.6090655105973024 0.7313666666666666 0.6090655105973024
1 0.8360733333333334 0.5272928709055877 0.8921266666666667 0.5272928709055877 0.8921266666666667 0.6021868978805396 0.8360733333333334 0.6021868978805396
1 0.7038599999999999 0.3133188824662813 0.75886 0.3133188824662813 0.75886 0.3752167630057804 0.7038599999999999 0.3752167630057804
15 0.6530966666666667 0.4952023121387284 0.6631433333333333 0.4952023121387284 0.6631433333333333 0.515067437379576 0.6530966666666667 0.515067437379576
15 0.6462266666666667 0.6090655105973025 0.66156 0.6090655105973025 0.66156 0.6266377649325626 0.6462266666666667 0.6266377649325626
15 0.8350133333333333 0.28199421965317917 0.8445333333333335 0.28199421965317917 0.8445333333333335 0.30644508670520226 0.8350133333333333 0.30644508670520226
15 0.79059 0.2147398843930636 0.8038099999999999 0.2147398843930636 0.8038099999999999 0.2323121387283237 0.79059 0.2323121387283237
24 0.7667933333333332 0.21320809248554912 0.78266 0.21320809248554912 0.78266 0.2292581888246628 0.7667933333333332 0.2292581888246628
15 0.5838233333333334 0.35764450867052017 0.59863 0.35764450867052017 0.59863 0.3744556840077071 0.5838233333333334 0.3744556840077071
16 0.6055033333333333 0.36222543352601155 0.6266566666666666 0.36222543352601155 0.6266566666666666 0.39584778420038536 0.6055033333333333 0.39584778420038536
16 0.5901633333333334 0.566266859344894 0.61449 0.566266859344894 0.61449 0.6060067437379576 0.5901633333333334 0.6060067437379576
16 0.6996300000000001 0.48984585741811165 0.7239566666666666 0.48984585741811165 0.7239566666666666 0.5242389210019267 0.6996300000000001 0.5242389210019267
16 0.7361233333333334 0.4508766859344894 0.7652100000000001 0.4508766859344894 0.7652100000000001 0.4852697495183045 0.7361233333333334 0.4852697495183045
16 0.7043966666666667 0.40119942196531794 0.7313633333333333 0.40119942196531794 0.7313633333333333 0.43864643545279386 0.7043966666666667 0.43864643545279386
16 0.8286666666666667 0.32477842003853563 0.8492933333333333 0.32477842003853563 0.8492933333333333 0.35917148362235074 0.8286666666666667 0.35917148362235074
16 0.7662666666666665 0.24377649325626205 0.7895333333333333 0.24377649325626205 0.7895333333333333 0.2796917148362235 0.7662666666666665 0.2796917148362235
16 0.41195666666666664 0.29803949903660887 0.44527 0.29803949903660887 0.44527 0.3415944123314066 0.41195666666666664 0.3415944123314066
16 0.4161833333333334 0.25065510597302504 0.44209666666666664 0.25065510597302504 0.44209666666666664 0.2865703275529865 0.4161833333333334 0.2865703275529865
16 0.4352233333333333 0.5571001926782273 0.5013233333333333 0.5571001926782273 0.5013233333333333 0.5731502890173411 0.4352233333333333 0.5731502890173411
16 0.8286666666666667 0.6319942196531793 0.88208 0.6319942196531793 0.88208 0.6472736030828516 0.8286666666666667 0.6472736030828516
12 0.7419366666666667 0.41190269749518305 0.8006366666666668 0.41190269749518305 0.8006366666666668 0.435592485549133 0.7419366666666667 0.435592485549133
12 0.80857 0.363757225433526 0.8233766666666668 0.363757225433526 0.8233766666666668 0.4363583815028902 0.80857 0.4363583815028902
12 0.8540466666666667 0.36146435452793835 0.8715 0.36146435452793835 0.8715 0.4363583815028902 0.8540466666666667 0.4363583815028902
12 0.7271333333333332 0.49366570327552994 0.78636 0.49366570327552994 0.78636 0.5173554913294798 0.7271333333333332 0.5173554913294798
12 0.5235366666666667 0.5655057803468209 0.5774766666666666 0.5655057803468209 0.5774766666666666 0.5891955684007706 0.5235366666666667 0.5891955684007706
28 0.79112 0.5341763005780347 0.8038133333333334 0.5341763005780347 0.8038133333333334 0.5785019267822736 0.79112 0.5785019267822736
28 0.6060333333333334 0.6503323699421965 0.6187266666666666 0.6503323699421965 0.6187266666666666 0.6946579961464354 0.6060333333333334 0.6946579961464354
28 0.69752 0.5548073217726397 0.7070400000000001 0.5548073217726397 0.7070400000000001 0.5998940269749518 0.69752 0.5998940269749518
28 0.7916500000000001 0.32172928709055876 0.8032833333333333 0.32172928709055876 0.8032833333333333 0.3629913294797688 0.7916500000000001 0.3629913294797688
16 0.4685333333333333 0.2582996146435453 0.48916 0.2582996146435453 0.48916 0.2888680154142582 0.4685333333333333 0.2888680154142582
16 0.6747766666666667 0.5181213872832371 0.6943433333333332 0.5181213872832371 0.6943433333333332 0.5502215799614644 0.6747766666666667 0.5502215799614644
32 0.63402 0.2626541425818883 0.6505933333333334 0.2626541425818883 0.6505933333333334 0.28389691714836224 0.63402 0.28389691714836224