0 0.4198568702290077 0.1067280701754386 0.6504484732824428 0.1067280701754386 0.6504484732824428 0.222219298245614 0.4198568702290077 0.222219298245614
0 0.7935687022900763 0.11110526315789473 0.9462404580152671 0.11110526315789473 0.9462404580152671 0.21636842105263157 0.7935687022900763 0.21636842105263157
0 0.4437022900763359 0.7865526315789474 0.6154580152671756 0.7865526315789474 0.6154580152671756 0.9166754385964913 0.4437022900763359 0.9166754385964913
2 0.15108778625954197 0.6491228070175439 0.4373473282442748 0.6491228070175439 0.4373473282442748 0.9078947368421053 0.15108778625954197 0.9078947368421053
2 0.6504389312977099 0.23976315789473687 0.9271564885496183 0.23976315789473687 0.9271564885496183 0.5146228070175438 0.6504389312977099 0.5146228070175438
7 0.10337786259541983 0.2295350877192982 0.3991793893129771 0.2295350877192982 0.3991793893129771 0.5116929824561404 0.10337786259541983 0.5116929824561404
3 0.40235687022900757 0.23538596491228067 0.6472614503816795 0.23538596491228067 0.6472614503816795 0.5511754385964912 0.40235687022900757 0.5511754385964912
27 0.1494847328244275 0.5233947368421052 0.34032442748091607 0.5233947368421052 0.34032442748091607 0.6564298245614035 0.1494847328244275 0.6564298245614035
27 0.45800572519083965 0.6403421052631579 0.6472614503816794 0.6403421052631579 0.6472614503816794 0.7748508771929824 0.45800572519083965 0.7748508771929824
12 0.0938263358778626 0.6564298245614035 0.1447232824427481 0.6564298245614035 0.1447232824427481 0.9049736842105264 0.0938263358778626 0.9049736842105264
12 0.661574427480916 0.1871315789473684 0.7776622137404581 0.1871315789473684 0.7776622137404581 0.23392105263157897 0.661574427480916 0.23392105263157897
29 0.6599904580152671 0.6535 0.8047041984732825 0.6535 0.8047041984732825 0.7748508771929824 0.6599904580152671 0.7748508771929824
6 0.6504452926208653 0.5233918128654971 0.6504452926208653 0.6345029239766081 0.8206106870229006 0.638888888888889 0.8142493638676844 0.7719298245614036 0.9367048346055981 0.7675438596491229 0.9367048346055981 0.5160818713450294
4 0.43702290076335876 0.31623684210526315 0.5880152671755725 0.31623684210526315 0.5880152671755725 0.49758771929824563 0.43702290076335876 0.49758771929824563
16 0.09589690288514581 0.2241228086906567 0.19112935723850982 0.22557521668211297 0.17014050484881751 0.26944814132759354 0.14533540484056914 0.29050715854637826 0.12243850142907965 0.30454648104397813 0.1033577000611846 0.3098112186124816 0.1052657510829818 0.22908506404270543
16 0.6445610250225504 0.2328947385152181 0.6528848376865497 0.2782227262566897 0.6471605390461963 0.3203407606942592 0.6872301928037838 0.2992817434754744 0.7024948921280847 0.28524242097787467 0.7101272417902351 0.26418340375908994 0.7158513948556265 0.25540881882999383 0.7253917955395741 0.2378596489718016 0.6433444370026022 0.23610469181912025
16 0.4417938494500313 0.6429824578134637 0.4391797750211468 0.7011576930612149 0.47543332673513977 0.6871183705636151 0.5116868784491331 0.6695692007054229 0.5212272791330804 0.6432454459181346
16 0.36094851852776905 0.6590397255684156 0.43727172399934977 0.6467554271682675 0.43345562195575527 0.7116872351429925 0.3876616695578146 0.7046675404218073 0.3704889192117168 0.6958929554927114 0.359040467505972 0.6800987427872004
16 0.14837781891568017 0.5815789490415338 0.1968536558788631 0.6063922159938389 0.21593445724675836 0.6327159707811273 0.1510597034809225 0.6397355985575421
8 0.15791984732824427 0.44780701754385965 0.31753816793893125 0.44780701754385965 0.31753816793893125 0.49935087719298243 0.15791984732824427 0.49935087719298243
8 0.0982824427480916 0.3710614035087719 0.16297709923664122 0.3710614035087719 0.16297709923664122 0.43265789473684213 0.0982824427480916 0.43265789473684213
8 0.31060114503816794 0.3732456140350877 0.38241412213740456 0.3732456140350877 0.38241412213740456 0.43440350877192985 0.31060114503816794 0.43440350877192985
28 0.1960973282442748 0.23069298245614037 0.36905534351145036 0.23069298245614037 0.36905534351145036 0.27471052631578946 0.1960973282442748 0.27471052631578946
1 0.7566793893129771 0.2965 0.9300381679389313 0.2965 0.9300381679389313 0.42739473684210527 0.7566793893129771 0.42739473684210527
1 0.22948473282442747 0.750438596491228 0.35952290076335874 0.750438596491228 0.35952290076335874 0.9029649122807019 0.22948473282442747 0.9029649122807019
25 0.8770038167938932 0.5914122807017544 0.9299809160305343 0.5914122807017544 0.9299809160305343 0.6402017543859648 0.8770038167938932 0.6402017543859648
24 0.72712786259542 0.7277105263157895 0.8023759541984733 0.7277105263157895 0.8023759541984733 0.7741842105263158 0.72712786259542 0.7741842105263158
24 0.45317748091603055 0.7440087719298246 0.49815839694656494 0.7440087719298246 0.49815839694656494 0.7765526315789474 0.45317748091603055 0.7765526315789474
15 0.5160209923664122 0.7217982456140352 0.5522996183206106 0.7217982456140352 0.5522996183206106 0.7658859649122807 0.5160209923664122 0.7658859649122807
15 0.21625954198473282 0.5262280701754387 0.2506488549618321 0.5262280701754387 0.2506488549618321 0.575 0.21625954198473282 0.575
24 0.15020038167938932 0.5247543859649123 0.2029675572519084 0.5247543859649123 0.2029675572519084 0.5548596491228069 0.15020038167938932 0.5548596491228069