29 0.02343894899536321 0.12814070351758794 0.10710200927357033 0.12814070351758794 0.10710200927357033 0.3741206030150754 0.02343894899536321 0.3741206030150754
27 0.02472952086553323 0.4694221105527638 0.12667697063369396 0.4694221105527638 0.12667697063369396 0.7326884422110553 0.02472952086553323 0.7326884422110553
2 0.12520092735703245 0.37940954773869345 0.34920401854714067 0.37940954773869345 0.34920401854714067 0.8164698492462311 0.12520092735703245 0.8164698492462311
2 0.560533230293663 0.49665829145728635 0.77467542503864 0.49665829145728635 0.77467542503864 0.8533417085427135 0.560533230293663 0.8533417085427135
2 0.7717619783616692 0.38776381909547736 0.980726429675425 0.38776381909547736 0.980726429675425 0.7578140703517589 0.7717619783616692 0.7578140703517589
27 0.560533230293663 0.1323241206030151 0.6706259659969088 0.1323241206030151 0.6706259659969088 0.3825 0.560533230293663 0.3825
3 0.3518701700154559 0.13440954773869349 0.5676043276661514 0.13440954773869349 0.5676043276661514 0.5030778894472362 0.3518701700154559 0.5030778894472362
7 0.35316846986089645 0.4903768844221106 0.5521483771251933 0.4903768844221106 0.5521483771251933 0.8164070351758794 0.35316846986089645 0.8164070351758794
6 0.10716383307573414 0.1323366834170854 0.34405718701700155 0.1323366834170854 0.34405718701700155 0.352286432160804 0.10716383307573414 0.352286432160804
0 0.16253477588871715 0.8128266331658291 0.5645131375579598 0.8128266331658291 0.5645131375579598 0.9588316582914573 0.16253477588871715 0.9588316582914573
4 0.3943817619783617 0.22026381909547738 0.5325734157650696 0.22026381909547738 0.5325734157650696 0.4025502512562814 0.3943817619783617 0.4025502512562814
8 0.4252859350850078 0.5343341708542714 0.5109428129829985 0.5343341708542714 0.5109428129829985 0.6086306532663316 0.4252859350850078 0.6086306532663316
8 0.50387171561051 0.6055402010050251 0.5531916537867079 0.6055402010050251 0.5531916537867079 0.7242587939698493 0.50387171561051 0.7242587939698493
1 0.6403941267387944 0.6201758793969849 0.7654173106646058 0.6201758793969849 0.7654173106646058 0.7879145728643215 0.6403941267387944 0.7879145728643215
1 0.7730602782071099 0.5196859296482412 0.895224111282844 0.5196859296482412 0.895224111282844 0.7075000000000001 0.7730602782071099 0.7075000000000001
1 0.22180061823802164 0.5950753768844221 0.3399304482225657 0.5950753768844221 0.3399304482225657 0.7644723618090452 0.22180061823802164 0.7644723618090452
16 0.2977846235052203 0.4422110568738263 0.3481705042068244 0.44114653728199105 0.35023092406343787 0.5215729347004656 0.32447528285587196 0.5131951902958011 0.3090218981313324 0.49308859094118246
16 0.08655329944545735 0.4715242897046471 0.12873240967837166 0.4696308810412744 0.1277021997500649 0.5450305806832559 0.10503726692739863 0.5316262024192161 0.09679543030098585 0.514870713609887 0.09061409213116589 0.4964397014864716
16 0.5695517538504031 0.49455611550029194 0.5717294384485041 0.5668127033519608 0.5892433216296364 0.5684882905831641 0.598515368184356 0.5567595634674447 0.6036664964258693 0.5467061679144594 0.6098478345956893 0.5265995685598408 0.6149989628372023 0.516546236923973 0.6170593826938159 0.49979074811464347
16 0.663575452974566 0.404522614662771 0.66754053378062 0.4947641142552683 0.6829939185051596 0.4863863698506038 0.6871147582183865 0.48135973599122844 0.6994774345580267 0.4612531366366099 0.709779691041053 0.4478487583725699 0.7139006879542386 0.4394710139679053 0.7169912391391795 0.42439104847266196 0.7159611078108522 0.4126622574398253 0.7077192711844396 0.40093340248987136
16 0.622359584865344 0.3793969865220675 0.6294220590334559 0.34564030220250813 0.644875443757995 0.33223586002135086 0.6634195368674345 0.3171559584432248 0.6665102452523339 0.3808268031352527 0.6211803796070013 0.384177913680542
16 0.3615634690747503 0.13117002626795798 0.3605331805464643 0.2166229936286904 0.3780470637275965 0.21829854890133507 0.38937953013892973 0.20154306009200587 0.39865157669364926 0.1914897604146966 0.41307475148988204 0.17473427160536725 0.41925608965970185 0.16300544861397198 0.4223467194446224 0.151276593664018 0.42646763775782864 0.13787221539997802
24 0.1081066460587326 0.3064572864321608 0.1764374034003091 0.3064572864321608 0.1764374034003091 0.3621859296482412 0.1081066460587326 0.3621859296482412
25 0.1773261205564142 0.13603015075376884 0.21877897990726428 0.13603015075376884 0.21877897990726428 0.1979899497487437 0.1773261205564142 0.1979899497487437
24 0.0348145285935085 0.47854271356783923 0.061630602782071095 0.47854271356783923 0.061630602782071095 0.5369849246231155 0.0348145285935085 0.5369849246231155
24 0.5681993817619784 0.31804020100502517 0.6022797527047913 0.31804020100502517 0.6022797527047913 0.37804020100502517 0.5681993817619784 0.37804020100502517
15 0.5793972179289026 0.2634422110552764 0.6120401854714065 0.2634422110552764 0.6120401854714065 0.30520100502512565 0.5793972179289026 0.30520100502512565
15 0.03785935085007728 0.5679145728643216 0.06977588871715609 0.5679145728643216 0.06977588871715609 0.6031407035175879 0.03785935085007728 0.6031407035175879
12 0.13049459041731068 0.37927135678391954 0.3482380216383308 0.37927135678391954 0.3482380216383308 0.4376130653266332 0.13049459041731068 0.4376130653266332
28 0.13050231839258114 0.5943844221105528 0.15039412673879446 0.5943844221105528 0.15039412673879446 0.7885301507537688 0.13050231839258114 0.7885301507537688
12 0.6384312210200928 0.5066834170854271 0.767565687789799 0.5066834170854271 0.767565687789799 0.5594472361809045 0.6384312210200928 0.5594472361809045
12 0.8410046367851622 0.3925 0.9751931993817619 0.3925 0.9751931993817619 0.44820351758793975 0.8410046367851622 0.44820351758793975
28 0.9560355486862441 0.5182788944723618 0.9784621329211746 0.5182788944723618 0.9784621329211746 0.6945351758793971 0.9560355486862441 0.6945351758793971
28 0.35241112828438953 0.5927386934673367 0.371854714064915 0.5927386934673367 0.371854714064915 0.7461557788944724 0.35241112828438953 0.7461557788944724
21 0.11268933539412673 0.13337939698492463 0.2772642967542504 0.13337939698492463 0.2772642967542504 0.19662060301507536 0.11268933539412673 0.19662060301507536
21 0.10847758887171562 0.3024120603015076 0.28175425038639873 0.3024120603015076 0.28175425038639873 0.36462311557788946 0.10847758887171562 0.36462311557788946
19 0.2798608964451314 0.13809045226130656 0.3408500772797527 0.13809045226130656 0.3408500772797527 0.20577889447236183 0.2798608964451314 0.20577889447236183
32 0.06636012364760432 0.13430904522613066 0.10690108191653785 0.13430904522613066 0.10690108191653785 0.19790201005025126 0.06636012364760432 0.19790201005025126