2 0.6920611916264091 0.13355898123324397 0.9286473429951692 0.13355898123324397 0.9286473429951692 0.4323659517426274 0.6920611916264091 0.4323659517426274
2 0.1781159420289855 0.7617292225201072 0.49763285024154585 0.7617292225201072 0.49763285024154585 0.9699865951742626 0.1781159420289855 0.9699865951742626
2 0.17676328502415461 0.23542225201072386 0.4894847020933978 0.23542225201072386 0.4894847020933978 0.4357573726541555 0.17676328502415461 0.4357573726541555
27 0.3045652173913044 0.1346983914209115 0.4894766505636071 0.1346983914209115 0.4894766505636071 0.2320308310991957 0.3045652173913044 0.2320308310991957
27 0.4935507246376812 0.13356568364611257 0.6893478260869565 0.13356568364611257 0.6893478260869565 0.23316353887399463 0.4935507246376812 0.23316353887399463
27 0.5017230273752012 0.8669973190348526 0.6893558776167471 0.8669973190348526 0.6893558776167471 0.9722520107238606 0.5017230273752012 0.9722520107238606
0 0.17403381642512075 0.12789544235924932 0.3018438003220612 0.12789544235924932 0.3018438003220612 0.2365549597855228 0.17403381642512075 0.2365549597855228
0 0.6934219001610306 0.02829758713136729 0.9014573268921094 0.02829758713136729 0.9014573268921094 0.13242627345844504 0.6934219001610306 0.13242627345844504
0 0.05981481481481481 0.8477412868632709 0.17403381642512078 0.8477412868632709 0.17403381642512078 0.9745107238605898 0.05981481481481481 0.9745107238605898
0 0.09109500805152979 0.44028150134048266 0.26648953301127215 0.44028150134048266 0.26648953301127215 0.7617292225201072 0.09109500805152979 0.7617292225201072
7 0.2651288244766506 0.538760053619303 0.6172866344605475 0.538760053619303 0.6172866344605475 0.7504088471849867 0.2651288244766506 0.7504088471849867
3 0.6200080515297907 0.5421447721179624 0.8361916264090177 0.5421447721179624 0.8361916264090177 0.7549329758713138 0.6200080515297907 0.7549329758713138
29 0.6267954911433172 0.7594705093833781 0.762769726247987 0.7594705093833781 0.762769726247987 0.8658646112600535 0.6267954911433172 0.8658646112600535
6 0.7722866344605475 0.5455495978552279 0.9286473429951689 0.5455495978552279 0.9286473429951689 0.8692493297587132 0.7722866344605475 0.8692493297587132
30 0.5003542673107891 0.7594638069705094 0.6254428341384862 0.7594638069705094 0.6254428341384862 0.8647184986595174 0.5003542673107891 0.8647184986595174
26 0.2664975845410628 0.44255361930294906 0.49356682769726246 0.44255361930294906 0.49356682769726246 0.5387600536193029 0.2664975845410628 0.5387600536193029
5 0.49491948470209346 0.43915549597855225 0.7913285024154588 0.43915549597855225 0.7913285024154588 0.537627345844504 0.49491948470209346 0.537627345844504
30 0.48676328502415456 0.2365549597855228 0.6118518518518519 0.2365549597855228 0.6118518518518519 0.3350268096514745 0.48676328502415456 0.3350268096514745
23 0.49355877616747185 0.34182305630026816 0.6920772946859903 0.34182305630026816 0.6920772946859903 0.4357640750670242 0.49355877616747185 0.4357640750670242
23 0.6200080515297907 0.23428954423592493 0.6866264090177133 0.23428954423592493 0.6866264090177133 0.33954423592493294 0.6200080515297907 0.33954423592493294
4 0.6419726247987118 0.5902613941018766 0.820925925925926 0.5902613941018766 0.820925925925926 0.6910790884718498 0.6419726247987118 0.6910790884718498
1 0.2528180354267311 0.29758713136729226 0.3577777777777778 0.29758713136729226 0.3577777777777778 0.42469168900804294 0.2528180354267311 0.42469168900804294
1 0.7708051529790659 0.2216219839142091 0.924524959742351 0.2216219839142091 0.924524959742351 0.3048927613941019 0.7708051529790659 0.3048927613941019
8 0.266231884057971 0.5388806970509383 0.32771336553945246 0.5388806970509383 0.32771336553945246 0.6195643431635389 0.266231884057971 0.6195643431635389
8 0.26355072463768114 0.545583109919571 0.4286231884057971 0.545583109919571 0.4286231884057971 0.5909584450402146 0.26355072463768114 0.5909584450402146
8 0.44336553945249596 0.5924932975871313 0.4908695652173913 0.5924932975871313 0.4908695652173913 0.6803485254691688 0.44336553945249596 0.6803485254691688
8 0.35211755233494363 0.6103686327077747 0.389975845410628 0.6103686327077747 0.389975845410628 0.646387399463807 0.35211755233494363 0.646387399463807
1 0.300402576489533 0.8375402144772118 0.42262479871175523 0.8375402144772118 0.42262479871175523 0.968357908847185 0.300402576489533 0.968357908847185
12 0.16964573268921093 0.764979892761394 0.23222222222222225 0.764979892761394 0.23222222222222225 0.8645107238605898 0.16964573268921093 0.8645107238605898
12 0.6909742351046699 0.39378686327077744 0.9321497584541063 0.39378686327077744 0.9321497584541063 0.43578418230563004 0.6909742351046699 0.43578418230563004
28 0.26855072463768115 0.7245107238605898 0.4896779388083736 0.7245107238605898 0.4896779388083736 0.7551139410187667 0.26855072463768115 0.7551139410187667
12 0.5652495974235104 0.24029490616621982 0.6143639291465378 0.24029490616621982 0.6143639291465378 0.3319302949061662 0.5652495974235104 0.3319302949061662
12 0.4914895330112722 0.29750670241286864 0.6063204508856682 0.29750670241286864 0.6063204508856682 0.33305630026809646 0.4914895330112722 0.33305630026809646
12 0.5702898550724638 0.7566018766756033 0.6251046698872785 0.7566018766756033 0.6251046698872785 0.8589209115281501 0.5702898550724638 0.8589209115281501
15 0.3863929146537842 0.1481903485254692 0.4152818035426731 0.1481903485254692 0.4152818035426731 0.17615281501340482 0.3863929146537842 0.17615281501340482
15 0.5811755233494363 0.14441689008042896 0.6073268921095007 0.14441689008042896 0.6073268921095007 0.17539544235924934 0.5811755233494363 0.17539544235924934
15 0.5709822866344605 0.9287533512064342 0.5991626409017713 0.9287533512064342 0.5991626409017713 0.9567694369973191 0.5709822866344605 0.9567694369973191
24 0.436231884057971 0.1387667560321716 0.4750724637681159 0.1387667560321716 0.4750724637681159 0.16335120643431636 0.436231884057971 0.16335120643431636
24 0.6389291465378423 0.13970509383378016 0.671634460547504 0.13970509383378016 0.671634460547504 0.1626005361930295 0.6389291465378423 0.1626005361930295
24 0.6955555555555556 0.8307171581769437 0.7767149758454106 0.8307171581769437 0.7767149758454106 0.8609986595174262 0.6955555555555556 0.8609986595174262
16 0.5041721332505175 0.7609526104251411 0.5103986196753914 0.7757495172007237 0.5176453393066253 0.7870654181368069 0.526703790678542 0.7968725265258475 0.5375739737911417 0.8036620785986274 0.5466324251630582 0.8089428381243643 0.560220102220933 0.8119603944406253 0.5692785535928497 0.8164867720817531 0.5692785535928496 0.760661649285946
16 0.7178371008038834 0.4423646985649005 0.7187430012294745 0.4627333260054151 0.7259897208607082 0.47555801948854104 0.7359540035477168 0.4883827129716669 0.7513534123462746 0.4981898213607075 0.7640351889785588 0.5027161702240112 0.7785287664620248 0.507242547865139 0.790304780889716 0.5117688967284426 0.7903047808897162 0.4423646985649004
16 0.6921608454995785 0.3386201412127413 0.7042494237460087 0.33982427629187006 0.7160254381736999 0.34585941770221634 0.7232722269154328 0.3511401772279534 0.7314247778617585 0.35566652609125693 0.7395773979185832 0.36396487071107925 0.7477300870859074 0.37075439400603466 0.7522593127718658 0.3782983279634235 0.7549767376066421 0.3843334693737697 0.7567885384578239 0.3926318139935919 0.6906617466881334 0.3941406065406346
16 0.4226348604677923 0.42817724963947784 0.4252491629572751 0.41978996472906205 0.4297783886432333 0.40847406379297874 0.43521344564428366 0.4024389223826326 0.44064850264533373 0.39640378097228646 0.45242451707302506 0.3820702949421179 0.4687296880761755 0.3775439460788143 0.48050570250386687 0.37226318655307733 0.49137581650596696 0.3684912195743828 0.49137581650596696 0.42808830934888437
16 0.4271647089557215 0.22832349188718154 0.43068421995832523 0.22138450740530052 0.43340178301409993 0.21459496972143302 0.4361192769593752 0.20780543203756546 0.44246023438601656 0.2032790687853497 0.4469894600719748 0.1957351348279609 0.4560479114438917 0.19196316784926648 0.46148296844494163 0.18894558275518125 0.47144725113195 0.18592801205000817 0.4795998711887751 0.18441923389187767 0.4868465908200089 0.18140164879779241 0.4859407595049169 0.2342092008884264 0.425249162957275 0.23345480461490511 0.4225315999015004 0.23119161579434117
16 0.6253455803026231 0.2264380790781976 0.6299701501404916 0.2153493659949543 0.6354052071415416 0.20705103576404413 0.6417461645681828 0.19950710180665532 0.6526162785702831 0.19271754973387567 0.6634863925723836 0.18592801205000817 0.6752624070000749 0.18366483761835634 0.6843208583719915 0.18215604507131372 0.6843208583719915 0.23194604084568674 0.6227233613987588 0.23270040834138384 0.6245350931394416 0.22817407386699232 0.627252587084717 0.22289329995234317
25 0.8778824476650565 0.6563203753351207 0.9270772946859904 0.6563203753351207 0.9270772946859904 0.6920710455764074 0.8778824476650565 0.6920710455764074
24 0.520024154589372 0.9400670241286863 0.5502495974235104 0.9400670241286863 0.5502495974235104 0.9658847184986594 0.520024154589372 0.9658847184986594
21 0.8754669887278582 0.5982171581769438 0.9282689210950079 0.5982171581769438 0.9282689210950079 0.8661796246648794 0.8754669887278582 0.8661796246648794
21 0.6880837359098227 0.8185924932975871 0.93256038647343 0.8185924932975871 0.93256038647343 0.8697453083109921 0.6880837359098227 0.8697453083109921
19 0.8760386473429952 0.5448391420911528 0.9279227053140097 0.5448391420911528 0.9279227053140097 0.5918632707774799 0.8760386473429952 0.5918632707774799
32 0.6312640901771336 0.8197520107238605 0.6863204508856684 0.8197520107238605 0.6863204508856684 0.8622855227882037 0.6312640901771336 0.8622855227882037