0 0.08152173913043478 0.4213553370786517 0.2611684782608696 0.4213553370786517 0.2611684782608696 0.6897682584269663 0.08152173913043478 0.6897682584269663
0 0.04528532608695652 0.8286516853932584 0.15699728260869564 0.8286516853932584 0.15699728260869564 0.9769101123595505 0.04528532608695652 0.9769101123595505
2 0.17210597826086954 0.7116151685393258 0.5042255434782609 0.7116151685393258 0.5042255434782609 0.9706601123595506 0.17210597826086954 0.9706601123595506
0 0.6321127717391305 0.01331460674157303 0.7132133152173913 0.01331460674157303 0.7132133152173913 0.15171348314606742 0.6321127717391305 0.15171348314606742
26 0.7170652173913044 0.014641853932584265 0.9629619565217391 0.014641853932584265 0.9629619565217391 0.27148174157303373 0.7170652173913044 0.27148174157303373
2 0.17379076086956521 0.15304073033707863 0.5123777173913043 0.15304073033707863 0.5123777173913043 0.4138693820224719 0.17379076086956521 0.4138693820224719
27 0.5188179347826087 0.1543679775280899 0.7170788043478261 0.1543679775280899 0.7170788043478261 0.2821207865168539 0.5188179347826087 0.2821207865168539
5 0.5162432065217392 0.28344803370786514 0.8406589673913044 0.28344803370786514 0.8406589673913044 0.41919241573033705 0.5162432065217392 0.41919241573033705
29 0.6501290760869566 0.6959971910112359 0.7853057065217391 0.6959971910112359 0.7853057065217391 0.837064606741573 0.6501290760869566 0.837064606741573
6 0.7904551630434782 0.4178581460674157 0.96296875 0.4178581460674157 0.96296875 0.8477036516853933 0.7904551630434782 0.8477036516853933
3 0.5922010869565216 0.41786516853932587 0.8599728260869565 0.41786516853932587 0.8599728260869565 0.686685393258427 0.5922010869565216 0.686685393258427
7 0.27034646739130436 0.423188202247191 0.5909035326086957 0.423188202247191 0.5909035326086957 0.6893398876404494 0.27034646739130436 0.6893398876404494
27 0.5122350543478261 0.8502247191011236 0.7092051630434782 0.8502247191011236 0.7092051630434782 0.9713202247191012 0.5122350543478261 0.9713202247191012
4 0.6684850543478261 0.4896980337078652 0.847547554347826 0.4896980337078652 0.847547554347826 0.6294873595505618 0.6684850543478261 0.6294873595505618
16 0.759057929550392 0.2790262190143713 0.8421079262624598 0.28855970262084224 0.8421079262624594 0.38034780501286214 0.8022595253486962 0.3709816750323663 0.7895802500012473 0.35599588135515314 0.7714673153694046 0.3297706888266042 0.7533543807375622 0.30354549629805555 0.75697718876909 0.28668650520790345
16 0.4374999585358993 0.4007490654563189 0.4472458960120039 0.3766013387290837 0.45630236332792484 0.36348874246480917 0.4744152979597672 0.3485029487875959 0.48528303110072796 0.3466297513746571 0.5015846999075313 0.33726362139416133 0.5142636988735309 0.32977068882660415 0.5196976345393738 0.4196855223477844 0.43456675885527946 0.4121926612381283
16 0.5144927121590877 0.6933520617110004 0.5993945745576253 0.6894300943692256 0.5975831705418618 0.777471730477467 0.5686025027690589 0.7587394705164754 0.545055770662098 0.7493733405359794 0.5233201661894525 0.7231482909232323 0.5178863687143346 0.711908820613996
1 0.28351902173913046 0.24157303370786518 0.39335597826086954 0.24157303370786518 0.39335597826086954 0.4121910112359551 0.28351902173913046 0.4121910112359551
1 0.3038926630434783 0.8080477528089887 0.42415081521739134 0.8080477528089887 0.42415081521739134 0.9722893258426966 0.3038926630434783 0.9722893258426966
12 0.16349184782608694 0.6933567415730336 0.2230842391304348 0.6933567415730336 0.2230842391304348 0.8411657303370786 0.16349184782608694 0.8411657303370786
12 0.17254755434782607 0.152626404494382 0.2248980978260869 0.152626404494382 0.2248980978260869 0.29043539325842693 0.17254755434782607 0.29043539325842693
8 0.2789809782608696 0.4288412921348315 0.3299592391304348 0.4288412921348315 0.3299592391304348 0.5189676966292135 0.2789809782608696 0.5189676966292135
8 0.27671875 0.4288412921348314 0.4386345108695652 0.4288412921348314 0.4386345108695652 0.4833778089887641 0.27671875 0.4833778089887641
8 0.44430027173913045 0.4850140449438202 0.5038519021739131 0.4850140449438202 0.5038519021739131 0.6013904494382022 0.44430027173913045 0.6013904494382022
8 0.3605027173913044 0.5177879213483146 0.40422554347826084 0.5177879213483146 0.40422554347826084 0.5508075842696629 0.3605027173913044 0.5508075842696629
28 0.26765625 0.6465308988764046 0.5002241847826087 0.6465308988764046 0.5002241847826087 0.7006601123595506 0.26765625 0.7006601123595506
12 0.59828125 0.6956952247191011 0.6451426630434782 0.6956952247191011 0.6451426630434782 0.8486587078651685 0.59828125 0.8486587078651685
24 0.7106793478260869 0.7905196629213483 0.7847282608695652 0.7905196629213483 0.7847282608695652 0.8380196629213482 0.7106793478260869 0.8380196629213482
24 0.5296127717391305 0.941306179775281 0.56546875 0.941306179775281 0.56546875 0.9722050561797754 0.5296127717391305 0.9722050561797754
24 0.5333899456521739 0.15754213483146068 0.5634578804347826 0.15754213483146068 0.5634578804347826 0.18905898876404495 0.5333899456521739 0.18905898876404495
15 0.5887160326086956 0.16662921348314608 0.6228057065217392 0.16662921348314608 0.6228057065217392 0.20985955056179778 0.5887160326086956 0.20985955056179778
15 0.5887160326086956 0.9230969101123595 0.6197894021739131 0.9230969101123595 0.6197894021739131 0.9690379213483147 0.5887160326086956 0.9690379213483147
25 0.9181453804347826 0.5773595505617978 0.9637567934782608 0.5773595505617978 0.9637567934782608 0.6205898876404494 0.9181453804347826 0.6205898876404494
16 0.5208119459449858 0.21212351888211534 0.5151811328163882 0.28262940869443476 0.5865911888049851 0.2847097082714469 0.5814071662660415 0.26215831307597215 0.5765748515695303 0.25216347582956894 0.5687222768210887 0.23966987863366468 0.5548293202232099 0.2271763052673605 0.5439565315076458 0.219680162439058 0.5373120699969379 0.21405805084978113
21 0.7092119565217392 0.7856601123595506 0.9652717391304348 0.7856601123595506 0.9652717391304348 0.8420926966292136 0.7092119565217392 0.8420926966292136
21 0.9094157608695651 0.4843960674157303 0.9670788043478261 0.4843960674157303 0.9670788043478261 0.8373455056179776 0.9094157608695651 0.8373455056179776
30 0.5067934782608695 0.6966292134831461 0.6426630434782609 0.6966292134831461 0.6426630434782609 0.8455056179775281 0.5067934782608695 0.8455056179775281
32 0.64875 0.7862359550561798 0.7082608695652174 0.7862359550561798 0.7082608695652174 0.8396629213483147 0.64875 0.8396629213483147
19 0.9078396739130434 0.4239676966292134 0.9621875 0.4239676966292134 0.9621875 0.48429073033707865 0.9078396739130434 0.48429073033707865