2 0.18824949698189136 0.08684259259259258 0.49295774647887325 0.08684259259259258 0.49295774647887325 0.329787037037037 0.18824949698189136 0.329787037037037
2 0.15469818913480887 0.5662592592592592 0.45182092555331993 0.5662592592592592 0.45182092555331993 0.8468148148148148 0.15469818913480887 0.8468148148148148
2 0.32908450704225356 0.3358055555555556 0.6127665995975855 0.3358055555555556 0.6127665995975855 0.5636018518518519 0.32908450704225356 0.5636018518518519
1 0.37827967806841045 0.4222222222222222 0.5323038229376258 0.4222222222222222 0.5323038229376258 0.5487777777777778 0.37827967806841045 0.5487777777777778
1 0.18599597585513078 0.12386111111111112 0.3338028169014084 0.12386111111111112 0.3338028169014084 0.24910185185185182 0.18599597585513078 0.24910185185185182
1 0.20389336016096576 0.7000092592592593 0.3624245472837022 0.7000092592592593 0.3624245472837022 0.8385833333333333 0.20389336016096576 0.8385833333333333
0 0.619728370221328 0.07654629629629629 0.8881589537223339 0.07654629629629629 0.8881589537223339 0.17830555555555555 0.619728370221328 0.17830555555555555
0 0.049637826961770624 0.5642037037037037 0.15140845070422534 0.5642037037037037 0.15140845070422534 0.8451666666666666 0.049637826961770624 0.8451666666666666
0 0.17481891348088532 0.33581481481481484 0.32485915492957745 0.33581481481481484 0.32485915492957745 0.4401111111111111 0.17481891348088532 0.4401111111111111
27 0.14800804828973843 0.4489629629629629 0.3248692152917505 0.4489629629629629 0.3248692152917505 0.5520740740740739 0.14800804828973843 0.5520740740740739
27 0.4520422535211268 0.6279907407407408 0.5734305835010061 0.6279907407407408 0.5734305835010061 0.8007129629629629 0.4520422535211268 0.8007129629629629
3 0.6219617706237425 0.18353703703703705 0.8863682092555332 0.18353703703703705 0.8863682092555332 0.39894444444444443 0.6219617706237425 0.39894444444444443
7 0.624195171026157 0.3749074074074074 0.8845774647887323 0.3749074074074074 0.8845774647887323 0.5932407407407406 0.624195171026157 0.5932407407407406
23 0.7717404426559357 0.5971296296296297 0.8953018108651911 0.5971296296296297 0.8953018108651911 0.769425925925926 0.7717404426559357 0.769425925925926
6 0.5772334004024144 0.6259259259259259 0.7665492957746479 0.6259259259259259 0.7665492957746479 0.855037037037037 0.5772334004024144 0.855037037037037
29 0.575 0.8481388888888889 0.7808551307847084 0.8481388888888889 0.7808551307847084 0.9488981481481481 0.575 0.9488981481481481
4 0.6756036217303822 0.20822222222222223 0.8291448692152918 0.20822222222222223 0.8291448692152918 0.3363703703703703 0.6756036217303822 0.3363703703703703
27 0.4967605633802818 0.07861111111111112 0.6127766599597586 0.07861111111111112 0.6127766599597586 0.2441666666666667 0.4967605633802818 0.2441666666666667
16 0.5504135517313953 0.33168724436818825 0.6109807513258059 0.3314308371946135 0.6109807513258063 0.38412162780288933 0.578792882132494 0.3775353103830433 0.5680636378779708 0.3643626127309744 0.559122578260911 0.3495432886146613 0.544816964731461 0.3347239644983482
16 0.4965351609414927 0.31496494942643316 0.49117060702910265 0.265567286121892 0.46255910711071707 0.2770933573097167 0.4428888032391346 0.31661151307830043
16 0.5680636378779709 0.2441615817733559 0.6074043820508793 0.2458082082376002 0.6091925666883428 0.21122983764318365 0.584157572474627 0.21122983764318373 0.5698518225154341 0.23098888412128693
16 0.5859457571120904 0.5635999552257603 0.5770046974950305 0.6294635062984818 0.5483933340063879 0.6162906830216589 0.5430286436642552 0.6113509292536802 0.5251465244301353 0.5981781687892342 0.5162054648130757 0.5652463932528734
16 0.8309307360476302 0.7513109752832134 0.8970947955014607 0.7595438563549266 0.8953064744342545 0.6788611696030231 0.8631186052409424 0.6953270573712034 0.845236486006823 0.7068530657466511 0.8362954263897633 0.7167325732826084
16 0.4643474281779235 0.6426360783257966 0.460770922473254 0.6722746637460458 0.48759410132443304 0.6640417198619557 0.5018998512836256 0.6409895146739294 0.5054762205585528 0.6294635062984817 0.457194553198327 0.6278168170218607
12 0.17706237424547283 0.28231481481481485 0.41472837022132797 0.28231481481481485 0.41472837022132797 0.3232037037037037 0.17706237424547283 0.3232037037037037
12 0.40732394366197183 0.6218148148148148 0.46120724346076464 0.6218148148148148 0.46120724346076464 0.8352962962962963 0.40732394366197183 0.8352962962962963
28 0.21282696177062374 0.5518518518518518 0.3467706237424547 0.5518518518518518 0.3467706237424547 0.5882962962962962 0.21282696177062374 0.5882962962962962
28 0.6152515090543259 0.37696296296296294 0.6561368209255534 0.37696296296296294 0.6561368209255534 0.5553703703703703 0.6152515090543259 0.5553703703703703
28 0.45427565392354124 0.08477777777777779 0.49876257545271635 0.08477777777777779 0.49876257545271635 0.24251851851851852 0.45427565392354124 0.24251851851851852
8 0.7359758551307848 0.3954629629629629 0.8313883299798792 0.3954629629629629 0.8313883299798792 0.4466851851851852 0.7359758551307848 0.4466851851851852
8 0.8298692152917505 0.44279629629629624 0.8832494969818913 0.44279629629629624 0.8832494969818913 0.5142037037037036 0.8298692152917505 0.5142037037037036
28 0.3916901408450704 0.3296296296296296 0.518450704225352 0.3296296296296296 0.518450704225352 0.3544814814814815 0.3916901408450704 0.3544814814814815
15 0.5124044265593561 0.1650277777777778 0.5524245472837023 0.1650277777777778 0.5524245472837023 0.19641666666666666 0.5124044265593561 0.19641666666666666
15 0.23519114688128773 0.5045277777777778 0.2627162977867203 0.5045277777777778 0.2627162977867203 0.5438425925925926 0.23519114688128773 0.5438425925925926
15 0.5191247484909457 0.6917592592592593 0.5649396378269618 0.6917592592592593 0.5649396378269618 0.7200185185185185 0.5191247484909457 0.7200185185185185
24 0.5302816901408451 0.6341574074074074 0.5649295774647888 0.6341574074074074 0.5649295774647888 0.6739166666666667 0.5302816901408451 0.6739166666666667
24 0.2833601609657948 0.5178425925925926 0.32287726358148894 0.5178425925925926 0.32287726358148894 0.5423796296296296 0.2833601609657948 0.5423796296296296
24 0.5038531187122737 0.20497222222222222 0.5404124748490945 0.20497222222222222 0.5404124748490945 0.24058333333333332 0.5038531187122737 0.24058333333333332
21 0.5764587525150905 0.6282407407407408 0.6264788732394366 0.6282407407407408 0.6264788732394366 0.8493148148148149 0.5764587525150905 0.8493148148148149
21 0.727374245472837 0.6976851851851852 0.7813983903420524 0.6976851851851852 0.7813983903420524 0.8493148148148149 0.727374245472837 0.8493148148148149
12 0.5726659959758551 0.39316666666666666 0.6113581488933603 0.39316666666666666 0.6113581488933603 0.5512777777777778 0.5726659959758551 0.5512777777777778
16 0.28786720321931586 0.45441666666666664 0.33740442655935615 0.45441666666666664 0.33740442655935615 0.4985833333333334 0.28786720321931586 0.4985833333333334
16 0.6314889336016096 0.8518518518518519 0.6887525150905432 0.8518518518518519 0.6887525150905432 0.9017037037037037 0.6314889336016096 0.9017037037037037
19 0.7277364185110664 0.6355555555555557 0.7701710261569418 0.6355555555555557 0.7701710261569418 0.6956296296296296 0.7277364185110664 0.6956296296296296
32 0.7277364185110664 0.902 0.7675955734406438 0.902 0.7675955734406438 0.9415185185185185 0.7277364185110664 0.9415185185185185