10 0.12136893203883492 0.03128839590443686 0.5695825242718446 0.03128839590443686 0.5695825242718446 0.14505972696245734 0.12136893203883492 0.14505972696245734
2 0.5809029126213592 0.03839590443686007 0.8397961165048544 0.03839590443686007 0.8397961165048544 0.2815699658703072 0.5809029126213592 0.2815699658703072
2 0.1310582524271845 0.17490614334470994 0.4061456310679612 0.17490614334470994 0.4061456310679612 0.3995989761092151 0.1310582524271845 0.3995989761092151
2 0.1326893203883495 0.6683788395904438 0.40129126213592237 0.6683788395904438 0.40129126213592237 0.9158191126279864 0.1326893203883495 0.9158191126279864
12 0.07604854368932039 0.6697952218430034 0.12783495145631069 0.6697952218430034 0.12783495145631069 0.7807167235494881 0.07604854368932039 0.7807167235494881
12 0.8414271844660194 0.03413822525597269 0.8915825242718447 0.03413822525597269 0.8915825242718447 0.2829948805460751 0.8414271844660194 0.2829948805460751
12 0.08091262135922331 0.2716126279863481 0.12945631067961166 0.2716126279863481 0.12945631067961166 0.4067150170648464 0.08091262135922331 0.4067150170648464
27 0.40292233009708744 0.7949402730375427 0.6084174757281554 0.7949402730375427 0.6084174757281554 0.9200767918088737 0.40292233009708744 0.9200767918088737
17 0.4045242718446602 0.6669539249146758 0.5550097087378641 0.6669539249146758 0.5550097087378641 0.7835580204778158 0.4045242718446602 0.7835580204778158
5 0.5857572815533981 0.2915273037542662 0.909388349514563 0.2915273037542662 0.909388349514563 0.4038651877133106 0.5857572815533981 0.4038651877133106
27 0.4142427184466019 0.16496587030716722 0.5728252427184466 0.16496587030716722 0.5728252427184466 0.2801535836177474 0.4142427184466019 0.2801535836177474
0 0.06957281553398058 0.4209385665529011 0.19093203883495144 0.4209385665529011 0.19093203883495144 0.655580204778157 0.06957281553398058 0.655580204778157
29 0.5647184466019417 0.6655290102389079 0.7249126213592233 0.6655290102389079 0.7249126213592233 0.7892491467576792 0.5647184466019417 0.7892491467576792
6 0.7022621359223301 0.4138310580204778 0.8948252427184465 0.4138310580204778 0.8948252427184465 0.7906740614334472 0.7022621359223301 0.7906740614334472
3 0.46116504854368934 0.4024488054607508 0.6941747572815534 0.4024488054607508 0.6941747572815534 0.6555716723549488 0.46116504854368934 0.6555716723549488
7 0.2119708737864078 0.4266296928327645 0.4563009708737864 0.4266296928327645 0.4563009708737864 0.645622866894198 0.2119708737864078 0.645622866894198
7 0.41748543689320394 0.2929436860068259 0.5792912621359224 0.2929436860068259 0.5792912621359224 0.40244880546075085 0.41748543689320394 0.40244880546075085
4 0.5174660194174757 0.5038481228668942 0.6836990291262136 0.5038481228668942 0.6836990291262136 0.6611006825938566 0.5174660194174757 0.6611006825938566
16 0.384473604368932 0.3974609375 0.41558707524271843 0.3955078125 0.41447587985436896 0.326171875 0.39447436286407767 0.326171875 0.36336089199029126 0.33984375 0.3333586165048544 0.3779296875 0.3311362257281553 0.3955078125 0.3366922026699029 0.3984375
16 0.5667096480582524 0.2763671875 0.5689320388349515 0.2158203125 0.5633760618932039 0.212890625 0.5367073725728155 0.21875 0.5111498786407767 0.2392578125 0.5022603155339805 0.2509765625 0.5000379247572816 0.2763671875
16 0.6644948422330097 0.2841796875 0.6622724514563106 0.2548828125 0.6422709344660195 0.2294921875 0.6100462682038835 0.212890625 0.5878223604368932 0.2109375 0.5867111650485437 0.2822265625
16 0.49781553398058254 0.7353515625 0.49781553398058254 0.6591796875 0.418920661407767 0.658203125 0.4200318567961165 0.6865234375 0.43336620145631066 0.7080078125 0.47003564927184466 0.732421875
16 0.9045130461165048 0.3681640625 0.9034018507281554 0.291015625 0.8022830703883496 0.2900390625 0.8067278519417476 0.3193359375 0.8411749089805826 0.357421875 0.8567316444174757 0.365234375
16 0.39854364487731353 0.7939419811496149 0.4022004583100004 0.8505753661705423 0.4352046279139015 0.8488683910536321 0.45461888017948815 0.8403333852352282 0.4623846107095207 0.8317983794168242 0.46432600631228127 0.8232633735984201 0.46432600631228127 0.8096073121954321 0.46432600631228127 0.8079003370785219 0.4701503412395532 0.801072306377028
1 0.19466019417475727 0.16681740614334473 0.3289126213592233 0.16681740614334473 0.3289126213592233 0.3111689419795222 0.19466019417475727 0.3111689419795222
1 0.6436990291262136 0.03454778156996588 0.7851553398058253 0.03454778156996588 0.7851553398058253 0.18483788395904435 0.6436990291262136 0.18483788395904435
1 0.19707766990291262 0.7662030716723549 0.3405533980582524 0.7662030716723549 0.3405533980582524 0.9154351535836178 0.19707766990291262 0.9154351535836178
12 0.5004854368932039 0.6595477815699659 0.5677087378640777 0.6595477815699659 0.5677087378640777 0.7840017064846415 0.5004854368932039 0.7840017064846415
8 0.21651456310679612 0.42703924914675767 0.2648446601941748 0.42703924914675767 0.2648446601941748 0.5142918088737202 0.21651456310679612 0.5142918088737202
8 0.21650485436893205 0.4227815699658703 0.39297087378640777 0.4227815699658703 0.39297087378640777 0.4699146757679181 0.21650485436893205 0.4699146757679181
28 0.24563106796116504 0.6190358361774744 0.37355339805825244 0.6190358361774744 0.37355339805825244 0.6628071672354948 0.24563106796116504 0.6628071672354948
25 0.8370194174757282 0.5741808873720137 0.8907864077669904 0.5741808873720137 0.8907864077669904 0.6194368600682594 0.8370194174757282 0.6194368600682594
24 0.6533495145631069 0.7394368600682594 0.7252135922330097 0.7394368600682594 0.7252135922330097 0.7895392491467577 0.6533495145631069 0.7895392491467577
24 0.41282524271844656 0.8867576791808873 0.46053398058252426 0.8867576791808873 0.46053398058252426 0.9135836177474403 0.41282524271844656 0.9135836177474403
24 0.43614563106796117 0.2833703071672355 0.48035922330097086 0.2833703071672355 0.48035922330097086 0.31400170648464165 0.43614563106796117 0.31400170648464165
15 0.5231941747572816 0.17079351535836176 0.5510970873786408 0.17079351535836176 0.5510970873786408 0.21466723549488054 0.5231941747572816 0.21466723549488054
15 0.48814563106796116 0.868438566552901 0.5198155339805824 0.868438566552901 0.5198155339805824 0.9131996587030716 0.48814563106796116 0.9131996587030716
21 0.8381844660194175 0.4763907849829352 0.8899708737864077 0.4763907849829352 0.8899708737864077 0.7906740614334471 0.8381844660194175 0.7906740614334471
21 0.6343009708737865 0.7394795221843004 0.8899708737864077 0.7394795221843004 0.8899708737864077 0.7920904436860069 0.6343009708737865 0.7920904436860069