2 0.07425355450236969 0.15826568265682658 0.3941824644549763 0.15826568265682658 0.3941824644549763 0.40608856088560885 0.07425355450236969 0.40608856088560885
2 0.5402843601895735 0.037315498154981565 0.8954028436018958 0.037315498154981565 0.8954028436018958 0.3060055350553506 0.5402843601895735 0.3060055350553506
2 0.1532345971563981 0.6318173431734317 0.5184241706161138 0.6318173431734317 0.5184241706161138 0.8818357933579335 0.1532345971563981 0.8818357933579335
27 0.3981042654028436 0.15621771217712174 0.547914691943128 0.15621771217712174 0.547914691943128 0.3322693726937269 0.3981042654028436 0.3322693726937269
27 0.5165758293838862 0.6400092250922509 0.6658412322274881 0.6400092250922509 0.6658412322274881 0.883459409594096 0.5165758293838862 0.883459409594096
0 0.11637440758293839 0.40836715867158674 0.27201421800947867 0.40836715867158674 0.27201421800947867 0.6291974169741698 0.11637440758293839 0.6291974169741698
0 0.029502369668246452 0.637970479704797 0.14988151658767773 0.637970479704797 0.14988151658767773 0.883468634686347 0.029502369668246452 0.883468634686347
23 0.677191943127962 0.31406826568265683 0.901718009478673 0.31406826568265683 0.901718009478673 0.41264760147601476 0.677191943127962 0.41264760147601476
7 0.26909952606635074 0.40016605166051655 0.5816113744075829 0.40016605166051655 0.5816113744075829 0.630830258302583 0.26909952606635074 0.630830258302583
3 0.5824052132701422 0.414520295202952 0.8827606635071089 0.414520295202952 0.8827606635071089 0.6373985239852398 0.5824052132701422 0.6373985239852398
6 0.6640284360189574 0.6420571955719557 0.8996208530805687 0.6420571955719557 0.8996208530805687 0.8555811808118081 0.6640284360189574 0.8555811808118081
29 0.6535189573459715 0.8450276752767527 0.8933056872037916 0.8450276752767527 0.8933056872037916 0.9540129151291514 0.6535189573459715 0.9540129151291514
1 0.21380331753554502 0.732260147601476 0.4025947867298578 0.732260147601476 0.4025947867298578 0.8752675276752767 0.21380331753554502 0.8752675276752767
1 0.7061611374407583 0.07011070110701108 0.8911848341232228 0.07011070110701108 0.8911848341232228 0.23055350553505535 0.7061611374407583 0.23055350553505535
1 0.12954976303317536 0.26486162361623616 0.2846682464454976 0.26486162361623616 0.2846682464454976 0.38967712177121766 0.12954976303317536 0.38967712177121766
4 0.6613981042654029 0.44321033210332106 0.8595971563981043 0.44321033210332106 0.8595971563981043 0.5684870848708488 0.6613981042654029 0.5684870848708488
16 0.3243812050801821 0.3817138187022129 0.3394154633407181 0.360146533270194 0.3857480459329824 0.34866299371036885 0.3983841463938782 0.4011593533569901 0.33099150348461076 0.39623782746269404
16 0.5534491355699135 0.27511275269155283 0.5689719043078082 0.27976144344843173 0.5984562458343882 0.2912450455888541 0.6131983362593102 0.3060096232717425 0.6279405873609681 0.324055301658291 0.6279405873609681 0.3289768275525873 0.5394875627812279 0.3306173153238201
16 0.5752900348766232 0.6373933472503691 0.646894818390679 0.6373933472503691 0.6447886677499172 0.6620010393024468 0.6426826777858903 0.6948112953718837 0.6068803663672298 0.6866087313545245 0.5795020148046767 0.6685629903873788 0.5752900348766232 0.6521578623526604
16 0.8088467132423728 0.32226322419626785 0.8975114803515072 0.3240553016582911 0.8954053297107456 0.397878377814524 0.8596030182920849 0.4027999037088202 0.8406489479391089 0.3863947756741017 0.8174825763046093 0.36014653327019386 0.8132705963765557 0.3503034814816016 0.7985285059516325 0.3240553016582909
12 0.6719431279620853 0.2546033210332103 0.8938388625592417 0.2546033210332103 0.8938388625592417 0.3076476014760148 0.6719431279620853 0.3076476014760148
12 0.45075829383886257 0.7056180811808118 0.5147393364928909 0.7056180811808118 0.5147393364928909 0.8818357933579335 0.45075829383886257 0.8818357933579335
12 0.3191232227488152 0.15825645756457563 0.3968009478672985 0.15825645756457563 0.3968009478672985 0.3142158671586716 0.3191232227488152 0.3142158671586716
28 0.08863744075829384 0.1590590405904059 0.27956161137440755 0.1590590405904059 0.27956161137440755 0.192380073800738 0.08863744075829384 0.192380073800738
28 0.5455568720379147 0.14391143911439114 0.5884715639810427 0.14391143911439114 0.5884715639810427 0.2453136531365314 0.5455568720379147 0.2453136531365314
28 0.22170616113744077 0.6338653136531366 0.3841706161137441 0.6338653136531366 0.3841706161137441 0.6620018450184502 0.22170616113744077 0.6620018450184502
8 0.3191113744075829 0.4124630996309963 0.4452488151658768 0.4124630996309963 0.4452488151658768 0.4684225092250922 0.3191113744075829 0.4684225092250922
8 0.4455094786729858 0.4575645756457565 0.5084241706161138 0.4575645756457565 0.5084241706161138 0.5291143911439113 0.4455094786729858 0.5291143911439113
28 0.27699052132701424 0.6051752767527675 0.5063270142180095 0.6051752767527675 0.5063270142180095 0.6308394833948339 0.27699052132701424 0.6308394833948339
24 0.5276421800947867 0.7095387453874539 0.5670023696682465 0.7095387453874539 0.5670023696682465 0.7510885608856088 0.5276421800947867 0.7510885608856088
24 0.4901303317535545 0.29015682656826564 0.5300118483412322 0.29015682656826564 0.5300118483412322 0.32607933579335796 0.4901303317535545 0.32607933579335796
24 0.6700947867298579 0.7591605166051661 0.7149289099526066 0.7591605166051661 0.7149289099526066 0.8243081180811808 0.6700947867298579 0.8243081180811808
25 0.8300592417061611 0.7134225092250923 0.8838744075829384 0.7134225092250923 0.8838744075829384 0.7612269372693726 0.8300592417061611 0.7612269372693726
15 0.4726421800947867 0.24637453874538745 0.5200118483412323 0.24637453874538745 0.5200118483412323 0.2699723247232473 0.4726421800947867 0.2699723247232473
15 0.5338862559241706 0.7698616236162361 0.5829857819905213 0.7698616236162361 0.5829857819905213 0.7939760147601477 0.5338862559241706 0.7939760147601477
16 0.4014090183153119 0.2921026159527192 0.4000563460245379 0.3315326395255588 0.4570356408048979 0.3330899594136878 0.4530370817607406 0.3159595000510815 0.4410414046282683 0.3011650353723719 0.4220483826343187 0.2910425006546429
21 0.8299763033175356 0.6466789667896679 0.8930094786729859 0.6466789667896679 0.8930094786729859 0.8466420664206642 0.8299763033175356 0.8466420664206642
21 0.6700118483412323 0.7112638376383764 0.7200355450236967 0.7112638376383764 0.7200355450236967 0.8245295202952029 0.6700118483412323 0.8245295202952029
19 0.6675592417061612 0.6433487084870848 0.723909952606635 0.6433487084870848 0.723909952606635 0.7081642066420664 0.6675592417061612 0.7081642066420664
32 0.8293364928909952 0.9033856088560885 0.8813744075829384 0.9033856088560885 0.8813744075829384 0.942850553505535 0.8293364928909952 0.942850553505535