0 0.06295315682281058 0.3996308724832215 0.20922606924643583 0.3996308724832215 0.20922606924643583 0.6406375838926175 0.06295315682281058 0.6406375838926175
27 0.42584521384928725 0.7702936241610738 0.6369246435845214 0.7702936241610738 0.6369246435845214 0.902994966442953 0.42584521384928725 0.902994966442953
27 0.44805498981670056 0.1540687919463087 0.5998879837067209 0.1540687919463087 0.5998879837067209 0.26388422818791946 0.44805498981670056 0.26388422818791946
2 0.6221079429735233 0.02897651006711411 0.9053869653767821 0.02897651006711411 0.9053869653767821 0.26998322147651005 0.6221079429735233 0.26998322147651005
2 0.14626272912423624 0.1601677852348993 0.44066191446028513 0.1601677852348993 0.44066191446028513 0.3889597315436242 0.14626272912423624 0.3889597315436242
2 0.14627291242362525 0.648263422818792 0.42769857433808556 0.648263422818792 0.42769857433808556 0.9014681208053691 0.14627291242362525 0.9014681208053691
12 0.08516293279022404 0.6574077181208053 0.14070264765784116 0.6574077181208053 0.14070264765784116 0.7824916107382549 0.08516293279022404 0.7824916107382549
12 0.07961303462321792 0.2654026845637584 0.1481262729124236 0.2654026845637584 0.1481262729124236 0.3889597315436242 0.07961303462321792 0.3889597315436242
12 0.9072505091649695 0.03355704697986577 0.9646435845213849 0.03355704697986577 0.9646435845213849 0.2654026845637584 0.9072505091649695 0.2654026845637584
17 0.4314052953156823 0.6421644295302014 0.5906313645621182 0.6421644295302014 0.5906313645621182 0.7657214765100672 0.4314052953156823 0.7657214765100672
6 0.7368940936863544 0.40268456375838924 0.9090936863543787 0.40268456375838924 0.9090936863543787 0.6436912751677852 0.7368940936863544 0.6436912751677852
29 0.6035845213849288 0.6497818791946308 0.8961303462321792 0.6497818791946308 0.8961303462321792 0.7733389261744966 0.6035845213849288 0.7733389261744966
7 0.23144602851323826 0.40725671140939596 0.5295315682281059 0.40725671140939596 0.5295315682281059 0.6345218120805368 0.23144602851323826 0.6345218120805368
3 0.5258248472505092 0.3920134228187919 0.7424439918533605 0.3920134228187919 0.7424439918533605 0.6375838926174496 0.5258248472505092 0.6375838926174496
5 0.44990835030549897 0.2638758389261745 0.9276069246435846 0.2638758389261745 0.9276069246435846 0.40421140939597316 0.44990835030549897 0.40421140939597316
10 0.13701629327902243 0.027458053691275172 0.614714867617108 0.027458053691275172 0.614714867617108 0.14032718120805368 0.13701629327902243 0.14032718120805368
4 0.5503971486761711 0.487005033557047 0.724755600814664 0.487005033557047 0.724755600814664 0.6416191275167785 0.5503971486761711 0.6416191275167785
16 0.3569245969690763 0.37793624321086294 0.3643299641595954 0.35293363799908345 0.3928385000857542 0.33615003595349674 0.40302010896230883 0.3277582349307036 0.4172742992458773 0.32272316712189986 0.43356493559197407 0.31433136609910656 0.43763751699898723 0.3831441088762671
16 0.6229429228395069 0.20188121958880453 0.6494150127031371 0.20859465400460298 0.6819961300363084 0.22873502127635947 0.6982867663824057 0.24216189010795658 0.7105046659624671 0.2572670935343679 0.7186499841355157 0.2623022253675325 0.612761313962952 0.26230222536753256
16 0.8123207547280177 0.2790858274131191 0.8347204185436564 0.30929629829030275 0.8428655813576825 0.33111496814469304 0.867301380517806 0.3478985701902796 0.9019190992725287 0.35629037121307283 0.9182094249005814 0.35796870580788726 0.9222823170256387 0.35796870580788726 0.9263548984326523 0.2690156277711507
16 0.4358451672338421 0.6380033573048227 0.4498555719380711 0.6432899405828586 0.49261829814779795 0.6399332713932301 0.5313084429505115 0.6449683392020338 0.5231631247774626 0.7020325477424116 0.48447297997474914 0.7020325477424115 0.47021878969118097 0.6919625401735254 0.45596444404859054 0.6785355432932069 0.43967396306151574 0.6583953360823523
16 0.42311604299758954 0.7680369143518025 0.429492354184961 0.8295879617034858 0.4559644440485907 0.8245528298703213 0.4804003985677361 0.8128043596578992 0.4885455613817624 0.8077692278247347 0.49669087955481095 0.8010558894454773 0.4966908795548109 0.790985625779148 0.49669087955481106 0.7825938247563549 0.500763616320846 0.7742020237335616
8 0.2194399185336049 0.40310402684563756 0.2894806517311609 0.40310402684563756 0.2894806517311609 0.4922315436241611 0.2194399185336049 0.4922315436241611
8 0.2270977596741344 0.40519295302013425 0.42186354378818736 0.40519295302013425 0.42186354378818736 0.45195469798657717 0.2270977596741344 0.45195469798657717
28 0.25 0.6044379194630872 0.4177800407331975 0.6044379194630872 0.4177800407331975 0.6332130872483221 0.25 0.6332130872483221
1 0.21945010183299388 0.15141778523489932 0.36279022403258654 0.15141778523489932 0.36279022403258654 0.2975419463087248 0.21945010183299388 0.2975419463087248
1 0.6828004073319756 0.01718959731543625 0.8352443991853361 0.01718959731543625 0.8352443991853361 0.16999161073825503 0.6828004073319756 0.16999161073825503
1 0.21435845213849286 0.7449580536912752 0.35464358452138495 0.7449580536912752 0.35464358452138495 0.8916862416107383 0.21435845213849286 0.8916862416107383
10 0.1328818737270876 0.025587248322147652 0.6030855397148677 0.025587248322147652 0.6030855397148677 0.13978187919463086 0.1328818737270876 0.13978187919463086
15 0.4633808553971487 0.15966442953020132 0.4946232179226069 0.15966442953020132 0.4946232179226069 0.20442953020134227 0.4633808553971487 0.20442953020134227
15 0.5212423625254582 0.8476677852348994 0.550162932790224 0.8476677852348994 0.550162932790224 0.8857885906040269 0.5212423625254582 0.8857885906040269
25 0.8486965376782079 0.5602181208053691 0.9007128309572301 0.5602181208053691 0.9007128309572301 0.6023322147651007 0.8486965376782079 0.6023322147651007
24 0.7345723014256618 0.7223322147651007 0.8054684317718941 0.7223322147651007 0.8054684317718941 0.7626006711409395 0.7345723014256618 0.7626006711409395
24 0.5642464358452137 0.2713926174496644 0.6030855397148677 0.2713926174496644 0.6030855397148677 0.31233221476510065 0.5642464358452137 0.31233221476510065
24 0.4385743380855397 0.8571979865771813 0.49727087576374746 0.8571979865771813 0.49727087576374746 0.8977348993288592 0.4385743380855397 0.8977348993288592
12 0.5344806517311609 0.6473993288590605 0.6030753564154785 0.6473993288590605 0.6030753564154785 0.7680369127516778 0.5344806517311609 0.7680369127516778