2 0.6124497681607419 0.13819095477386933 0.8848608964451313 0.13819095477386933 0.8848608964451313 0.3391959798994975 0.6124497681607419 0.3391959798994975
2 0.11978361669242658 0.6674057788944724 0.35935085007727974 0.6674057788944724 0.35935085007727974 0.9610615577889448 0.11978361669242658 0.9610615577889448
2 0.6143817619783617 0.6689761306532663 0.8829289026275116 0.6689761306532663 0.8829289026275116 0.8684108040201005 0.6143817619783617 0.8684108040201005
0 0.6124497681607419 0.03298366834170854 0.8191731066460587 0.03298366834170854 0.8191731066460587 0.13819723618090451 0.6124497681607419 0.13819723618090451
0 0.7998531684698609 0.3423429648241206 0.9563446676970634 0.3423429648241206 0.9563446676970634 0.5574811557788945 0.7998531684698609 0.5574811557788945
14 0.35741885625965997 0.8699748743718593 0.43083462132921174 0.8699748743718593 0.43083462132921174 0.9641959798994975 0.35741885625965997 0.9641959798994975
27 0.4231143740340031 0.14604271356783918 0.6066537867078825 0.14604271356783918 0.6066537867078825 0.23712311557788945 0.4231143740340031 0.23712311557788945
27 0.35935085007727974 0.6862437185929648 0.47913446676970634 0.6862437185929648 0.47913446676970634 0.8684045226130653 0.35935085007727974 0.8684045226130653
27 0.48880216383307573 0.687820351758794 0.602789799072643 0.687820351758794 0.602789799072643 0.8652701005025125 0.48880216383307573 0.8652701005025125
7 0.5158500772797527 0.3533291457286432 0.7882612055641421 0.3533291457286432 0.7882612055641421 0.573178391959799 0.5158500772797527 0.573178391959799
3 0.11398763523956723 0.35019472361809045 0.5197063369397218 0.35019472361809045 0.5197063369397218 0.5621922110552764 0.11398763523956723 0.5621922110552764
6 0.12364760432766615 0.14133793969849245 0.2936630602782071 0.14133793969849245 0.2936630602782071 0.34077261306532663 0.12364760432766615 0.34077261306532663
29 0.2975270479134467 0.1444723618090452 0.4134466769706337 0.1444723618090452 0.4134466769706337 0.29836683417085424 0.2975270479134467 0.29836683417085424
30 0.4231143740340031 0.24340452261306533 0.6066537867078825 0.24340452261306533 0.6066537867078825 0.3439070351758794 0.4231143740340031 0.3439070351758794
5 0.1970710973724884 0.5716143216080402 0.6008578052550232 0.5716143216080402 0.6008578052550232 0.6642650753768844 0.1970710973724884 0.6642650753768844
26 0.6008500772797527 0.574748743718593 0.8867851622874807 0.574748743718593 0.8867851622874807 0.6626884422110553 0.6008500772797527 0.6626884422110553
16 0.2864502361912755 0.6641541054500407 0.35319287469133975 0.6706967467532259 0.35319287469134 0.7125854687765489 0.3078630090460075 0.6991812183467437 0.2872584960799549 0.680750078389094
16 0.1988665164591787 0.5908710233729888 0.1945381877327176 0.6656702407280852 0.28313749916676917 0.6639945895797646 0.27695623959692833 0.6422124029939426 0.26665398311390187 0.6237815187047621 0.2501703098610764 0.6154037743000974 0.21514270069877045 0.6053503787471121 0.204840444215744 0.5952970471112441
1 0.6805873261205565 0.2139886934673367 0.8193817619783617 0.2139886934673367 0.8193817619783617 0.3372675879396985 0.6805873261205565 0.3372675879396985
1 0.6728438948995363 0.7395288944723618 0.7905255023183926 0.7395288944723618 0.7905255023183926 0.8617022613065326 0.6728438948995363 0.8617022613065326
12 0.8299768160741886 0.66625 0.8770710973724885 0.66625 0.8770710973724885 0.7745791457286433 0.8299768160741886 0.7745791457286433
12 0.11901081916537867 0.672537688442211 0.2836476043276661 0.672537688442211 0.2836476043276661 0.7075628140703518 0.11901081916537867 0.7075628140703518
12 0.4152472952086554 0.2411997487437186 0.47115146831530136 0.2411997487437186 0.47115146831530136 0.3456344221105528 0.4152472952086554 0.3456344221105528
12 0.4152550231839258 0.24330402010050253 0.6071561051004637 0.24330402010050253 0.6071561051004637 0.2819723618090452 0.4152550231839258 0.2819723618090452
8 0.5492040185471406 0.4233731155778894 0.6009659969088099 0.4233731155778894 0.6009659969088099 0.5165515075376884 0.5492040185471406 0.5165515075376884
8 0.6161746522411128 0.5301570351758794 0.7596213292117465 0.5301570351758794 0.7596213292117465 0.5701695979899498 0.6161746522411128 0.5701695979899498
8 0.7269474497681608 0.4861809045226131 0.7637480680061823 0.4861809045226131 0.7637480680061823 0.5684924623115578 0.7269474497681608 0.5684924623115578
8 0.6496599690880989 0.4694346733668342 0.6936785162287481 0.4694346733668342 0.6936785162287481 0.5115201005025126 0.6496599690880989 0.5115201005025126
4 0.17053323029366305 0.4275565326633166 0.31249613601236476 0.4275565326633166 0.31249613601236476 0.5182223618090452 0.17053323029366305 0.5182223618090452
1 0.11642967542503865 0.7793090452261308 0.26715610510046367 0.7793090452261308 0.26715610510046367 0.8700879396984925 0.11642967542503865 0.8700879396984925
1 0.589598145285935 0.3513442211055276 0.7896908809891808 0.3513442211055276 0.7896908809891808 0.38001256281407036 0.589598145285935 0.38001256281407036
25 0.11778207109737249 0.2198994974874372 0.15795208655332305 0.2198994974874372 0.15795208655332305 0.25753768844221103 0.11778207109737249 0.25753768844221103
24 0.3227975270479134 0.14474874371859298 0.4063523956723338 0.14474874371859298 0.4063523956723338 0.1771356783919598 0.3227975270479134 0.1771356783919598
24 0.5639799072642967 0.14310301507537687 0.601676970633694 0.14310301507537687 0.601676970633694 0.16732412060301508 0.5639799072642967 0.16732412060301508
24 0.4916228748068006 0.7018278894472363 0.5221020092735703 0.7018278894472363 0.5221020092735703 0.727393216080402 0.4916228748068006 0.727393216080402
24 0.4484157650695518 0.7704459798994975 0.4794976816074189 0.7704459798994975 0.4794976816074189 0.8005841708542714 0.4484157650695518 0.8005841708542714
15 0.516514683153014 0.15214195979899497 0.5486476043276661 0.15214195979899497 0.5486476043276661 0.18381281407035174 0.516514683153014 0.18381281407035174
15 0.40079598145285933 0.8239572864321608 0.42761205564142196 0.8239572864321608 0.42761205564142196 0.8561180904522612 0.40079598145285933 0.8561180904522612
15 0.5088794435857805 0.7650376884422111 0.5384775888717156 0.7650376884422111 0.5384775888717156 0.7949120603015075 0.5088794435857805 0.7949120603015075
19 0.30088098918083467 0.2994221105527638 0.3538639876352396 0.2994221105527638 0.3538639876352396 0.3400753768844221 0.30088098918083467 0.3400753768844221
32 0.30154559505409584 0.24937185929648242 0.40911901081916535 0.24937185929648242 0.40911901081916535 0.2887939698492462 0.30154559505409584 0.2887939698492462