2 0.20200752823086573 0.03225806451612903 0.43914680050188204 0.03225806451612903 0.43914680050188204 0.33724340175953077 0.20200752823086573 0.33724340175953077
2 0.20828105395232122 0.6524926686217009 0.4454203262233375 0.6524926686217009 0.4454203262233375 0.9486803519061584 0.20828105395232122 0.9486803519061584
2 0.5570890840652447 0.6524926686217009 0.8331242158092849 0.6524926686217009 0.8331242158092849 0.9486803519061584 0.5570890840652447 0.9486803519061584
1 0.2396486825595985 0.658357771260997 0.342534504391468 0.658357771260997 0.342534504391468 0.8211143695014663 0.2396486825595985 0.8211143695014663
1 0.6537013801756587 0.6510263929618768 0.7590966122961104 0.6510263929618768 0.7590966122961104 0.8020527859237536 0.6537013801756587 0.8020527859237536
1 0.2998745294855709 0.06744868035190615 0.4328732747804266 0.06744868035190615 0.4328732747804266 0.1935483870967742 0.2998745294855709 0.1935483870967742
16 0.38017565872020076 0.6686217008797654 0.44291091593475534 0.6686217008797654 0.44291091593475534 0.7360703812316716 0.38017565872020076 0.7360703812316716
16 0.5533249686323714 0.6612903225806451 0.6135508155583438 0.6612903225806451 0.6135508155583438 0.7346041055718475 0.5533249686323714 0.7346041055718475
16 0.4454203262233375 0.18475073313782991 0.4968632371392723 0.18475073313782991 0.4968632371392723 0.24926686217008798 0.4454203262233375 0.24926686217008798
16 0.3751568381430364 0.2434017595307918 0.44416562107904645 0.2434017595307918 0.44416562107904645 0.3181818181818182 0.3751568381430364 0.3181818181818182
16 0.19573400250941028 0.36070381231671556 0.26474278544542035 0.36070381231671556 0.26474278544542035 0.44281524926686217 0.19573400250941028 0.44281524926686217
16 0.739021329987453 0.4032258064516129 0.766624843161857 0.4032258064516129 0.766624843161857 0.5689149560117303 0.739021329987453 0.5689149560117303
27 0.44165621079046424 0.7346041055718475 0.5558343789209536 0.7346041055718475 0.5558343789209536 0.9604105571847508 0.44165621079046424 0.9604105571847508
21 0.5470514429109159 0.021994134897360705 0.5922208281053952 0.021994134897360705 0.5922208281053952 0.1656891495601173 0.5470514429109159 0.1656891495601173
21 0.5470514429109159 0.020527859237536656 0.8193224592220828 0.020527859237536656 0.8193224592220828 0.06744868035190615 0.5470514429109159 0.06744868035190615
28 0.6348808030112923 0.9105571847507331 0.7314930991217063 0.9105571847507331 0.7314930991217063 0.9501466275659824 0.6348808030112923 0.9501466275659824
28 0.28732747804265996 0.3387096774193548 0.3575909661229611 0.3387096774193548 0.3575909661229611 0.37683284457478006 0.28732747804265996 0.37683284457478006
4 0.5846925972396487 0.40175953079178883 0.6913425345043914 0.40175953079178883 0.6913425345043914 0.5777126099706745 0.5846925972396487 0.5777126099706745
8 0.2534504391468005 0.5527859237536656 0.2986198243412798 0.5527859237536656 0.2986198243412798 0.6304985337243402 0.2534504391468005 0.6304985337243402
8 0.2559598494353827 0.593841642228739 0.3726474278544542 0.593841642228739 0.3726474278544542 0.6348973607038123 0.2559598494353827 0.6348973607038123
28 0.2797992471769134 0.9208211143695014 0.3575909661229611 0.9208211143695014 0.3575909661229611 0.9486803519061584 0.2797992471769134 0.9486803519061584
28 0.20702634880803011 0.08357771260997067 0.22961104140526975 0.08357771260997067 0.22961104140526975 0.17888563049853373 0.20702634880803011 0.17888563049853373
12 0.20451693851944794 0.29178885630498536 0.2986198243412798 0.29178885630498536 0.2986198243412798 0.3313782991202346 0.20451693851944794 0.3313782991202346
12 0.7352572145545797 0.907624633431085 0.8306148055207027 0.907624633431085 0.8306148055207027 0.9442815249266863 0.7352572145545797 0.9442815249266863
12 0.3601003764115433 0.9134897360703812 0.44291091593475534 0.9134897360703812 0.44291091593475534 0.9530791788856305 0.3601003764115433 0.9530791788856305
6 0.5470514429109159 0.020527859237536656 0.7440401505646174 0.020527859237536656 0.7440401505646174 0.3387096774193548 0.5470514429109159 0.3387096774193548
29 0.7465495608531995 0.026392961876832845 0.823086574654956 0.026392961876832845 0.823086574654956 0.3255131964809384 0.7465495608531995 0.3255131964809384
0 0.7490589711417817 0.3416422287390029 0.8745294855708908 0.3416422287390029 0.8745294855708908 0.6319648093841642 0.7490589711417817 0.6319648093841642
0 0.835633626097867 0.6378299120234604 0.9335006273525721 0.6378299120234604 0.9335006273525721 0.9530791788856305 0.835633626097867 0.9530791788856305
7 0.20200752823086573 0.3416422287390029 0.5495608531994981 0.3416422287390029 0.5495608531994981 0.6451612903225806 0.20200752823086573 0.6451612903225806
3 0.5470514429109159 0.3387096774193548 0.7515683814303639 0.3387096774193548 0.7515683814303639 0.6495601173020528 0.5470514429109159 0.6495601173020528
24 0.5169385194479298 0.18475073313782991 0.5395232120451694 0.18475073313782991 0.5395232120451694 0.218475073313783 0.5169385194479298 0.218475073313783
24 0.4504391468005019 0.7609970674486803 0.4780426599749059 0.7609970674486803 0.4780426599749059 0.8035190615835777 0.4504391468005019 0.8035190615835777
24 0.7528230865746549 0.03225806451612903 0.8143036386449184 0.03225806451612903 0.8143036386449184 0.060117302052785926 0.7528230865746549 0.060117302052785926
25 0.5959849435382685 0.026392961876832845 0.6298619824341279 0.026392961876832845 0.6298619824341279 0.05865102639296188 0.5959849435382685 0.05865102639296188
15 0.506900878293601 0.1158357771260997 0.5382685069008782 0.1158357771260997 0.5382685069008782 0.14516129032258066 0.506900878293601 0.14516129032258066
15 0.4504391468005019 0.8372434017595308 0.4880803011292346 0.8372434017595308 0.4880803011292346 0.8695014662756598 0.4504391468005019 0.8695014662756598
16 0.5056461731493099 0.8079178885630498 0.5633626097867002 0.8079178885630498 0.5633626097867002 0.8709677419354839 0.5056461731493099 0.8709677419354839
16 0.821831869510665 0.7096774193548387 0.8456712672521958 0.7096774193548387 0.8456712672521958 0.8797653958944281 0.821831869510665 0.8797653958944281
24 0.5595984943538268 0.2756598240469208 0.5821831869510665 0.2756598240469208 0.5821831869510665 0.3181818181818182 0.5595984943538268 0.3181818181818182