2 0.7029970544918999 0.08801948051948054 0.931759941089838 0.08801948051948054 0.931759941089838 0.3968290043290043 0.7029970544918999 0.3968290043290043
2 0.6352430044182621 0.4646536796536797 0.8208100147275404 0.4646536796536797 0.8208100147275404 0.759025974025974 0.6352430044182621 0.759025974025974
2 0.0932695139911635 0.4040476190476191 0.28767304860088366 0.4040476190476191 0.28767304860088366 0.7546969696969698 0.0932695139911635 0.7546969696969698
27 0.0922901325478645 0.253961038961039 0.23760677466863034 0.253961038961039 0.23760677466863034 0.40980519480519484 0.0922901325478645 0.40980519480519484
27 0.30338733431516934 0.5959523809523809 0.41237113402061853 0.5959523809523809 0.41237113402061853 0.7604545454545454 0.30338733431516934 0.7604545454545454
0 0.42022091310751103 0.7748809523809523 0.6264064801178203 0.7748809523809523 0.6264064801178203 0.9105303030303029 0.42022091310751103 0.9105303030303029
0 0.7363770250368189 0.7763311688311689 0.8247422680412371 0.7763311688311689 0.8247422680412371 0.9163095238095238 0.7363770250368189 0.9163095238095238
29 0.3004491899852725 0.09523809523809523 0.4172827687776141 0.09523809523809523 0.4172827687776141 0.24675324675324675 0.3004491899852725 0.24675324675324675
6 0.4153240058910162 0.09956709956709957 0.5822312223858617 0.09956709956709957 0.5822312223858617 0.2987012987012987 0.4153240058910162 0.2987012987012987
12 0.19734904270986744 0.7618939393939395 0.29455081001472755 0.7618939393939395 0.29455081001472755 0.8282792207792207 0.19734904270986744 0.8282792207792207
12 0.7029970544918999 0.39826839826839827 0.8188586156111929 0.39826839826839827 0.8188586156111929 0.45454545454545453 0.7029970544918999 0.45454545454545453
12 0.6391752577319587 0.7662445887445888 0.7304860088365243 0.7662445887445888 0.7304860088365243 0.8167424242424243 0.6391752577319587 0.8167424242424243
10 0.834558173784978 0.4011580086580087 0.9278276877761414 0.4011580086580087 0.9278276877761414 0.7792316017316018 0.834558173784978 0.7792316017316018
3 0.2582253313696613 0.2582900432900433 0.4339690721649485 0.2582900432900433 0.4339690721649485 0.4357792207792208 0.2582253313696613 0.4357792207792208
5 0.6224889543446245 0.08225108225108226 0.6961266568483063 0.08225108225108226 0.6961266568483063 0.46320346320346323 0.6224889543446245 0.46320346320346323
7 0.42611192930780556 0.2943722943722944 0.6205154639175258 0.2943722943722944 0.6205154639175258 0.7532467532467533 0.42611192930780556 0.7532467532467533
4 0.3346023564064802 0.25585497835497834 0.4425699558173785 0.25585497835497834 0.4425699558173785 0.44219696969696975 0.3346023564064802 0.44219696969696975
16 0.19027979630258193 0.40735930901069145 0.19519047600913528 0.37810197210433794 0.21050452151492885 0.35212008426233904 0.224640667222028 0.33653099120235425 0.23877672305427602 0.3399952561296924 0.23759873338073056 0.42140511850766943 0.19165641711364775 0.41967301908167925
16 0.6306332572745996 0.4506493523007348 0.6981997059754016 0.4473870063496684 0.6923096677328231 0.5028150469610043 0.6711054941095999 0.5305291003043511 0.6605034971728393 0.5443860939383456 0.6381214237509218 0.5721000812063347 0.6228071984954262 0.5582432197230556
16 0.356701003960903 0.5870129886643711 0.4142998806580865 0.5859570748403293 0.4119439013109955 0.665634903867674 0.40016382482583845 0.6639027383663261 0.39191771736131786 0.6517779102336794 0.37895965120261527 0.6448495125297187 0.3742476026335822 0.6431172809530131 0.36482359537036724 0.627528253968386 0.36482359537036724 0.6188676246877197 0.35539949823230127 0.6050104989030098
16 0.6173784708239368 0.0696969713483538 0.6840636501431537 0.07671211278236502 0.6911317679341288 0.1771753992230227 0.6699275943109054 0.1771753992230227 0.6546134589302609 0.154657743270683 0.6416553028967071 0.14080081571204608 0.6345873648554343 0.12694375600269386 0.6251632677173682 0.10615829858938088
16 0.6983799435779869 0.3012987029500854 0.6993777855237984 0.3919590318136902 0.7571000884011868 0.38503050195901406 0.7547441090540961 0.3607807135430054 0.7453200119160299 0.34519162048302054 0.7323620356321785 0.32787036192168795 0.7217598589457158 0.3157454677136836 0.7111578620089553 0.3070848384330173 0.7017337648708891 0.29669210972636084
16 0.23740792590493834 0.4246753263267088 0.3000331747020034 0.4300657477883358 0.3023891540490944 0.5184042060963467 0.2811849804258713 0.5045472124623521 0.2717609731626563 0.497618682607676 0.2564468377820117 0.48202952347233363 0.2529128687613752 0.4733688941916673 0.2399547127278216 0.4543155362043445 0.24113279227621817 0.4473870063496684
8 0.4745287187039765 0.46796536796536803 0.5653829160530192 0.46796536796536803 0.5653829160530192 0.5305194805194805 0.4745287187039765 0.5305194805194805
8 0.42297496318114874 0.5740367965367966 0.46642120765832107 0.5740367965367966 0.46642120765832107 0.7418506493506494 0.42297496318114874 0.7418506493506494
28 0.5996980854197349 0.5783549783549784 0.6337039764359352 0.5783549783549784 0.6337039764359352 0.7505194805194806 0.5996980854197349 0.7505194805194806
1 0.6954270986745213 0.541547619047619 0.8233652430044184 0.541547619047619 0.8233652430044184 0.6950757575757576 0.6954270986745213 0.6950757575757576
1 0.7617010309278351 0.08050865800865803 0.8693151693667157 0.08050865800865803 0.8693151693667157 0.2776298701298701 0.7617010309278351 0.2776298701298701
1 0.08570692194403536 0.5025974025974026 0.21550073637702502 0.5025974025974026 0.21550073637702502 0.6604329004329005 0.08570692194403536 0.6604329004329005
25 0.5425846833578792 0.16953463203463204 0.5857216494845361 0.16953463203463204 0.5857216494845361 0.2256168831168831 0.5425846833578792 0.2256168831168831
15 0.1648626467988429 0.26602184640434207 0.16135632728887983 0.2939695971545308 0.16566024330371557 0.31801691700801527 0.1734072724286556 0.32940771461181045 0.181154334389869 0.31168868002347894 0.18373671026778898 0.2977665296891292 0.17771118844349112 0.27625051428558267 0.1794327942529534 0.2635940403165102
15 0.37578353071694126 0.7404960054965394 0.3886030731704361 0.743274471337221 0.3954893650631917 0.7217584076530578 0.3929069891852717 0.6977110877995734 0.3825776170186849 0.6901172227303766 0.3765520951943871 0.6964454597149129 0.3713874091110937 0.7091019336839852 0.3731090149205558 0.7255553884682728
24 0.35856406480117814 0.09520562770562771 0.40753313696612664 0.09520562770562771 0.40753313696612664 0.14462121212121212 0.35856406480117814 0.14462121212121212
24 0.31013991163475696 0.5428030303030302 0.3524521354933726 0.5428030303030302 0.3524521354933726 0.5787554112554112 0.31013991163475696 0.5787554112554112
24 0.20575110456553758 0.256525974025974 0.24140648011782032 0.256525974025974 0.24140648011782032 0.2977597402597403 0.20575110456553758 0.2977597402597403