2 0.05813901345291479 0.5970333333333334 0.3022795216741405 0.5970333333333334 0.3022795216741405 0.9259266666666668 0.05813901345291479 0.9259266666666668
2 0.4932810164424514 0.017786666666666673 0.8271076233183857 0.017786666666666673 0.8271076233183857 0.25037333333333334 0.4932810164424514 0.25037333333333334
2 0.5530642750373692 0.5985133333333333 0.8287593423019433 0.5985133333333333 0.8287593423019433 0.8207400000000001 0.5530642750373692 0.8207400000000001
27 0.3039312406576981 0.02222 0.49493273542600896 0.02222 0.49493273542600896 0.13332666666666668 0.3039312406576981 0.13332666666666668
27 0.30061285500747387 0.64444 0.4318236173393124 0.64444 0.4318236173393124 0.8207333333333334 0.30061285500747387 0.8207333333333334
27 0.43514200298953665 0.5925999999999999 0.551405082212257 0.5925999999999999 0.551405082212257 0.7822266666666666 0.43514200298953665 0.7822266666666666
0 0.3039312406576981 0.8251866666666666 0.4799850523168909 0.8251866666666666 0.4799850523168909 0.9318533333333333 0.3039312406576981 0.9318533333333333
18 0.43347533632286994 0.7807400000000001 0.4766591928251121 0.7807400000000001 0.4766591928251121 0.82518 0.43347533632286994 0.82518
0 0.49659192825112103 0.8177733333333334 0.813811659192825 0.8177733333333334 0.813811659192825 0.9348133333333334 0.49659192825112103 0.9348133333333334
0 0.7374140508221226 0.2562933333333333 0.9018385650224215 0.2562933333333333 0.9018385650224215 0.48592 0.7374140508221226 0.48592
14 0.8304260089686097 0.12740666666666667 0.9035052316890883 0.12740666666666667 0.9035052316890883 0.25184666666666666 0.8304260089686097 0.25184666666666666
3 0.24581464872944692 0.25481333333333334 0.4285052316890882 0.25481333333333334 0.4285052316890882 0.48148 0.24581464872944692 0.48148
7 0.4251793721973094 0.2518466666666667 0.7341031390134528 0.2518466666666667 0.7341031390134528 0.48740666666666665 0.4251793721973094 0.48740666666666665
5 0.14947683109118087 0.4918533333333333 0.5447533632286995 0.4918533333333333 0.5447533632286995 0.5926 0.14947683109118087 0.5926
26 0.5447608370702541 0.48740666666666665 0.83042600896861 0.48740666666666665 0.83042600896861 0.5955533333333334 0.5447608370702541 0.5955533333333334
29 0.2374962630792227 0.13184666666666667 0.3736846038863976 0.13184666666666667 0.3736846038863976 0.24740666666666666 0.2374962630792227 0.24740666666666666
6 0.05812406576980568 0.1274 0.23915545590433485 0.1274 0.23915545590433485 0.48444 0.05812406576980568 0.48444
30 0.3770179372197309 0.1333333333333333 0.4916218236173393 0.1333333333333333 0.4916218236173393 0.2503733333333333 0.3770179372197309 0.2503733333333333
4 0.27204783258594917 0.3137733333333334 0.4023617339312407 0.3137733333333334 0.4023617339312407 0.45132 0.27204783258594917 0.45132
8 0.5713826606875935 0.43749333333333335 0.7212331838565023 0.43749333333333335 0.7212331838565023 0.47480000000000006 0.5713826606875935 0.47480000000000006
8 0.6802989536621824 0.39584666666666674 0.7237070254110612 0.39584666666666674 0.7237070254110612 0.46591333333333335 0.6802989536621824 0.46591333333333335
8 0.49357997010463384 0.33478666666666673 0.5482137518684603 0.33478666666666673 0.5482137518684603 0.43148000000000003 0.49357997010463384 0.43148000000000003
28 0.5853886397608371 0.2556733333333333 0.7286920777279522 0.2556733333333333 0.7286920777279522 0.28824666666666665 0.5853886397608371 0.28824666666666665
1 0.5993946188340807 0.11270000000000001 0.7174962630792228 0.11270000000000001 0.7174962630792228 0.24047333333333332 0.5993946188340807 0.24047333333333332
1 0.6694095665171899 0.67624 0.819559043348281 0.67624 0.819559043348281 0.7758133333333334 0.6694095665171899 0.7758133333333334
1 0.0625560538116592 0.7206533333333334 0.2059342301943199 0.7206533333333334 0.2059342301943199 0.8191333333333332 0.0625560538116592 0.8191333333333332
12 0.060994020926756355 0.6026666666666667 0.2245964125560538 0.6026666666666667 0.2245964125560538 0.6480799999999999 0.060994020926756355 0.6480799999999999
12 0.6522944693572497 0.6040533333333333 0.8207997010463378 0.6040533333333333 0.8207997010463378 0.6402933333333333 0.6522944693572497 0.6402933333333333
12 0.37687593423019433 0.14184666666666665 0.4212705530642751 0.14184666666666665 0.4212705530642751 0.23607333333333333 0.37687593423019433 0.23607333333333333
12 0.37532137518684605 0.13352 0.49594917787742904 0.13352 0.49594917787742904 0.17498666666666668 0.37532137518684605 0.17498666666666668
12 0.7736621823617338 0.021093333333333332 0.8195515695067264 0.021093333333333332 0.8195515695067264 0.1338933333333333 0.7736621823617338 0.1338933333333333
16 0.3021898355754858 0.7012133333333335 0.3689910313901345 0.7012133333333335 0.3689910313901345 0.76804 0.3021898355754858 0.76804
16 0.22749626307922272 0.5943333333333334 0.30302690582959646 0.5943333333333334 0.30302690582959646 0.6647333333333333 0.22749626307922272 0.6647333333333333
16 0.4826905829596412 0.59434 0.5444843049327354 0.59434 0.5444843049327354 0.6558466666666667 0.4826905829596412 0.6558466666666667
16 0.5558221225710015 0.5957266666666667 0.6241479820627803 0.5957266666666667 0.6241479820627803 0.6603 0.5558221225710015 0.6603
16 0.1434678624813154 0.5235533333333333 0.23082212257100151 0.5235533333333333 0.23082212257100151 0.5881 0.1434678624813154 0.5881
16 0.43445440956651726 0.07383999999999999 0.4922122571001495 0.07383999999999999 0.4922122571001495 0.12949333333333335 0.43445440956651726 0.12949333333333335
16 0.4266741405082212 0.18766 0.4884828101644245 0.18766 0.4884828101644245 0.24834 0.4266741405082212 0.24834
15 0.48171244394618834 0.7041015625 0.48171244394618834 0.6787109375 0.4762384389013453 0.673828125 0.4609112247757848 0.673828125 0.4532476177130045 0.6865234375 0.4532476177130045 0.7021484375
15 0.3809907511210762 0.8017578125 0.3809907511210762 0.7783203125 0.373327144058296 0.771484375 0.35799992993273544 0.771484375 0.35252592488789236 0.7763671875 0.35252592488789236 0.8017578125
15 0.4247827914798206 0.0673828125 0.4335411995515695 0.0595703125 0.4335411995515695 0.0361328125 0.4083607763452915 0.03515625 0.40507637331838564 0.0595703125 0.41492958239910316 0.068359375
24 0.30654428251121074 0.1728515625 0.30544948150224216 0.138671875 0.25946783912556054 0.138671875 0.24742502802690583 0.1435546875 0.25070943105381166 0.173828125
25 0.08758408071748879 0.3076171875 0.10181649383408072 0.306640625 0.10510089686098655 0.3017578125 0.10510089686098655 0.2744140625 0.09524768778026906 0.26953125 0.07116206558295964 0.26953125 0.06349845852017937 0.2763671875 0.06349845852017937 0.3037109375
24 0.4576268217488789 0.6416015625 0.4663852298206278 0.6337890625 0.4663852298206278 0.6201171875 0.45653202073991034 0.611328125 0.4390152045964126 0.61328125 0.4357308015695067 0.6376953125 0.443394408632287 0.642578125
24 0.4204035874439462 0.7509765625 0.4204035874439462 0.7236328125 0.41273998038116594 0.71875 0.3996023682735426 0.720703125 0.3919387612107623 0.7314453125 0.39631796524663676 0.7490234375
24 0.4773332399103139 0.0517578125 0.4860916479820628 0.0458984375 0.4860916479820628 0.0283203125 0.45872162275784756 0.02734375 0.45105801569506726 0.0380859375 0.4532476177130045 0.0458984375 0.463100826793722 0.052734375
21 0.05281763826606875 0.12978666666666666 0.10544843049327354 0.12978666666666666 0.10544843049327354 0.4127733333333334 0.05281763826606875 0.4127733333333334
21 0.05529895366218237 0.13288666666666665 0.3050597907324365 0.13288666666666665 0.3050597907324365 0.17620666666666668 0.05529895366218237 0.17620666666666668
19 0.05849775784753364 0.4234 0.1106203288490284 0.4234 0.1106203288490284 0.4709733333333333 0.05849775784753364 0.4709733333333333
32 0.3105605381165919 0.13213333333333332 0.36875186846038865 0.13213333333333332 0.36875186846038865 0.17821333333333333 0.3105605381165919 0.17821333333333333