2 0.1405191256830601 0.5696308016877637 0.42155737704918034 0.5696308016877637 0.42155737704918034 0.8875843881856541 0.1405191256830601 0.8875843881856541
2 0.6752550091074682 0.25164556962025314 0.941976320582878 0.25164556962025314 0.941976320582878 0.5530379746835443 0.6752550091074682 0.5530379746835443
7 0.14051912568306013 0.07234177215189874 0.40724043715846997 0.07234177215189874 0.40724043715846997 0.3887974683544304 0.14051912568306013 0.3887974683544304
3 0.4228415300546448 0.5003059071729958 0.6778506375227686 0.5003059071729958 0.6778506375227686 0.7142932489451478 0.4228415300546448 0.7142932489451478
29 0.6830510018214936 0.6585337552742617 0.8183697632058288 0.6585337552742617 0.8183697632058288 0.7730696202531646 0.6830510018214936 0.7730696202531646
6 0.6817590424147801 0.5650994575045208 0.6830601092896175 0.6600361663652804 0.8300806661462399 0.6570223025919228 0.8274785323965651 0.7640144665461122 0.9445745511319281 0.7610006027727547 0.9419724173822533 0.563592525617842 0.6817590424147799 0.563592525617842
0 0.4254553734061931 0.06781645569620254 0.5451457194899818 0.06781645569620254 0.5451457194899818 0.23809071729957804 0.4254553734061931 0.23809071729957804
10 0.5568579234972678 0.06479957805907172 0.9510837887067395 0.06479957805907172 0.9510837887067395 0.23507383966244721 0.5568579234972678 0.23507383966244721
10 0.425448868071819 0.7308619650391803 0.6713505074160814 0.7293550331525016 0.6713505074160812 0.7866184448462932 0.9445745511319281 0.7866184448462932 0.9419724173822533 0.8725135623869803 0.42674993494665614 0.8770343580470162
27 0.13791438979963572 0.40536919831223633 0.3304644808743169 0.40536919831223633 0.3304644808743169 0.5605801687763714 0.13791438979963572 0.5605801687763714
27 0.4345628415300547 0.25164556962025314 0.6180054644808743 0.25164556962025314 0.6180054644808743 0.4053586497890296 0.4345628415300547 0.4053586497890296
12 0.627103825136612 0.2516666666666667 0.6778506375227686 0.2516666666666667 0.6778506375227686 0.4038607594936709 0.627103825136612 0.4038607594936709
12 0.0910655737704918 0.6931856540084388 0.13920765027322404 0.6931856540084388 0.13920765027322404 0.8770253164556961 0.0910655737704918 0.8770253164556961
4 0.41931693989071034 0.5151898734177215 0.5688433515482696 0.5151898734177215 0.5688433515482696 0.6631223628691983 0.41931693989071034 0.6631223628691983
16 0.48852455681139 0.3949367104703364 0.5018211356633255 0.35079906877207384 0.530960195530071 0.33053976106792643 0.5557283519541282 0.3254749502425306 0.5571852827161269 0.4048238678489455
16 0.220703125 0.33819348299050633 0.224609375 0.32914482792721517 0.216796875 0.29521237143987344 0.1943359375 0.26467316060126583 0.1513671875 0.23752719541139242 0.126953125 0.24318260482594936 0.126953125 0.3336691554588608 0.1318359375 0.3393245648734177
16 0.6706739192886214 0.4561181450694925 0.7057945547305443 0.4706666017867835 0.7305627111546013 0.4959907203163267 0.7436754214826672 0.5145617148102997 0.7597017710213465 0.5500154549906346 0.673741633339801 0.5517037682008092
16 0.33734058595528804 0.561603377137003 0.4129470253010902 0.5618333898516009 0.4129470253010902 0.6462471182834117 0.3925496611630299 0.6378057454402307 0.37360922778696837 0.6242996905767813 0.356125836329598 0.6091050648929023 0.3459270986822218 0.6006636920497211
8 0.20802367941712202 0.08058016877637131 0.35212204007285974 0.08058016877637131 0.35212204007285974 0.12963080168776372 0.20802367941712202 0.12963080168776372
8 0.1406193078324226 0.1438818565400844 0.1991256830601093 0.1438818565400844 0.1991256830601093 0.21573839662447258 0.1406193078324226 0.21573839662447258
1 0.7417213114754099 0.2535970464135021 0.8722677595628415 0.2535970464135021 0.8722677595628415 0.43015822784810126 0.7417213114754099 0.43015822784810126
1 0.21530965391621126 0.6945253164556962 0.3448360655737705 0.6945253164556962 0.3448360655737705 0.8724789029535865 0.21530965391621126 0.8724789029535865
1 0.20073770491803275 0.3506223628691983 0.33755009107468126 0.3506223628691983 0.33755009107468126 0.3997573839662448 0.20073770491803275 0.3997573839662448
24 0.4340892531876138 0.33973628691983127 0.4664936247723133 0.33973628691983127 0.4664936247723133 0.39794303797468356 0.4340892531876138 0.39794303797468356
24 0.13975409836065572 0.41087552742616035 0.1911384335154827 0.41087552742616035 0.1911384335154827 0.4489556962025317 0.13975409836065572 0.4489556962025317
24 0.7373952641165756 0.7162236286919832 0.8094171220400729 0.7162236286919832 0.8094171220400729 0.7692194092827005 0.7373952641165756 0.7692194092827005
25 0.8832877959927139 0.619873417721519 0.9435245901639344 0.619873417721519 0.9435245901639344 0.6790717299578058 0.8832877959927139 0.6790717299578058
15 0.49806921675774135 0.2567194092827004 0.5268852459016394 0.2567194092827004 0.5268852459016394 0.30779535864978896 0.49806921675774135 0.30779535864978896
15 0.2127049180327869 0.412373417721519 0.238224043715847 0.412373417721519 0.238224043715847 0.4750527426160337 0.2127049180327869 0.4750527426160337
16 0.14083547556893222 0.49047525279818477 0.1408354755689322 0.5606039187433901 0.20441715261869628 0.5606039187433901 0.2033971411120686 0.5440567167445884 0.19523691935589776 0.5294794061478024 0.18843673888252713 0.5168720019822254 0.17551638560687086 0.504658595635003 0.16191602466012944 0.49717293767013443 0.1483156637133881 0.4912632183765071