0 0.03179470198675497 0.5477145359019264 0.13268211920529802 0.5477145359019264 0.13268211920529802 0.7494133099824868 0.03179470198675497 0.7494133099824868
2 0.14437086092715232 0.49519264448336253 0.3776688741721854 0.49519264448336253 0.3776688741721854 0.7721978984238178 0.14437086092715232 0.7721978984238178
12 0.27019867549668874 0.7666287215411559 0.37634437086092715 0.7666287215411559 0.37634437086092715 0.9631436077057794 0.27019867549668874 0.9631436077057794
27 0.37119205298013247 0.7753852889667251 0.46374834437086093 0.7753852889667251 0.46374834437086093 0.9666462346760071 0.37119205298013247 0.9666462346760071
6 0.24370860927152319 0.06611208406304729 0.3697218543046357 0.06611208406304729 0.3697218543046357 0.3447460595446585 0.24370860927152319 0.3447460595446585
29 0.2420596026490066 0.3550788091068301 0.36972847682119203 0.3550788091068301 0.36972847682119203 0.4796322241681261 0.2420596026490066 0.4796322241681261
0 0.37119205298013247 0.05736427320490369 0.5802781456953643 0.05736427320490369 0.5802781456953643 0.20985113835376532 0.37119205298013247 0.20985113835376532
2 0.5880860927152317 0.10112959719789844 0.7709867549668873 0.10112959719789844 0.7709867549668873 0.38678633975481613 0.5880860927152317 0.38678633975481613
2 0.7751655629139073 0.14274080560420316 0.966980132450331 0.14274080560420316 0.966980132450331 0.49365148861646235 0.7751655629139073 0.49365148861646235
5 0.5831192052980132 0.7907267950963223 0.6676887417218543 0.7907267950963223 0.6676887417218543 0.9578896672504379 0.5831192052980132 0.9578896672504379
27 0.6758278145695363 0.4951838879159369 0.7656821192052979 0.4951838879159369 0.7656821192052979 0.6740980735551663 0.6758278145695363 0.6740980735551663
27 0.7784701986754967 0.4929859894921191 0.8610264900662251 0.4929859894921191 0.8610264900662251 0.6758406304728546 0.7784701986754967 0.6758406304728546
12 0.8496622516556291 0.4886077057793345 0.9762450331125827 0.4886077057793345 0.9762450331125827 0.6740893169877408 0.8496622516556291 0.6740893169877408
3 0.38112582781456955 0.22154115586690018 0.5829271523178808 0.22154115586690018 0.5829271523178808 0.5216812609457093 0.38112582781456955 0.5216812609457093
7 0.37450993377483444 0.5061295971978984 0.6782847682119205 0.5061295971978984 0.6782847682119205 0.7756917688266199 0.37450993377483444 0.7756917688266199
7 0.5880860927152318 0.3944833625218914 0.7656887417218543 0.3944833625218914 0.7656887417218543 0.4953940455341506 0.5880860927152318 0.4953940455341506
8 0.43409933774834436 0.5345884413309983 0.5498211920529802 0.5345884413309983 0.5498211920529802 0.5952539404553415 0.43409933774834436 0.5952539404553415
8 0.5582847682119205 0.5871278458844134 0.6028013245033113 0.5871278458844134 0.6028013245033113 0.7003677758318738 0.5582847682119205 0.7003677758318738
8 0.3877483443708609 0.6462434325744308 0.430635761589404 0.6462434325744308 0.430635761589404 0.7056304728546409 0.3877483443708609 0.7056304728546409
1 0.19404635761589403 0.49519264448336253 0.2915960264900663 0.49519264448336253 0.2915960264900663 0.6513222416812608 0.19404635761589403 0.6513222416812608
1 0.5864304635761589 0.15804728546409808 0.6941788079470199 0.15804728546409808 0.6941788079470199 0.2851751313485114 0.5864304635761589 0.2851751313485114
1 0.7685364238410596 0.25874781085814363 0.8875165562913906 0.25874781085814363 0.8875165562913906 0.3850350262697023 0.7685364238410596 0.3850350262697023
4 0.419205298013245 0.2609457092819615 0.5498278145695364 0.2609457092819615 0.5498278145695364 0.4340805604203153 0.419205298013245 0.4340805604203153
2 0.7155629139072848 0.4886164623467601 0.7577350993377482 0.4886164623467601 0.7577350993377482 0.5444483362521891 0.7155629139072848 0.5444483362521891
16 0.8215165562913908 0.5455429071803852 0.8636754966887417 0.5455429071803852 0.8636754966887417 0.6110245183887916 0.8215165562913908 0.6110245183887916
16 0.7089403973509933 0.3309982486865149 0.7537615894039734 0.3309982486865149 0.7537615894039734 0.39730297723292474 0.7089403973509933 0.39730297723292474
16 0.7718543046357615 0.41857267950963223 0.8173377483443708 0.41857267950963223 0.8173377483443708 0.4813922942206655 0.7718543046357615 0.4813922942206655
16 0.3215298013245033 0.5097723292469352 0.3750264900662251 0.5097723292469352 0.3750264900662251 0.5739404553415061 0.3215298013245033 0.5739404553415061
16 0.2850993377483444 0.3550875656742557 0.32999999999999996 0.3550875656742557 0.32999999999999996 0.42533274956217165 0.2850993377483444 0.42533274956217165
16 0.3744966887417219 0.835954465849387 0.4167350993377483 0.835954465849387 0.4167350993377483 0.8875131348511385 0.3744966887417219 0.8875131348511385
2 0.6062980132450331 0.8739141856392294 0.6716622516556292 0.8739141856392294 0.6716622516556292 0.9438791593695273 0.6062980132450331 0.9438791593695273
12 0.3877483443708609 0.6793520140105078 0.5475099337748345 0.6793520140105078 0.5475099337748345 0.7316112084063048 0.3877483443708609 0.7316112084063048
28 0.18906622516556293 0.7381786339754816 0.2852913907284768 0.7381786339754816 0.2852913907284768 0.7599299474605954 0.18906622516556293 0.7599299474605954
12 0.6807880794701987 0.05735551663747811 0.7646953642384104 0.05735551663747811 0.7646953642384104 0.10649737302977233 0.6807880794701987 0.10649737302977233
12 0.8629072847682119 0.1361733800350263 0.9686423841059602 0.1361733800350263 0.9686423841059602 0.20459719789842382 0.8629072847682119 0.20459719789842382
15 0.4231523178807947 0.843922942206655 0.4549403973509934 0.843922942206655 0.4549403973509934 0.8799649737302978 0.4231523178807947 0.8799649737302978
15 0.683748344370861 0.5690805604203152 0.7204635761589404 0.5690805604203152 0.7204635761589404 0.6031786339754817 0.683748344370861 0.6031786339754817
15 0.7819867549668874 0.5649737302977232 0.8114437086092715 0.5649737302977232 0.8114437086092715 0.5955166374781086 0.7819867549668874 0.5955166374781086
24 0.8109403973509933 0.5089316987740805 0.8403973509933775 0.5089316987740805 0.8403973509933775 0.5353415061295972 0.8109403973509933 0.5353415061295972
24 0.6796158940397351 0.5020840630472855 0.7055761589403973 0.5020840630472855 0.7055761589403973 0.5419089316987741 0.6796158940397351 0.5419089316987741
25 0.246317880794702 0.1616199649737303 0.2737880794701987 0.1616199649737303 0.2737880794701987 0.20927320490367776 0.246317880794702 0.20927320490367776
24 0.33835761589403973 0.10418563922942208 0.3672582781456954 0.10418563922942208 0.3672582781456954 0.1447110332749562 0.33835761589403973 0.1447110332749562
24 0.39315894039735105 0.7864886164623467 0.42350331125827817 0.7864886164623467 0.42350331125827817 0.8208318739054291 0.39315894039735105 0.8208318739054291
21 0.23874172185430464 0.06218038528896673 0.28099337748344366 0.06218038528896673 0.28099337748344366 0.28069176882661995 0.23874172185430464 0.28069176882661995
28 0.7472450331125827 0.1590718038528897 0.7671125827814569 0.1590718038528897 0.7671125827814569 0.29042031523642736 0.7472450331125827 0.29042031523642736
28 0.37858940397351 0.7516024518388792 0.6026556291390729 0.7516024518388792 0.6026556291390729 0.7764185639229422 0.37858940397351 0.7764185639229422
19 0.24236423841059604 0.2805166374781086 0.27856291390728477 0.2805166374781086 0.27856291390728477 0.35559544658493875 0.24236423841059604 0.35559544658493875
32 0.33226490066225167 0.4363572679509632 0.37014569536423847 0.4363572679509632 0.37014569536423847 0.47936952714535896 0.33226490066225167 0.47936952714535896