2 0.014173228346456693 0.6551724137931034 0.32125984251968503 0.6551724137931034 0.32125984251968503 0.967016491754123 0.014173228346456693 0.967016491754123
2 0.47401574803149604 0.6611694152923538 0.8299212598425196 0.6611694152923538 0.8299212598425196 0.974512743628186 0.47401574803149604 0.974512743628186
2 0.02204724409448819 0.020989505247376312 0.33070866141732286 0.020989505247376312 0.33070866141732286 0.335832083958021 0.02204724409448819 0.335832083958021
1 0.06299212598425197 0.664167916041979 0.1921259842519685 0.664167916041979 0.1921259842519685 0.8215892053973014 0.06299212598425197 0.8215892053973014
1 0.14330708661417324 0.0704647676161919 0.32440944881889766 0.0704647676161919 0.32440944881889766 0.1889055472263868 0.14330708661417324 0.1889055472263868
1 0.6031496062992125 0.6656671664167916 0.7338582677165354 0.6656671664167916 0.7338582677165354 0.8260869565217391 0.6031496062992125 0.8260869565217391
27 0.3291338582677165 0.7586206896551724 0.4692913385826772 0.7586206896551724 0.4692913385826772 0.967016491754123 0.3291338582677165 0.967016491754123
27 0.3291338582677165 0.020989505247376312 0.46614173228346456 0.020989505247376312 0.46614173228346456 0.24287856071964017 0.3291338582677165 0.24287856071964017
0 0.8251968503937008 0.6596701649175413 0.9574803149606299 0.6596701649175413 0.9574803149606299 0.9715142428785607 0.8251968503937008 0.9715142428785607
0 0.7275590551181103 0.34182908545727136 0.8803149606299212 0.34182908545727136 0.8803149606299212 0.656671664167916 0.7275590551181103 0.656671664167916
6 0.47401574803149604 0.0239880059970015 0.7228346456692913 0.0239880059970015 0.7228346456692913 0.34632683658170915 0.47401574803149604 0.34632683658170915
29 0.721259842519685 0.020989505247376312 0.8299212598425196 0.020989505247376312 0.8299212598425196 0.3403298350824588 0.721259842519685 0.3403298350824588
7 0.02204724409448819 0.34332833583208394 0.4692913385826772 0.34332833583208394 0.4692913385826772 0.6446776611694153 0.02204724409448819 0.6446776611694153
3 0.47086614173228347 0.3448275862068966 0.721259842519685 0.3448275862068966 0.721259842519685 0.6551724137931034 0.47086614173228347 0.6551724137931034
4 0.510236220472441 0.4062968515742129 0.6535433070866141 0.4062968515742129 0.6535433070866141 0.5967016491754122 0.510236220472441 0.5967016491754122
8 0.08503937007874016 0.5562218890554723 0.13858267716535433 0.5562218890554723 0.13858267716535433 0.6416791604197901 0.08503937007874016 0.6416791604197901
8 0.08503937007874016 0.6011994002998501 0.231496062992126 0.6011994002998501 0.231496062992126 0.6446776611694153 0.08503937007874016 0.6446776611694153
16 0.247244094488189 0.6761619190404797 0.3228346456692913 0.6761619190404797 0.3228346456692913 0.7526236881559221 0.247244094488189 0.7526236881559221
16 0.4645669291338583 0.6806596701649176 0.5385826771653544 0.6806596701649176 0.5385826771653544 0.7571214392803598 0.4645669291338583 0.7571214392803598
16 0.33385826771653543 0.17841079460269865 0.4 0.17841079460269865 0.4 0.24287856071964017 0.33385826771653543 0.24287856071964017
16 0.24566929133858267 0.2413793103448276 0.3354330708661417 0.2413793103448276 0.3354330708661417 0.32533733133433285 0.24566929133858267 0.32533733133433285
16 0.012598425196850394 0.3583208395802099 0.08976377952755905 0.3583208395802099 0.08976377952755905 0.43478260869565216 0.012598425196850394 0.43478260869565216
16 0.815748031496063 0.7271364317841079 0.8377952755905512 0.7271364317841079 0.8377952755905512 0.9025487256371814 0.815748031496063 0.9025487256371814
16 0.4031496062992126 0.8275862068965517 0.47086614173228347 0.8275862068965517 0.47086614173228347 0.8830584707646177 0.4031496062992126 0.8830584707646177
12 0.02204724409448819 0.28785607196401797 0.14645669291338584 0.28785607196401797 0.14645669291338584 0.3343328335832084 0.02204724409448819 0.3343328335832084
12 0.2173228346456693 0.9250374812593704 0.31968503937007875 0.9250374812593704 0.31968503937007875 0.9640179910044977 0.2173228346456693 0.9640179910044977
12 0.7007874015748031 0.9265367316341829 0.8236220472440945 0.9265367316341829 0.8236220472440945 0.9655172413793104 0.7007874015748031 0.9655172413793104
24 0.48031496062992124 0.27586206896551724 0.510236220472441 0.27586206896551724 0.510236220472441 0.31784107946026985 0.48031496062992124 0.31784107946026985
24 0.7291338582677165 0.031484257871064465 0.7921259842519685 0.031484257871064465 0.7921259842519685 0.06446776611694154 0.7291338582677165 0.06446776611694154
24 0.33385826771653543 0.7721139430284858 0.36850393700787404 0.7721139430284858 0.36850393700787404 0.8140929535232384 0.33385826771653543 0.8140929535232384
24 0.42992125984251967 0.18440779610194902 0.4645669291338583 0.18440779610194902 0.4645669291338583 0.22488755622188905 0.42992125984251967 0.22488755622188905
28 0.12125984251968504 0.3493253373313343 0.23622047244094488 0.3493253373313343 0.23622047244094488 0.37031484257871067 0.12125984251968504 0.37031484257871067
28 0.031496062992125984 0.08395802098950525 0.06299212598425197 0.08395802098950525 0.06299212598425197 0.1664167916041979 0.031496062992125984 0.1664167916041979
28 0.6062992125984252 0.9385307346326837 0.6897637795275591 0.9385307346326837 0.6897637795275591 0.967016491754123 0.6062992125984252 0.967016491754123
28 0.12755905511811025 0.9415292353823088 0.2078740157480315 0.9415292353823088 0.2078740157480315 0.967016491754123 0.12755905511811025 0.967016491754123
15 0.3401574803149606 0.8515742128935532 0.3826771653543307 0.8515742128935532 0.3826771653543307 0.8860569715142429 0.3401574803149606 0.8860569715142429
15 0.4094488188976378 0.11244377811094453 0.45984251968503936 0.11244377811094453 0.45984251968503936 0.14842578710644677 0.4094488188976378 0.14842578710644677
25 0.5228346456692914 0.026986506746626688 0.5826771653543307 0.026986506746626688 0.5826771653543307 0.05547226386806597 0.5228346456692914 0.05547226386806597
21 0.47244094488188976 0.020989505247376312 0.5275590551181102 0.020989505247376312 0.5275590551181102 0.16941529235382308 0.47244094488188976 0.16941529235382308
21 0.47401574803149604 0.022488755622188907 0.8267716535433071 0.022488755622188907 0.8267716535433071 0.06896551724137931 0.47401574803149604 0.06896551724137931
16 0.710236220472441 0.40929535232383807 0.7338582677165354 0.40929535232383807 0.7338582677165354 0.5877061469265368 0.710236220472441 0.5877061469265368
19 0.4801417322834646 0.19051724137931034 0.5277007874015749 0.19051724137931034 0.5277007874015749 0.23494002998500746 0.4801417322834646 0.23494002998500746
32 0.75448031496063 0.28089955022488755 0.806496062992126 0.28089955022488755 0.806496062992126 0.32650674662668666 0.75448031496063 0.32650674662668666