0 0.3156934306569343 0.05303030303030303 0.44343065693430656 0.05303030303030303 0.44343065693430656 0.15454545454545454 0.3156934306569343 0.15454545454545454
0 0.043795620437956206 0.843939393939394 0.17883211678832117 0.843939393939394 0.17883211678832117 0.953030303030303 0.043795620437956206 0.953030303030303
0 0.6514598540145985 0.1393939393939394 0.916058394160584 0.1393939393939394 0.916058394160584 0.23787878787878788 0.6514598540145985 0.23787878787878788
12 0.12956204379562045 0.16818181818181818 0.18248175182481752 0.16818181818181818 0.18248175182481752 0.2833333333333333 0.12956204379562045 0.2833333333333333
12 0.12043795620437957 0.48484848484848486 0.18248175182481752 0.48484848484848486 0.18248175182481752 0.603030303030303 0.12043795620437957 0.603030303030303
12 0.12773722627737227 0.7333333333333333 0.18065693430656934 0.7333333333333333 0.18065693430656934 0.8348484848484848 0.12773722627737227 0.8348484848484848
12 0.4397810218978102 0.7318181818181818 0.49452554744525545 0.7318181818181818 0.49452554744525545 0.8378787878787879 0.4397810218978102 0.8378787878787879
17 0.43613138686131386 0.24848484848484848 0.5328467153284672 0.24848484848484848 0.5328467153284672 0.38333333333333336 0.43613138686131386 0.38333333333333336
2 0.18248175182481752 0.1621212121212121 0.4397810218978102 0.1621212121212121 0.4397810218978102 0.3803030303030303 0.18248175182481752 0.3803030303030303
2 0.18065693430656934 0.38636363636363635 0.4324817518248175 0.38636363636363635 0.4324817518248175 0.6060606060606061 0.18065693430656934 0.6060606060606061
2 0.18065693430656934 0.7287878787878788 0.4397810218978102 0.7287878787878788 0.4397810218978102 0.9545454545454546 0.18065693430656934 0.9545454545454546
27 0.44525547445255476 0.8484848484848485 0.6332116788321168 0.8484848484848485 0.6332116788321168 0.9515151515151515 0.44525547445255476 0.9515151515151515
27 0.5693430656934306 0.7303030303030303 0.7098540145985401 0.7303030303030303 0.7098540145985401 0.8318181818181818 0.5693430656934306 0.8318181818181818
7 0.541970802919708 0.25 0.9215328467153284 0.25 0.9215328467153284 0.48333333333333334 0.541970802919708 0.48333333333333334
27 0.17518248175182483 0.6106060606060606 0.35036496350364965 0.6106060606060606 0.35036496350364965 0.7196969696969697 0.17518248175182483 0.7196969696969697
29 0.7299270072992701 0.7363636363636363 0.9105839416058394 0.7363636363636363 0.9105839416058394 0.8454545454545455 0.7299270072992701 0.8454545454545455
6 0.7116788321167883 0.503030303030303 0.9142335766423357 0.503030303030303 0.9142335766423357 0.7136363636363636 0.7116788321167883 0.7136363636363636
3 0.4562043795620438 0.48333333333333334 0.7098540145985401 0.48333333333333334 0.7098540145985401 0.6348484848484849 0.4562043795620438 0.6348484848484849
4 0.44890510948905116 0.4831136363636364 0.6144160583941607 0.4831136363636364 0.6144160583941607 0.6136742424242424 0.44890510948905116 0.6136742424242424
16 0.5904282618613139 0.7822265625 0.6280651231751825 0.7646484375 0.6421789461678832 0.7431640625 0.638650490419708 0.728515625 0.5692575273722628 0.7314453125 0.5669052235401459 0.7783203125 0.5727859831204379 0.783203125
16 0.9244554060218978 0.4853515625 0.9232792541058394 0.4140625 0.8879946966240876 0.41796875 0.8597670506386861 0.43359375 0.832715556569343 0.4775390625 0.8338917084854015 0.486328125
16 0.45386557252942256 0.381566237031676 0.5351868257759009 0.378101972104338 0.5372719534827244 0.327870361921688 0.4976538907128968 0.3313346268490261 0.478887582266441 0.34865588541035863 0.4705469123541016 0.35731651469102504 0.46012111473493905 0.3746377732523576 0.4580359870281157 0.38849476688635226 0.4455249026170827 0.38329840253302394
16 0.3600333939569582 0.5911535052690152 0.3787998614884601 0.5703679817803444 0.3829701169021065 0.5669038490037219 0.39548120131313896 0.5599751869983304 0.4163327965514644 0.549582458291674 0.4205030519651108 0.5461181933643358 0.4225881796719345 0.5461181933643359 0.43301397729109686 0.6102069954070534
16 0.44343977491025927 0.72106294447901 0.43926951949661314 0.7955443430776685 0.4059069989323017 0.7834195149450217 0.39756632901996225 0.7764909850903458 0.39131078681444575 0.7730266540876499 0.38922565910762286 0.7695624552356698 0.3829701169021066 0.7643660908823414 0.37879986148845984 0.7591696604536555 0.37462960607481355 0.7557054616016752 0.37254431928294357 0.752241196674337 0.3683740638692973 0.7453126668196609 0.3683740638692973 0.740116434617048 0.36628893616247415 0.7366520375389947
16 0.4455249026170827 0.8977397950196743 0.46637649785540836 0.8890791657390078 0.4705469123541013 0.8890791657390078 0.4747171677677477 0.8856148347363122 0.48097270997326397 0.883882735310322 0.48722809309373394 0.8786864370323513 0.4913985075924269 0.8752221060296556 0.4976538907128965 0.870025807751685 0.5039094329184126 0.8665614767489894 0.508079688332059 0.8613651784710188 0.5080796883320592 0.8596329468943134 0.5080796883320591 0.8509723176136469 0.4434397749102595 0.8457760193356763
16 0.35049327098540145 0.6650390625 0.3481409671532847 0.6083984375 0.2905095232664234 0.607421875 0.2869810675182482 0.6220703125 0.29874258667883213 0.6435546875 0.3187371692518248 0.658203125
8 0.5453649635036497 0.2926439393939394 0.6066058394160583 0.2926439393939394 0.6066058394160583 0.42487121212121215 0.5453649635036497 0.42487121212121215
8 0.6157481751824818 0.2558409090909091 0.7692518248175183 0.2558409090909091 0.7692518248175183 0.30361363636363636 0.6157481751824818 0.30361363636363636
28 0.8738229927007298 0.25367424242424247 0.9193886861313868 0.25367424242424247 0.9193886861313868 0.3815681818181818 0.8738229927007298 0.3815681818181818
1 0.2377463503649635 0.2428560606060606 0.35429744525547446 0.2428560606060606 0.35429744525547446 0.3694469696969697 0.2377463503649635 0.3694469696969697
1 0.2273266423357664 0.38787121212121206 0.3584762773722628 0.38787121212121206 0.3584762773722628 0.5201287878787878 0.2273266423357664 0.5201287878787878
1 0.23252737226277376 0.8142878787878789 0.3709762773722628 0.8142878787878789 0.3709762773722628 0.951439393939394 0.23252737226277376 0.951439393939394
12 0.44162408759124083 0.2530833333333333 0.5266970802919708 0.2530833333333333 0.5266970802919708 0.2893106060606061 0.44162408759124083 0.2893106060606061
25 0.8616058394160584 0.6264924242424242 0.9111678832116789 0.6264924242424242 0.9111678832116789 0.6671136363636363 0.8616058394160584 0.6671136363636363
24 0.8628102189781022 0.7390984848484847 0.9092700729927008 0.7390984848484847 0.9092700729927008 0.8212651515151514 0.8628102189781022 0.8212651515151514
24 0.44639306783613764 0.9268013707234803 0.4477130799794323 0.9564178102241541 0.5029097795095683 0.9556273026566094 0.5029097795095684 0.9287496231770606 0.48768305370373094 0.9232160098923864 0.468649719052844 0.920844426877891
24 0.29410545283674916 0.6946564954912214 0.2963980549835989 0.7177108065632741 0.3479221125913243 0.7163413604584977 0.3471086362927345 0.696744930635363 0.3324658146610646 0.6886360515669484 0.311315120576413 0.6906633164445299
24 0.5076867539156146 0.8150330028887147 0.5098063785812292 0.8318417111254746 0.5586157012677776 0.8318417111254746 0.5578022249691877 0.8088665580612026 0.5293301200687013 0.8021091631337597