0 0.170018281535649 0.1510574018126888 0.2943327239488117 0.1510574018126888 0.2943327239488117 0.24773413897280966 0.170018281535649 0.24773413897280966
0 0.6910420475319927 0.04078549848942598 0.8848263254113345 0.04078549848942598 0.8848263254113345 0.14652567975830816 0.6910420475319927 0.14652567975830816
0 0.06764168190127971 0.8580060422960725 0.170018281535649 0.8580060422960725 0.170018281535649 0.9712990936555891 0.06764168190127971 0.9712990936555891
0 0.10237659963436929 0.45468277945619334 0.26142595978062155 0.45468277945619334 0.26142595978062155 0.7583081570996979 0.10237659963436929 0.7583081570996979
2 0.17550274223034734 0.2537764350453172 0.489945155393053 0.2537764350453172 0.489945155393053 0.4501510574018127 0.17550274223034734 0.4501510574018127
2 0.17550274223034734 0.7719033232628398 0.49725776965265084 0.7719033232628398 0.49725776965265084 0.9682779456193353 0.17550274223034734 0.9682779456193353
2 0.6855575868372943 0.15256797583081572 0.9159049360146252 0.15256797583081572 0.9159049360146252 0.4425981873111782 0.6855575868372943 0.4425981873111782
27 0.3053016453382084 0.15256797583081572 0.4844606946983547 0.15256797583081572 0.4844606946983547 0.25075528700906347 0.3053016453382084 0.25075528700906347
27 0.5027422303473492 0.15256797583081572 0.680073126142596 0.15256797583081572 0.680073126142596 0.24924471299093656 0.5027422303473492 0.24924471299093656
27 0.5009140767824497 0.8761329305135952 0.6855575868372943 0.8761329305135952 0.6855575868372943 0.972809667673716 0.5009140767824497 0.972809667673716
26 0.2687385740402194 0.459214501510574 0.48628884826325414 0.459214501510574 0.48628884826325414 0.554380664652568 0.2687385740402194 0.554380664652568
5 0.48628884826325414 0.44561933534743203 0.7970749542961609 0.44561933534743203 0.7970749542961609 0.5513595166163142 0.48628884826325414 0.5513595166163142
30 0.4954296160877514 0.7673716012084593 0.6197440585009141 0.7673716012084593 0.6197440585009141 0.8655589123867069 0.4954296160877514 0.8655589123867069
7 0.263254113345521 0.5589123867069486 0.5904936014625228 0.5589123867069486 0.5904936014625228 0.7628398791540786 0.263254113345521 0.7628398791540786
3 0.5886654478976234 0.5574018126888217 0.8226691042047533 0.5574018126888217 0.8226691042047533 0.7583081570996979 0.5886654478976234 0.7583081570996979
6 0.7842778793418648 0.554380664652568 0.9213893967093236 0.554380664652568 0.9213893967093236 0.8670694864048338 0.7842778793418648 0.8670694864048338
29 0.6252285191956124 0.7658610271903323 0.773308957952468 0.7658610271903323 0.773308957952468 0.8700906344410876 0.6252285191956124 0.8700906344410876
4 0.6429798903107861 0.6132930513595166 0.80981718464351 0.6132930513595166 0.80981718464351 0.7175830815709969 0.6429798903107861 0.7175830815709969
16 0.6821623966817789 0.3521795441582639 0.6823932355747903 0.4102017569125175 0.7555073979983985 0.4067479580423616 0.751329199965694 0.38947902956731695 0.740884342387447 0.3722101010922723 0.7179056875904791 0.35839497148738353 0.699105071450337 0.3549411726172277
16 0.420997601696143 0.4406560223628388 0.42753877441591137 0.41538242227988387 0.4317166536968592 0.40329415917220585 0.44425045091557985 0.39465969493468345 0.46931820472890023 0.38429836419995045 0.481852001947621 0.3825714318270054 0.48602988122856844 0.43783201612229505
16 0.4993470401918338 0.7686663805846774 0.5695887418545453 0.7676685236453532 0.5737667805113712 0.8177485084490104 0.552877065354877 0.8160215102003312 0.5194533936037836 0.8039333129683873 0.5069195963850628 0.7832106514989211 0.4860298812285681 0.7624878582779866
1 0.24862888482632542 0.3154984894259819 0.3612065813528336 0.3154984894259819 0.3612065813528336 0.4464652567975831 0.24862888482632542 0.4464652567975831
1 0.7657312614259598 0.23564199395770394 0.9231535648994517 0.23564199395770394 0.9231535648994517 0.33248489425981875 0.7657312614259598 0.33248489425981875
1 0.29825411334552104 0.8398791540785498 0.4134460694698355 0.8398791540785498 0.4134460694698355 0.9662537764350454 0.29825411334552104 0.9662537764350454
8 0.2642961608775137 0.5571827794561934 0.31943327239488123 0.5571827794561934 0.31943327239488123 0.6346903323262839 0.2642961608775137 0.6346903323262839
8 0.26951553930530164 0.5550302114803626 0.4343235831809872 0.5550302114803626 0.4343235831809872 0.6018882175226586 0.26951553930530164 0.6018882175226586
8 0.4366636197440585 0.6024999999999999 0.48863802559414987 0.6024999999999999 0.48863802559414987 0.6847809667673715 0.4366636197440585 0.6847809667673715
12 0.6903016453382085 0.40815709969788516 0.9234826325411334 0.40815709969788516 0.9234826325411334 0.45256797583081565 0.6903016453382085 0.45256797583081565
12 0.4921206581352834 0.3141465256797583 0.6079159049360147 0.3141465256797583 0.6079159049360147 0.3530740181268882 0.4921206581352834 0.3530740181268882
12 0.558180987202925 0.2535045317220544 0.6079250457038392 0.2535045317220544 0.6079250457038392 0.34700906344410876 0.558180987202925 0.34700906344410876
12 0.5728610603290677 0.7629380664652569 0.6240676416819013 0.7629380664652569 0.6240676416819013 0.8638293051359517 0.5728610603290677 0.8638293051359517
12 0.18018281535648994 0.768987915407855 0.23071297989031075 0.768987915407855 0.23071297989031075 0.8698942598187311 0.18018281535648994 0.8698942598187311
8 0.3545063985374771 0.6264728096676737 0.38922303473491776 0.6264728096676737 0.38922303473491776 0.6527114803625378 0.3545063985374771 0.6527114803625378
28 0.2645978062157221 0.7295770392749245 0.4831535648994515 0.7295770392749245 0.4831535648994515 0.7582779456193354 0.2645978062157221 0.7582779456193354
25 0.8724040219378427 0.6651132930513596 0.9189670932358318 0.6651132930513596 0.9189670932358318 0.7017749244712991 0.8724040219378427 0.7017749244712991
24 0.693583180987203 0.8374848942598186 0.7709140767824497 0.8374848942598186 0.7709140767824497 0.869796072507553 0.693583180987203 0.869796072507553
24 0.5163528336380255 0.9424697885196374 0.5475959780621573 0.9424697885196374 0.5475959780621573 0.9704003021148035 0.5163528336380255 0.9704003021148035
24 0.6308409506398537 0.15447885196374622 0.6667824497257769 0.15447885196374622 0.6667824497257769 0.18126132930513594 0.6308409506398537 0.18126132930513594
15 0.3908592321755027 0.15318731117824774 0.42087751371115173 0.15318731117824774 0.42087751371115173 0.19370090634441087 0.3908592321755027 0.19370090634441087
15 0.5775137111517368 0.1570845921450151 0.6040585009140768 0.1570845921450151 0.6040585009140768 0.19578549848942595 0.5775137111517368 0.19578549848942595
15 0.5665356489945155 0.9308006042296073 0.5977787934186471 0.9308006042296073 0.5977787934186471 0.9662990936555892 0.5665356489945155 0.9662990936555892