2 0.18431279620853078 0.11468498659517426 0.4440916271721959 0.11468498659517426 0.4440916271721959 0.33810321715817687 0.18431279620853078 0.33810321715817687
2 0.6863270142180095 0.03127345844504023 0.9180331753554503 0.03127345844504023 0.9180331753554503 0.3336327077747989 0.6863270142180095 0.3336327077747989
2 0.18606635071090047 0.7506702412868632 0.5020221169036334 0.7506702412868632 0.5020221169036334 0.9651474530831099 0.18606635071090047 0.9651474530831099
14 0.10357030015797788 0.1638337801608579 0.18255924170616114 0.1638337801608579 0.18255924170616114 0.29788203753351206 0.10357030015797788 0.29788203753351206
0 0.0684518167456556 0.8400335120643433 0.1825434439178515 0.8400335120643433 0.1825434439178515 0.9621648793565684 0.0684518167456556 0.9621648793565684
0 0.11585308056872039 0.32916219839142097 0.2685703001579779 0.32916219839142097 0.2685703001579779 0.7491756032171581 0.11585308056872039 0.7491756032171581
17 0.4997946287519747 0.7467225201072387 0.6180252764612955 0.7467225201072387 0.6180252764612955 0.8584517426273458 0.4997946287519747 0.8584517426273458
27 0.5038388625592417 0.8595844504021448 0.6811848341232227 0.8595844504021448 0.6811848341232227 0.959906166219839 0.5038388625592417 0.959906166219839
27 0.4460584518167457 0.11628016085790883 0.560260663507109 0.11628016085790883 0.560260663507109 0.23712466487935654 0.4460584518167457 0.23712466487935654
27 0.5656398104265403 0.11286863270777481 0.6865560821484992 0.11286863270777481 0.6865560821484992 0.2679088471849866 0.5656398104265403 0.2679088471849866
29 0.6247551342812007 0.7478552278820375 0.751042654028436 0.7478552278820375 0.751042654028436 0.8584450402144772 0.6247551342812007 0.8584450402144772
6 0.7362638230647709 0.5118833780160859 0.9122669826224329 0.5118833780160859 0.9122669826224329 0.8550335120643432 0.7362638230647709 0.8550335120643432
3 0.5374249605055292 0.5437935656836461 0.7403001579778831 0.5437935656836461 0.7403001579778831 0.7398793565683647 0.5374249605055292 0.7398793565683647
7 0.27408372827804106 0.5358109919571046 0.5401026856240126 0.5358109919571046 0.5401026856240126 0.7433042895442359 0.27408372827804106 0.7433042895442359
26 0.2740916271721959 0.3420107238605898 0.5616113744075829 0.3420107238605898 0.5616113744075829 0.5358176943699732 0.2740916271721959 0.5358176943699732
5 0.5629462875197473 0.3408780160857909 0.8061216429699841 0.3408780160857909 0.8061216429699841 0.49477882037533516 0.5629462875197473 0.49477882037533516
31 0.44740126382306483 0.23827077747989275 0.5616034755134282 0.23827077747989275 0.5616034755134282 0.32947721179624667 0.44740126382306483 0.32947721179624667
4 0.5587203791469194 0.5924932975871313 0.7184992101105845 0.5924932975871313 0.7184992101105845 0.6910723860589811 0.5587203791469194 0.6910723860589811
1 0.30169826224328594 0.8340616621983915 0.4113823064770932 0.8340616621983915 0.4113823064770932 0.9551608579088471 0.30169826224328594 0.9551608579088471
1 0.7680331753554503 0.1321313672922252 0.9130726698262244 0.1321313672922252 0.9130726698262244 0.22738605898123324 0.7680331753554503 0.22738605898123324
1 0.22871248025276458 0.20552949061662196 0.33571090047393365 0.20552949061662196 0.33571090047393365 0.33109249329758716 0.22871248025276458 0.33109249329758716
12 0.39631121642969985 0.1195107238605898 0.43733807266982627 0.1195107238605898 0.43733807266982627 0.2705160857908847 0.39631121642969985 0.2705160857908847
12 0.18951026856240125 0.7514879356568365 0.23083728278041074 0.7514879356568365 0.23083728278041074 0.8550804289544236 0.18951026856240125 0.8550804289544236
12 0.5706793048973144 0.7572184986595174 0.6157345971563981 0.7572184986595174 0.6157345971563981 0.859671581769437 0.5706793048973144 0.859671581769437
12 0.7599210110584518 0.29041554959785526 0.9119905213270142 0.29041554959785526 0.9119905213270142 0.3366085790884718 0.7599210110584518 0.3366085790884718
8 0.2908767772511848 0.5450335120643433 0.3346208530805687 0.5450335120643433 0.3346208530805687 0.6183445040214477 0.2908767772511848 0.6183445040214477
8 0.2935781990521327 0.5427278820375335 0.4405766192733017 0.5427278820375335 0.4405766192733017 0.5797922252010723 0.2935781990521327 0.5797922252010723
15 0.536316400078989 0.2197265625 0.536316400078989 0.1962890625 0.5167512095181674 0.19140625 0.5086949545813586 0.2001953125 0.5086949545813586 0.2197265625
15 0.6560093305687204 0.1572265625 0.6629146919431279 0.1455078125 0.6606129048183255 0.1318359375 0.6387459271327014 0.12890625 0.6375950335703001 0.1552734375
15 0.584653929699842 0.9443359375 0.584653929699842 0.9228515625 0.5788994618878357 0.91796875 0.562786952014218 0.91796875 0.5570324842022117 0.9248046875 0.5570324842022117 0.9443359375
24 0.5386181872037915 0.2646484375 0.5478253357030016 0.2568359375 0.5455235485781991 0.2412109375 0.5167512095181674 0.2421875 0.5132985288309637 0.2568359375 0.5259583580173776 0.265625
24 0.5892575039494471 0.2060546875 0.5984646524486572 0.1982421875 0.5961628653238547 0.1826171875 0.5881066103870458 0.177734375 0.5719941005134281 0.1796875 0.5685414198262243 0.2021484375 0.5742958876382307 0.20703125
24 0.540919974328594 0.9541015625 0.5432217614533965 0.9423828125 0.5328637193917851 0.931640625 0.5213547837677726 0.9296875 0.5086949545813586 0.9365234375 0.5098458481437599 0.955078125
25 0.9046023400473934 0.6611328125 0.9092059142969984 0.6591796875 0.9092059142969984 0.6279296875 0.8712264267377567 0.626953125 0.8700755331753555 0.6591796875
24 0.6905361374407583 0.8525390625 0.7561370704976303 0.8515625 0.7595897511848341 0.8271484375 0.7561370704976303 0.822265625 0.6824798825039494 0.8203125 0.6790272018167457 0.8505859375
21 0.7421011058451816 0.4991018766756032 0.9122432859399685 0.4991018766756032 0.9122432859399685 0.5446514745308311 0.7421011058451816 0.5446514745308311
21 0.8641390205371248 0.4991085790884719 0.9164612954186412 0.4991085790884719 0.9164612954186412 0.8626072386058982 0.8641390205371248 0.8626072386058982
21 0.6801579778830964 0.8163471849865952 0.9122590837282781 0.8163471849865952 0.9122590837282781 0.8554490616621985 0.6801579778830964 0.8554490616621985
32 0.6255450236966824 0.8175469168900805 0.678436018957346 0.8175469168900805 0.678436018957346 0.8538739946380697 0.6255450236966824 0.8538739946380697
19 0.6882385466034755 0.5048860589812332 0.7417140600315956 0.5048860589812332 0.7417140600315956 0.5405563002680965 0.6882385466034755 0.5405563002680965