7 0.034150943396226416 0.035980966325036584 0.37446540880503143 0.035980966325036584 0.37446540880503143 0.45450219619326504 0.034150943396226416 0.45450219619326504
2 0.038639937106918223 0.4584846266471449 0.36547955974842766 0.4584846266471449 0.36547955974842766 0.8177086383601757 0.038639937106918223 0.8177086383601757
2 0.5238128930817609 0.02132503660322108 0.8541745283018868 0.02132503660322108 0.8541745283018868 0.3389970717423133 0.5238128930817609 0.3389970717423133
27 0.37556603773584907 0.6801903367496339 0.5217924528301887 0.6801903367496339 0.5217924528301887 0.88800878477306 0.37556603773584907 0.88800878477306
27 0.3778066037735849 0.03387994143484627 0.51999213836478 0.03387994143484627 0.51999213836478 0.24693997071742316 0.3778066037735849 0.24693997071742316
0 0.04087264150943399 0.8328770131771596 0.36906446540880505 0.8328770131771596 0.36906446540880505 0.9716910688140555 0.04087264150943399 0.9716910688140555
0 0.7484198113207549 0.3413543191800878 0.9062657232704404 0.3413543191800878 0.9062657232704404 0.5984407027818448 0.7484198113207549 0.5984407027818448
29 0.5327908805031447 0.8056881405563691 0.8649449685534591 0.8056881405563691 0.8649449685534591 0.9131112737920937 0.5327908805031447 0.9131112737920937
6 0.523812893081761 0.6048901903367497 0.859551886792453 0.6048901903367497 0.859551886792453 0.812679355783309 0.523812893081761 0.812679355783309
31 0.3755581761006289 0.5463250366032211 0.5271776729559748 0.5463250366032211 0.5271776729559748 0.6670571010248902 0.3755581761006289 0.6670571010248902
3 0.3632075471698113 0.25768667642752563 0.5163942147594085 0.2605426492232103 0.536157440156495 0.3559490671290383 0.7337884604678476 0.3509276901551046 0.7625349202915087 0.6019971773545086 0.539750679097813 0.6019971773545085 0.5361574401564951 0.5283501022359077 0.34571276065449913 0.5250024963031946 0.37264150943396224 0.4773060029282577
4 0.47889150943396236 0.3915446559297218 0.7158254716981132 0.3915446559297218 0.7158254716981132 0.548221083455344 0.47889150943396236 0.548221083455344
8 0.16441823899371072 0.03806002928257687 0.2918081761006289 0.03806002928257687 0.2918081761006289 0.0929502196193265 0.16441823899371072 0.0929502196193265
8 0.29919025157232704 0.09453879941434848 0.3618789308176101 0.09453879941434848 0.3618789308176101 0.17831625183016106 0.29919025157232704 0.17831625183016106
8 0.29244496855345914 0.17821376281112739 0.3672720125786163 0.17821376281112739 0.3672720125786163 0.2871156661786237 0.29244496855345914 0.2871156661786237
1 0.03414308176100629 0.577701317715959 0.2576808176100629 0.577701317715959 0.2576808176100629 0.7122547584187408 0.03414308176100629 0.7122547584187408
1 0.6428616352201258 0.1698462664714495 0.7930817610062892 0.1698462664714495 0.7930817610062892 0.3356588579795022 0.6428616352201258 0.3356588579795022
16 0.04087264150943396 0.01923865300146413 0.13909591194968554 0.01923865300146413 0.13909591194968554 0.08122986822840411 0.04087264150943396 0.08122986822840411
16 0.38454402515723274 0.20748901903367498 0.4499213836477988 0.20748901903367498 0.4499213836477988 0.2586603221083455 0.38454402515723274 0.2586603221083455
16 0.4991037735849056 0.26396778916544655 0.5738836477987421 0.26396778916544655 0.5738836477987421 0.3323133235724744 0.4991037735849056 0.3323133235724744
16 0.3598427672955975 0.7408565153733527 0.4139937106918239 0.7408565153733527 0.4139937106918239 0.8277525622254757 0.3598427672955975 0.8277525622254757
16 0.32613993710691824 0.49613469985358716 0.3888286163522013 0.49613469985358716 0.3888286163522013 0.5566032210834553 0.32613993710691824 0.5566032210834553
28 0.6349921383647799 0.022013177159590044 0.823938679245283 0.022013177159590044 0.823938679245283 0.06478038067349927 0.6349921383647799 0.06478038067349927
28 0.3198270440251572 0.5668374816983895 0.3675943396226415 0.5668374816983895 0.3675943396226415 0.7387554904831625 0.3198270440251572 0.7387554904831625
8 0.19290094339622643 0.2502635431918009 0.25439465408805034 0.2502635431918009 0.25439465408805034 0.32241581259150803 0.19290094339622643 0.32241581259150803
15 0.3898663522012579 0.04238653001464129 0.43000786163522015 0.04238653001464129 0.43000786163522015 0.09084919472913616 0.3898663522012579 0.09084919472913616
15 0.3956996855345912 0.8399341142020499 0.4346776729559748 0.8399341142020499 0.4346776729559748 0.8843997071742312 0.3956996855345912 0.8843997071742312
24 0.4803301886792453 0.762489019033675 0.5152044025157232 0.762489019033675 0.5152044025157232 0.7995900439238653 0.4803301886792453 0.7995900439238653
24 0.7954795597484278 0.8127672035139092 0.8466588050314465 0.8127672035139092 0.8466588050314465 0.8985358711566617 0.7954795597484278 0.8985358711566617
24 0.47595125786163517 0.19999999999999998 0.5152122641509435 0.19999999999999998 0.5152122641509435 0.23982430453879938 0.47595125786163517 0.23982430453879938
28 0.08930031446540883 0.41738653001464127 0.32613993710691824 0.41738653001464127 0.32613993710691824 0.4572254758418741 0.08930031446540883 0.4572254758418741
24 0.42051100628930815 0.6225402635431918 0.46386006289308185 0.6225402635431918 0.46386006289308185 0.6637554904831625 0.42051100628930815 0.6637554904831625
12 0.5270283018867924 0.03287701317715959 0.5852358490566038 0.03287701317715959 0.5852358490566038 0.20715226939970718 0.5270283018867924 0.20715226939970718
12 0.04115566037735849 0.47036603221083456 0.24444182389937102 0.47036603221083456 0.24444182389937102 0.5223718887262079 0.04115566037735849 0.5223718887262079
25 0.7954795597484278 0.686398243045388 0.8478223270440252 0.686398243045388 0.8478223270440252 0.7583162518301609 0.7954795597484278 0.7583162518301609
21 0.7529245283018867 0.6053147877013177 0.8487735849056602 0.6053147877013177 0.8487735849056602 0.6600146412884335 0.7529245283018867 0.6600146412884335
21 0.7969418238993711 0.605307467057101 0.8523663522012579 0.605307467057101 0.8523663522012579 0.805497803806735 0.7969418238993711 0.805497803806735
19 0.5320204402515722 0.7364421669106882 0.5938600628930818 0.7364421669106882 0.5938600628930818 0.7950658857979502 0.5320204402515722 0.7950658857979502
32 0.5311084905660378 0.8272401171303074 0.5995518867924529 0.8272401171303074 0.5995518867924529 0.8895387994143484 0.5311084905660378 0.8895387994143484