5 0.19543154761904763 0.1359552845528455 0.2915327380952381 0.1359552845528455 0.2915327380952381 0.3542886178861789 0.19543154761904763 0.3542886178861789
3 0.29629464285714285 0.14723577235772356 0.4912351190476191 0.14723577235772356 0.4912351190476191 0.35609756097560974 0.29629464285714285 0.35609756097560974
4 0.32606398809523807 0.20369918699186992 0.4502455357142857 0.20369918699186992 0.4502455357142857 0.3398373983739838 0.32606398809523807 0.3398373983739838
27 0.06977678571428571 0.3753353658536585 0.20293154761904764 0.3753353658536585 0.20293154761904764 0.48620934959349593 0.06977678571428571 0.48620934959349593
27 0.5013318452380953 0.214989837398374 0.6076264880952381 0.214989837398374 0.6076264880952381 0.40850609756097556 0.5013318452380953 0.40850609756097556
27 0.5988764880952382 0.20597560975609758 0.6975520833333333 0.20597560975609758 0.6975520833333333 0.4067073170731707 0.5988764880952382 0.4067073170731707
6 0.5046279761904762 0.48375000000000007 0.6367113095238095 0.48375000000000007 0.6367113095238095 0.737428861788618 0.5046279761904762 0.737428861788618
29 0.5013244047619048 0.7411890243902439 0.6367113095238095 0.7411890243902439 0.6367113095238095 0.8603150406504065 0.5013244047619048 0.8603150406504065
0 0.28968005952380954 0.7411991869918699 0.4978497023809524 0.7411991869918699 0.4978497023809524 0.8621341463414635 0.28968005952380954 0.8621341463414635
0 0.06151041666666666 0.811209349593496 0.2928645833333333 0.811209349593496 0.2928645833333333 0.9488719512195123 0.06151041666666666 0.9488719512195123
0 0.8535044642857142 0.4859959349593496 0.9594122023809524 0.4859959349593496 0.9594122023809524 0.6976626016260162 0.8535044642857142 0.6976626016260162
2 0.6385565476190476 0.4860060975609756 0.8483184523809523 0.4860060975609756 0.8483184523809523 0.8097256097560975 0.6385565476190476 0.8097256097560975
2 0.704702380952381 0.21046747967479673 0.9580952380952381 0.21046747967479673 0.9580952380952381 0.484410569105691 0.704702380952381 0.484410569105691
2 0.05820684523809525 0.4882621951219513 0.28756696428571427 0.4882621951219513 0.28756696428571427 0.820558943089431 0.05820684523809525 0.820558943089431
7 0.28141369047619047 0.3640447154471545 0.49388392857142854 0.3640447154471545 0.49388392857142854 0.7446544715447154 0.28141369047619047 0.7446544715447154
8 0.33432291666666664 0.5130894308943089 0.4039508928571428 0.5130894308943089 0.4039508928571428 0.5693495934959348 0.33432291666666664 0.5693495934959348
8 0.29628720238095235 0.5672967479674798 0.3378199404761905 0.5672967479674798 0.3378199404761905 0.6615243902439025 0.29628720238095235 0.6615243902439025
1 0.6385639880952381 0.5853556910569105 0.7623586309523809 0.5853556910569105 0.7623586309523809 0.751880081300813 0.6385639880952381 0.751880081300813
1 0.7708407738095238 0.3166260162601627 0.887998511904762 0.3166260162601627 0.887998511904762 0.48260162601626017 0.7708407738095238 0.48260162601626017
1 0.1772395833333333 0.5763313008130081 0.2862425595238095 0.5763313008130081 0.2862425595238095 0.7320020325203253 0.1772395833333333 0.7320020325203253
12 0.7082142857142857 0.21728658536585366 0.7966666666666666 0.21728658536585366 0.7966666666666666 0.26291666666666663 0.7082142857142857 0.26291666666666663
12 0.8641220238095239 0.22136178861788616 0.9483779761904761 0.22136178861788616 0.9483779761904761 0.2607520325203252 0.8641220238095239 0.2607520325203252
12 0.06473958333333334 0.491260162601626 0.09847470238095239 0.491260162601626 0.09847470238095239 0.6069918699186991 0.06473958333333334 0.6069918699186991
12 0.06573660714285715 0.6987804878048781 0.09688244047619048 0.6987804878048781 0.09688244047619048 0.8088617886178862 0.06573660714285715 0.8088617886178862
28 0.7985863095238095 0.21728658536585366 0.859419642857143 0.21728658536585366 0.859419642857143 0.24120934959349596 0.7985863095238095 0.24120934959349596
28 0.06673363095238095 0.6092581300813008 0.08814732142857143 0.6092581300813008 0.08814732142857143 0.6927337398373985 0.06673363095238095 0.6927337398373985
25 0.5046577380952381 0.5916158536585365 0.5353422619047619 0.5916158536585365 0.5353422619047619 0.6482215447154471 0.5046577380952381 0.6482215447154471
24 0.6079241071428572 0.6580691056910569 0.63859375 0.6580691056910569 0.63859375 0.7339634146341464 0.6079241071428572 0.7339634146341464
12 0.7102008928571428 0.4844613821138211 0.839561011904762 0.4844613821138211 0.839561011904762 0.5320833333333332 0.7102008928571428 0.5320833333333332
24 0.5632366071428572 0.3596951219512195 0.5941145833333333 0.3596951219512195 0.5941145833333333 0.4051016260162601 0.5632366071428572 0.4051016260162601
24 0.653608630952381 0.36240853658536587 0.68546875 0.36240853658536587 0.68546875 0.40076219512195127 0.653608630952381 0.40076219512195127
24 0.17000744047619046 0.37462398373983746 0.19776041666666663 0.37462398373983746 0.19776041666666663 0.4061890243902439 0.17000744047619046 0.4061890243902439
15 0.13012961231152267 0.3805646113439894 0.13080211063017244 0.41355452952112 0.13461841769952862 0.42137672218094446 0.1398658126236422 0.42659150899880577 0.14415914897791748 0.42854707581331064 0.14940654390203104 0.4233322641293843 0.1522687560065474 0.41681377439054146 0.15226875600654738 0.3829176476414103
15 0.5841487546945054 0.30532423311084556 0.5614093482158979 0.3061327255377986 0.5513638793154216 0.3169178891686539 0.5556690959136554 0.3326054441067977 0.5628443839199071 0.33750779801209413 0.5836526753435543 0.3365273047898395
15 0.6145064356676772 0.312996028485612 0.6381849079855488 0.312996028485612 0.644642623396693 0.32083978725368784 0.6453601959918004 0.33162495088454313 0.6389024805806565 0.33848825383235653 0.6123538273685605 0.3394687470546111
16 0.20560026630949377 0.1374694184715086 0.20695010975844805 0.2081227325538157 0.21914807747183443 0.2081227325538157 0.22847597377720263 0.20223992282825684 0.23421617133634218 0.19831802474322285 0.24139145934259384 0.19145472179540943 0.24641419379283175 0.18557191206985052 0.2514368734999667 0.1738062552167407 0.2571771258022092 0.16106012384237234 0.26004719721022734 0.14635306212648302 0.2614822876573395 0.13360698685510283
16 0.17689516766418478 0.4523503481234035 0.17250870543119895 0.4600666456445049 0.1710736697271899 0.46594945537006377 0.16892106142807325 0.4737932141381397 0.1689210614280732 0.47967606126569057 0.18183660173656732 0.4767346564029112 0.1904469254468281 0.4767346564029112 0.20192737530820998 0.47771511222317364 0.20479750145933112 0.46104710146476735 0.2047975014593313 0.4483009887913951 0.20407998360732685 0.43751582516053966 0.195469605153963 0.4394767368010646 0.18901188974281904 0.43751582516053966 0.18470667314458558 0.4414376858435816 0.1818366017365674 0.44437909070636106 0.17896647558544615 0.4492814446116575 0.17753138513833394 0.452222886876429
16 0.24506977694679358 0.3751616377418106 0.24856674734884532 0.38751179288532095 0.2514368734999667 0.4002579055586932 0.2564595532071015 0.4071212085065066 0.2614822876573396 0.41496496727458243 0.2650699316604654 0.41888686535961644 0.27081012921960473 0.4237892192649128 0.2758328636698428 0.4267306241276923 0.2808555433769775 0.4286915731702093 0.2844431873801034 0.4296720289904718 0.28444318738010343 0.3728047311694315
16 0.512386008081233 0.3567833733652409 0.5126173678761458 0.40421696356965703 0.546341199608287 0.40519734458593537 0.5456237364993854 0.3963731299975971 0.5434711282002689 0.38852937122952114 0.5413185199011521 0.38362701732422483 0.5362958401940171 0.37872466341892835 0.5327081961908914 0.3718613604711149 0.5262503712935414 0.364017601703039 0.511899795281038 0.3561738055329711
16 0.6469411579811186 0.4854312240012291 0.6489478399949262 0.5394847639495103 0.6597107720043037 0.5394847639495103 0.6647334517114386 0.5355629032664684 0.6719087397176902 0.5286996003186549 0.6769314194248253 0.5237972464133585 0.6812366360230585 0.5159534876452827 0.6862593157301932 0.4992854768868764 0.6898469597333191 0.48751982003376654
16 0.6977398203346782 0.4188868653596165 0.7077851797489482 0.4198673211798789 0.7171130760543166 0.4247696750851753 0.7293110437677028 0.4326134712552433 0.7350512960699456 0.44535958392861563 0.7386389400730714 0.46104710146476735 0.7400739757770805 0.47085180927536024 0.6948696394404538 0.4718323024976147
16 0.6661684874154478 0.3012303716325021 0.6690386683096721 0.3188788382111708 0.6747789206119145 0.32868354602176364 0.681954208618166 0.3365273047898395 0.68841192402931 0.34044920287487357 0.7006098917426965 0.3463320126004324 0.7006098917426966 0.2992694225899852
16 0.5608258620451918 0.7439521428983104 0.5614093482158978 0.798254894866067 0.5700196719261585 0.7972744016438125 0.578629995636419 0.7913916667222377 0.5850878205337695 0.7825673399279232 0.5915455359449135 0.7766846050063485 0.6008734322502818 0.7619775432904592 0.6030260405493986 0.7453094577280688
21 0.50296875 0.48644308943089426 0.5361979166666667 0.48644308943089426 0.5361979166666667 0.7315650406504065 0.50296875 0.7315650406504065
21 0.6038392857142857 0.558729674796748 0.6367261904761905 0.558729674796748 0.6367261904761905 0.738790650406504 0.6038392857142857 0.738790650406504
28 0.4740550595238095 0.48199186991869913 0.49531994047619043 0.48199186991869913 0.49531994047619043 0.6954065040650407 0.4740550595238095 0.6954065040650407
28 0.8248214285714287 0.6489532520325204 0.8439583333333334 0.6489532520325204 0.8439583333333334 0.8101117886178861 0.8248214285714287 0.8101117886178861
19 0.5945163690476191 0.49118902439024387 0.6314955357142857 0.49118902439024387 0.6314955357142857 0.5568191056910569 0.5945163690476191 0.5568191056910569
32 0.5142261904761904 0.7506199186991869 0.5494940476190477 0.7506199186991869 0.5494940476190477 0.8036077235772358 0.5142261904761904 0.8036077235772358