27 0.5920831935592082 0.16486902927580896 0.41764508554176455 0.16332819722650233 0.4176450855417643 0.04622496147919878 0.600469641060047 0.0477657935285054
2 0.6088560885608856 0.05238135593220339 0.8705166051660518 0.05238135593220339 0.8705166051660518 0.29121186440677965 0.6088560885608856 0.29121186440677965
29 0.32035977859778597 0.17565254237288133 0.5031826568265683 0.17565254237288133 0.5031826568265683 0.29892372881355933 0.32035977859778597 0.29892372881355933
6 0.1811439114391144 0.17874576271186438 0.3471955719557196 0.17874576271186438 0.3471955719557196 0.5454576271186441 0.1811439114391144 0.5454576271186441
7 0.5132505870513252 0.1818181818181818 0.6004696410600471 0.17873651771956858 0.5937604830593761 0.30816640986132504 0.8000670915800069 0.30508474576271183 0.8017443810801743 0.5408320493066254 0.5971150620597114 0.5362095531587056 0.5954377725595438 0.633281972265023 0.4444817175444482 0.628659476117103 0.4444817175444481 0.5408320493066254 0.3572626635357262 0.5423728813559321 0.35558537403555845 0.30662557781201843 0.5132505870513252 0.3050847457627118
3 0.3606172425360618 0.3020030816640987 0.5149278765514929 0.30200308166409856 0.5149278765514929 0.539291217257319 0.3606172425360619 0.5408320493066254
27 0.4478413284132841 0.6456101694915254 0.59880073800738 0.6456101694915254 0.59880073800738 0.7919830508474576 0.4478413284132841 0.7919830508474576
2 0.6054981549815498 0.5608644067796611 0.8705166051660517 0.5608644067796611 0.8705166051660517 0.7981525423728814 0.6054981549815498 0.7981525423728814
2 0.1828228782287823 0.6841271186440678 0.44112546125461255 0.6841271186440678 0.44112546125461255 0.9260423728813559 0.1828228782287823 0.9260423728813559
12 0.13417896678966793 0.684135593220339 0.17611623616236163 0.684135593220339 0.17611623616236163 0.9245084745762713 0.13417896678966793 0.9245084745762713
12 0.8755442804428043 0.5608559322033899 0.9225 0.5608559322033899 0.9225 0.6872118644067796 0.8755442804428043 0.6872118644067796
12 0.8705166051660517 0.15716101694915255 0.9292250922509225 0.15716101694915255 0.9292250922509225 0.29121186440677965 0.8705166051660517 0.29121186440677965
0 0.8185147601476015 0.3081694915254237 0.9426291512915128 0.3081694915254237 0.9426291512915128 0.5423728813559322 0.8185147601476015 0.5423728813559322
5 0.17108856088560884 0.5469915254237289 0.44112546125461255 0.5469915254237289 0.44112546125461255 0.6733474576271186 0.17108856088560884 0.6733474576271186
4 0.3463929889298893 0.29915254237288136 0.4942343173431734 0.29915254237288136 0.4942343173431734 0.4502033898305085 0.3463929889298893 0.4502033898305085
16 0.35793357933579334 0.6762796610169491 0.4407380073800738 0.6762796610169491 0.4407380073800738 0.7570762711864406 0.35793357933579334 0.7570762711864406
16 0.16836715867158672 0.5618728813559322 0.28624538745387457 0.5618728813559322 0.28624538745387457 0.6468728813559321 0.16836715867158672 0.6468728813559321
16 0.5996217712177122 0.5597457627118644 0.6828505535055351 0.5597457627118644 0.6828505535055351 0.6417796610169492 0.5996217712177122 0.6417796610169492
16 0.5973247232472325 0.21652542372881353 0.6847047970479705 0.21652542372881353 0.6847047970479705 0.2823559322033898 0.5973247232472325 0.2823559322033898
16 0.5281365313653137 0.10422881355932204 0.5998339483394834 0.10422881355932204 0.5998339483394834 0.16536440677966102 0.5281365313653137 0.16536440677966102
16 0.4474169741697417 0.7228813559322034 0.5223616236162362 0.7228813559322034 0.5223616236162362 0.7858983050847457 0.4474169741697417 0.7858983050847457
16 0.5846762569188192 0.1748046875 0.5953067343173432 0.1728515625 0.5942436865774908 0.107421875 0.5559739679428044 0.12109375 0.533649965405904 0.1552734375 0.538965204105166 0.17578125
8 0.5816328413284133 0.42627118644067796 0.6330535055350553 0.42627118644067796 0.6330535055350553 0.4773220338983051 0.5816328413284133 0.4773220338983051
8 0.6277767527675276 0.49407627118644065 0.7843265682656827 0.49407627118644065 0.7843265682656827 0.5298898305084746 0.6277767527675276 0.5298898305084746
28 0.620839483394834 0.3097372881355932 0.7455811808118081 0.3097372881355932 0.7455811808118081 0.3535508474576271 0.620839483394834 0.3535508474576271
1 0.24030442804428045 0.7716016949152542 0.36371771217712173 0.7716016949152542 0.36371771217712173 0.9181271186440679 0.24030442804428045 0.9181271186440679
1 0.6669741697416974 0.6338983050847458 0.8083025830258302 0.6338983050847458 0.8083025830258302 0.7960677966101694 0.6669741697416974 0.7960677966101694
1 0.6831273062730627 0.05339830508474578 0.8101568265682657 0.05339830508474578 0.8101568265682657 0.1941949152542373 0.6831273062730627 0.1941949152542373
24 0.56059963099631 0.7393220338983051 0.6033118081180812 0.7393220338983051 0.6033118081180812 0.793728813559322 0.56059963099631 0.793728813559322
24 0.5501014760147601 0.04432203389830508 0.5973154981549815 0.04432203389830508 0.5973154981549815 0.07689830508474575 0.5501014760147601 0.07689830508474575
25 0.18156826568265685 0.34158474576271186 0.2342250922509225 0.34158474576271186 0.2342250922509225 0.38522881355932204 0.18156826568265685 0.38522881355932204
24 0.3848232818265683 0.2158203125 0.3837602340867159 0.177734375 0.32104041743542433 0.1787109375 0.32210346517527677 0.216796875
15 0.49862546125461255 0.05127118644067796 0.5389760147601476 0.05127118644067796 0.5389760147601476 0.09584745762711865 0.49862546125461255 0.09584745762711865
15 0.46863468634686345 0.6466101694915254 0.5149815498154982 0.6466101694915254 0.5149815498154982 0.6977288135593219 0.46863468634686345 0.6977288135593219
21 0.18142066420664207 0.17655084745762714 0.23215867158671585 0.17655084745762714 0.23215867158671585 0.48727966101694914 0.18142066420664207 0.48727966101694914
21 0.18296125461254614 0.17514406779661018 0.43973247232472323 0.17514406779661018 0.43973247232472323 0.22034745762711863 0.18296125461254614 0.22034745762711863