0 0.051109298531810766 0.09175146771037183 0.15756933115823818 0.09175146771037183 0.15756933115823818 0.4228864970645793 0.051109298531810766 0.4228864970645793
2 0.6855138662316477 0.0852446183953033 0.9694616639477976 0.0852446183953033 0.9694616639477976 0.45248532289628174 0.6855138662316477 0.45248532289628174
2 0.031174551386623162 0.44184931506849306 0.31704730831973904 0.44184931506849306 0.31704730831973904 0.8091878669275929 0.031174551386623162 0.8091878669275929
6 0.6111908646003263 0.4527005870841488 0.799836867862969 0.4527005870841488 0.799836867862969 0.8091780821917809 0.6111908646003263 0.8091780821917809
29 0.6075693311582382 0.8093052837573386 0.8027406199021206 0.8093052837573386 0.8027406199021206 0.9518688845401174 0.6075693311582382 0.9518688845401174
27 0.3230097879282218 0.5396771037181995 0.4663866231647634 0.5396771037181995 0.4663866231647634 0.812651663405088 0.3230097879282218 0.812651663405088
27 0.473442088091354 0.548375733855186 0.6012071778140293 0.548375733855186 0.6012071778140293 0.8074363992172212 0.473442088091354 0.8074363992172212
7 0.16349918433931485 0.09392367906066537 0.46348287112561176 0.09392367906066537 0.46348287112561176 0.4315949119373777 0.16349918433931485 0.4315949119373777
3 0.46800978792822195 0.10262230919765165 0.6809624796084829 0.10262230919765165 0.6809624796084829 0.4350684931506849 0.46800978792822195 0.4350684931506849
4 0.47526101141924965 0.18961839530332683 0.620073409461664 0.18961839530332683 0.620073409461664 0.37417808219178084 0.47526101141924965 0.37417808219178084
8 0.2196818923327896 0.3461643835616438 0.34025285481239803 0.3461643835616438 0.34025285481239803 0.43160469667318985 0.2196818923327896 0.43160469667318985
8 0.3374959216965742 0.22440313111545987 0.40113376835236536 0.22440313111545987 0.40113376835236536 0.36025440313111545 0.3374959216965742 0.36025440313111545
1 0.07467373572593802 0.589696673189824 0.22715334420880914 0.589696673189824 0.22715334420880914 0.7917906066536203 0.07467373572593802 0.7917906066536203
1 0.8069657422512235 0.2026614481409002 0.9694779771615007 0.2026614481409002 0.9694779771615007 0.38461839530332687 0.8069657422512235 0.38461839530332687
16 0.4011400306934051 0.44725548365633133 0.46783185358398843 0.4472554836563314 0.4663820529888508 0.537737322475876 0.44173511103342716 0.5185969628539079 0.4388353992304571 0.5133768708094686 0.41563825787017084 0.4890163527659895 0.408389144281788 0.4663959096553713
16 0.5785752794806113 0.08523592251128385 0.6708070340587087 0.08706830287662158 0.6635579204703257 0.18103012561920884 0.6374611779197644 0.1845102091078589 0.6171636377497534 0.16014972425291565 0.608464723566233 0.14796953160824772 0.5939664963894672 0.12360898037623283 0.5838176709981142 0.10272854582140384
16 0.6764545616992083 0.3526853680429212 0.7143017155890058 0.3672138953027371 0.7360490563541545 0.3846142463689163 0.7534468847211949 0.40375460599088414 0.7577963971193029 0.41941494850127375 0.7534468847211951 0.44203539161189204 0.6809557488373666 0.4402953830561029
28 0.18706362153344208 0.09176125244618395 0.3725122349102773 0.09176125244618395 0.3725122349102773 0.1323091976516634 0.18706362153344208 0.1323091976516634
28 0.10730831973898858 0.4483561643835617 0.2159216965742251 0.4483561643835617 0.2159216965742251 0.4820547945205479 0.10730831973898858 0.4820547945205479
12 0.265 0.5396868884540117 0.31451060358890703 0.5396868884540117 0.31451060358890703 0.7952641878669275 0.265 0.7952641878669275
12 0.6982055464926591 0.09610567514677104 0.9712887438825448 0.09610567514677104 0.9712887438825448 0.1514481409001957 0.6982055464926591 0.1514481409001957
25 0.7404649265905384 0.634921722113503 0.7915089722675367 0.634921722113503 0.7915089722675367 0.7105577299412915 0.7404649265905384 0.7105577299412915
24 0.6185399673735725 0.6871526418786693 0.663515497553018 0.6871526418786693 0.663515497553018 0.7889334637964774 0.6185399673735725 0.7889334637964774
24 0.39973083197389886 0.5448140900195694 0.4414763458401305 0.5448140900195694 0.4414763458401305 0.605009784735812 0.39973083197389886 0.605009784735812
24 0.5564845024469821 0.5552544031311155 0.5955872756933116 0.5552544031311155 0.5955872756933116 0.6070939334637965 0.5564845024469821 0.6070939334637965
15 0.5868410815396792 0.6331036734702638 0.5873439107520422 0.6717259551639829 0.5511396703741684 0.6699155177246927 0.5420885910979951 0.6608634226109149 0.5405800650974963 0.6463800612206031 0.5461113015237188 0.6361210385081896 0.5521453287988946 0.6318967688922964
15 0.4048141253170601 0.6367245023075075 0.44152121408900175 0.6367245023075075 0.4410183656949338 0.6747433202019089 0.4038084477106292 0.6735363465619366 0.39676872364731774 0.6650877612888132 0.3942545392220928 0.652414791296455 0.4007914148913364 0.6403453541654196
21 0.6130097879282218 0.537945205479452 0.6649999999999999 0.537945205479452 0.6649999999999999 0.7952054794520549 0.6130097879282218 0.7952054794520549
21 0.7435154975530179 0.5401076320939334 0.7969412724306688 0.5401076320939334 0.7969412724306688 0.798679060665362 0.7435154975530179 0.798679060665362
19 0.7366639477977162 0.456399217221135 0.7900570962479608 0.456399217221135 0.7900570962479608 0.5415264187866928 0.7366639477977162 0.5415264187866928
32 0.6182137030995105 0.8691095890410959 0.6670717781402937 0.8691095890410959 0.6670717781402937 0.9347260273972602 0.6182137030995105 0.9347260273972602