2 0.11365965834428385 0.12982456140350876 0.4085216819973719 0.12982456140350876 0.4085216819973719 0.4484561403508772 0.11365965834428385 0.4484561403508772
2 0.5128186596583443 0.618859649122807 0.7488107752956636 0.618859649122807 0.7488107752956636 0.9784385964912281 0.5128186596583443 0.9784385964912281
2 0.14980286085652622 0.9609649139538146 0.15101055558770266 0.6134118437702536 0.30210242029589757 0.615166800922935 0.3047301650424459 0.45722427219920475 0.40852372693310934 0.4589791624071158 0.4058959821865608 0.9503559184364991
27 0.40768725361366626 0.735078947368421 0.5188830486202365 0.735078947368421 0.5188830486202365 0.9661491228070176 0.40768725361366626 0.9661491228070176
27 0.4044021024967148 0.1320263157894737 0.5188830486202365 0.1320263157894737 0.5188830486202365 0.3694824561403509 0.4044021024967148 0.3694824561403509
27 0.11531537450722734 0.4609736842105263 0.2942247043363995 0.4609736842105263 0.2942247043363995 0.6011315789473684 0.11531537450722734 0.6011315789473684
0 0.04467805519053875 0.5991140350877193 0.14969776609724045 0.5991140350877193 0.14969776609724045 0.9714122807017544 0.04467805519053875 0.9714122807017544
0 0.5128120893561103 0.02895614035087721 0.7251642575558476 0.02895614035087721 0.7251642575558476 0.2080263157894737 0.5128120893561103 0.2080263157894737
7 0.7312746386333772 0.12543859649122807 0.974796320630749 0.12543859649122807 0.974796320630749 0.608140350877193 0.7312746386333772 0.608140350877193
3 0.5177332457293036 0.2131578947368421 0.733042049934297 0.2131578947368421 0.733042049934297 0.608140350877193 0.5177332457293036 0.608140350877193
3 0.41097240473061764 0.37104385964912284 0.5109986859395532 0.37104385964912284 0.5109986859395532 0.7380087719298245 0.41097240473061764 0.7380087719298245
4 0.562089356110381 0.28114035087719297 0.7146517739816032 0.28114035087719297 0.7146517739816032 0.5168947368421053 0.562089356110381 0.5168947368421053
1 0.6015111695137977 0.7350964912280702 0.735676741130092 0.7350964912280702 0.735676741130092 0.8924473684210528 0.6015111695137977 0.8924473684210528
1 0.18265440210249673 0.7833333333333333 0.292904073587385 0.7833333333333333 0.292904073587385 0.9573684210526316 0.18265440210249673 0.9573684210526316
1 0.21057161629434953 0.272359649122807 0.3191787122207621 0.272359649122807 0.3191787122207621 0.44669298245614036 0.21057161629434953 0.44669298245614036
8 0.7378449408672799 0.2 0.7895400788436266 0.2 0.7895400788436266 0.33263157894736844 0.7378449408672799 0.33263157894736844
8 0.7345597897503285 0.32499122807017544 0.7869119579500656 0.32499122807017544 0.7869119579500656 0.44669298245614036 0.7345597897503285 0.44669298245614036
8 0.7821944809461235 0.14299122807017545 0.8749408672798947 0.14299122807017545 0.8749408672798947 0.20276315789473684 0.7821944809461235 0.20276315789473684
16 0.37154402102496714 0.625438596491228 0.39176741130091985 0.625438596491228 0.39176741130091985 0.7081754385964911 0.37154402102496714 0.7081754385964911
16 0.5095203679369251 0.6363947368421052 0.5573127463863338 0.6363947368421052 0.5573127463863338 0.6941315789473683 0.5095203679369251 0.6941315789473683
16 0.4044021024967148 0.22192105263157894 0.4364388961892247 0.22192105263157894 0.4364388961892247 0.27471052631578946 0.4044021024967148 0.27471052631578946
28 0.20729960578186596 0.12542982456140353 0.34184625492772663 0.12542982456140353 0.34184625492772663 0.17292105263157895 0.20729960578186596 0.17292105263157895
28 0.9481011826544021 0.2482456140350877 0.9817017082785807 0.2482456140350877 0.9817017082785807 0.4852982456140351 0.9481011826544021 0.4852982456140351
28 0.5160906701708279 0.730701754385965 0.5612549277266754 0.730701754385965 0.5612549277266754 0.9117543859649123 0.5160906701708279 0.9117543859649123
28 0.149796320630749 0.5991315789473685 0.2866557161629435 0.5991315789473685 0.2866557161629435 0.660798245614035 0.149796320630749 0.660798245614035
24 0.501953125 0.2751010827850877 0.5078125 0.26988589638157895 0.5078125 0.24641755756578948 0.5029296875 0.2398985745614035 0.4853515625 0.2398985745614035 0.48046875 0.24902515076754386 0.482421875 0.27249348958333336
24 0.43359375 0.7861893503289473 0.439453125 0.7783665707236842 0.4375 0.7548982319078947 0.4150390625 0.7509868421052631 0.412109375 0.7809741639254386 0.4169921875 0.7874931469298245
24 0.96875 0.9608980948464912 0.97265625 0.9556829084429824 0.97265625 0.8800627055921053 0.9423828125 0.8761513157894737 0.939453125 0.9582905016447368
25 0.97265625 0.7653286047149123 0.97265625 0.7053539610745614 0.9404296875 0.7040501644736842 0.939453125 0.7653286047149123
24 0.283203125 0.5045692845394737 0.287109375 0.49935409813596493 0.28515625 0.47327816611842105 0.2626953125 0.47197436951754385 0.259765625 0.49935409813596493 0.2646484375 0.5058730811403509
15 0.21875 0.5280376233552632 0.21875 0.4837085389254386 0.1982421875 0.479797149122807 0.193359375 0.486316132127193 0.197265625 0.5280376233552632
15 0.443359375 0.19948087993421051 0.4453125 0.15254420230263158 0.4208984375 0.1512404057017544 0.419921875 0.19687328673245613
15 0.482421875 0.9504677220394737 0.4921875 0.9452525356359649 0.4921875 0.9087462308114035 0.4892578125 0.9022272478070176 0.4677734375 0.9022272478070176 0.466796875 0.9478601288377193
12 0.603929040735874 0.6192719298245615 0.7418791064388962 0.6192719298245615 0.7418791064388962 0.6594298245614035 0.603929040735874 0.6594298245614035
12 0.3622404730617609 0.7799649122807017 0.400203679369251 0.7799649122807017 0.400203679369251 0.9619298245614034 0.3622404730617609 0.9619298245614034
12 0.30008541392904076 0.46122807017543865 0.40178055190538764 0.46122807017543865 0.40178055190538764 0.5161052631578947 0.30008541392904076 0.5161052631578947
12 0.11561103810775294 0.28211403508771926 0.15558475689881734 0.28211403508771926 0.15558475689881734 0.45083333333333325 0.11561103810775294 0.45083333333333325
21 0.9355059132720106 0.6105263157894737 0.9756636005256242 0.6105263157894737 0.9756636005256242 0.8747719298245614 0.9355059132720106 0.8747719298245614
25 0.9406504599211563 0.7061315789473684 0.9724113009198423 0.7061315789473684 0.9724113009198423 0.7616929824561403 0.9406504599211563 0.7616929824561403
19 0.7559329829172143 0.7918157894736841 0.7984428383705651 0.7918157894736841 0.7984428383705651 0.8525350877192982 0.7559329829172143 0.8525350877192982
32 0.7559264126149803 0.8861929824561404 0.8070959264126151 0.8861929824561404 0.8070959264126151 0.9495964912280703 0.7559264126149803 0.9495964912280703