2 0.21970403022670024 0.19463398692810455 0.535963476070529 0.19463398692810455 0.535963476070529 0.434281045751634 0.21970403022670024 0.434281045751634
2 0.21830604534005035 0.7073333333333334 0.5317695214105793 0.7073333333333334 0.5317695214105793 0.9629673202614378 0.21830604534005035 0.9629673202614378
27 0.535969773299748 0.8380522875816994 0.7178841309823678 0.8380522875816994 0.7178841309823678 0.9615032679738563 0.535969773299748 0.9615032679738563
27 0.5401637279596977 0.19898039215686275 0.7220780856423175 0.19898039215686275 0.7220780856423175 0.3108235294117647 0.5401637279596977 0.3108235294117647
0 0.1329471032745592 0.44443790849673204 0.2966750629722922 0.44443790849673204 0.2966750629722922 0.6913529411764706 0.1329471032745592 0.6913529411764706
0 0.10355163727959697 0.8090130718954248 0.2098992443324937 0.8090130718954248 0.2098992443324937 0.9571568627450979 0.10355163727959697 0.9571568627450979
30 0.5303715365239294 0.7029738562091503 0.6549181360201511 0.7029738562091503 0.6549181360201511 0.8322418300653596 0.5303715365239294 0.8322418300653596
29 0.6591120906801008 0.7073398692810458 0.786454659949622 0.7073398692810458 0.786454659949622 0.8293398692810456 0.6591120906801008 0.8293398692810456
6 0.8074433249370278 0.43718300653594777 0.951574307304786 0.43718300653594777 0.951574307304786 0.8336928104575163 0.8074433249370278 0.8336928104575163
7 0.30506926952141056 0.4502483660130719 0.5737468513853904 0.4502483660130719 0.5737468513853904 0.6957124183006537 0.30506926952141056 0.6957124183006537
3 0.5793450881612091 0.4328235294117647 0.8438287153652393 0.4328235294117647 0.8438287153652393 0.691359477124183 0.5793450881612091 0.691359477124183
5 0.5415554156171285 0.31662745098039213 0.8522229219143578 0.31662745098039213 0.8522229219143578 0.4270065359477124 0.5415554156171285 0.4270065359477124
26 0.7262846347607053 0.07407189542483662 0.9501889168765743 0.07407189542483662 0.9501889168765743 0.3079150326797386 0.7262846347607053 0.3079150326797386
14 0.6507052896725442 0.06681699346405229 0.7206801007556676 0.06681699346405229 0.7206801007556676 0.18301307189542482 0.6507052896725442 0.18301307189542482
4 0.6910201511335013 0.5037124183006536 0.8385264483627204 0.5037124183006536 0.8385264483627204 0.6329411764705882 0.6910201511335013 0.6329411764705882
16 0.46431566265628277 0.4252723328168615 0.5396659473607972 0.4237242379350022 0.5346290771571613 0.35747326751035635 0.5111232985849636 0.3592166878476275 0.49937034525077073 0.3679339225484288 0.4775436515093057 0.38885529913179673 0.4691487397403915 0.39931595416986926
16 0.5377833368796244 0.7041394352133757 0.6085041982466578 0.6991889741933268 0.6085041982466579 0.7776440199933164 0.5816405062053693 0.7671832984480212 0.5665296394020856 0.7636963912662562 0.5598138124639044 0.7584660637472197 0.5530978574295354 0.7462619218646533 0.5447029456606212 0.7358012003193581 0.5413449040953427 0.7305708728003216
16 0.7680076499522195 0.3243477490444218 0.8553146811104543 0.3208608418626568 0.8502776828106304 0.4062897685333994 0.8133401222658821 0.39931595416986915 0.7881553869591388 0.374907736911959 0.7831183886593152 0.3696773428856999 0.7797604751902247 0.3574732675103563 0.7680076499522196 0.3382953112642596
12 0.21872166246851385 0.19651633986928102 0.2630415617128463 0.19651633986928102 0.2630415617128463 0.3138888888888889 0.21872166246851385 0.3138888888888889
12 0.21663098236775818 0.7084901960784313 0.26472921914357683 0.7084901960784313 0.26472921914357683 0.8421503267973857 0.21663098236775818 0.8421503267973857
12 0.6070528967254408 0.6997777777777778 0.6509068010075567 0.6997777777777778 0.6509068010075567 0.8299477124183006 0.6070528967254408 0.8299477124183006
1 0.33417506297229216 0.8 0.4494269521410579 0.8 0.4494269521410579 0.9607058823529413 0.33417506297229216 0.9607058823529413
1 0.30688287153652394 0.27712418300653596 0.4242254408060453 0.27712418300653596 0.4242254408060453 0.4324444444444445 0.30688287153652394 0.4324444444444445
8 0.3068765743073048 0.4470588235294118 0.36042821158690175 0.4470588235294118 0.36042821158690175 0.5440261437908496 0.3068765743073048 0.5440261437908496
8 0.3047858942065491 0.44706535947712417 0.4645340050377834 0.44706535947712417 0.4645340050377834 0.5004379084967321 0.3047858942065491 0.5004379084967321
8 0.47272040302267004 0.48845098039215684 0.5283375314861462 0.48845098039215684 0.5283375314861462 0.6154967320261439 0.47272040302267004 0.6154967320261439
8 0.38874685138539045 0.525483660130719 0.4259130982367758 0.525483660130719 0.4259130982367758 0.5631960784313725 0.38874685138539045 0.5631960784313725
28 0.30688287153652394 0.6562091503267975 0.5149055415617129 0.6562091503267975 0.5149055415617129 0.6991895424836603 0.30688287153652394 0.6991895424836603
15 0.6047607052896725 0.20713725490196075 0.6337531486146095 0.20713725490196075 0.6337531486146095 0.24298039215686273 0.6047607052896725 0.24298039215686273
15 0.6025944584382871 0.914 0.6277078085642318 0.914 0.6277078085642318 0.9454771241830064 0.6025944584382871 0.9454771241830064
25 0.9054093198992444 0.5874183006535948 0.9518198992443325 0.5874183006535948 0.9518198992443325 0.6331830065359477 0.9054093198992444 0.6331830065359477
24 0.5519521410579346 0.20266013071895425 0.5854785894206549 0.20266013071895425 0.5854785894206549 0.22954901960784313 0.5519521410579346 0.22954901960784313
24 0.5519521410579346 0.9296601307189544 0.5820277078085643 0.9296601307189544 0.5820277078085643 0.9598039215686275 0.5519521410579346 0.9598039215686275
21 0.9050125944584383 0.5058888888888888 0.9490680100755668 0.5058888888888888 0.9490680100755668 0.8319411764705883 0.9050125944584383 0.8319411764705883
21 0.7163727959697732 0.7835882352941177 0.9502015113350126 0.7835882352941177 0.9502015113350126 0.8342941176470589 0.7163727959697732 0.8342941176470589
32 0.6590302267002519 0.7843267973856209 0.7143702770780856 0.7843267973856209 0.7143702770780856 0.8297908496732026 0.6590302267002519 0.8297908496732026
19 0.900610831234257 0.44180392156862747 0.9507745591939546 0.44180392156862747 0.9507745591939546 0.502562091503268 0.900610831234257 0.502562091503268