2 0.06271538461538462 0.09454376163873372 0.36094615384615386 0.09454376163873372 0.36094615384615386 0.4297392923649907 0.06271538461538462 0.4297392923649907
2 0.4899461538461538 0.611657355679702 0.8272230769230768 0.611657355679702 0.8272230769230768 0.9554562383612661 0.4899461538461538 0.9554562383612661
0 0.8272153846153846 0.6173929236499069 0.9633076923076923 0.6173929236499069 0.9633076923076923 0.9554562383612664 0.8272153846153846 0.9554562383612664
0 0.3692384615384615 0.0386778398510242 0.6142076923076923 0.0386778398510242 0.6142076923076923 0.18191806331471136 0.3692384615384615 0.18191806331471136
27 0.06272307692307692 0.4426256983240223 0.27573846153846154 0.4426256983240223 0.27573846153846154 0.6002048417132216 0.06272307692307692 0.6002048417132216
27 0.6780999999999999 0.4440595903165735 0.9100538461538461 0.4440595903165735 0.9100538461538461 0.6030540037243948 0.6780999999999999 0.6030540037243948
6 0.6153846153846154 0.08594972067039104 0.8071076923076923 0.08594972067039104 0.8071076923076923 0.4325977653631285 0.6153846153846154 0.4325977653631285
29 0.8059230769230767 0.09741154562383611 0.908876923076923 0.09741154562383611 0.908876923076923 0.42973929236499064 0.8059230769230767 0.42973929236499064
24 0.8165615384615384 0.09740223463687152 0.8923 0.09740223463687152 0.8923 0.1489664804469274 0.8165615384615384 0.1489664804469274
24 0.2213076923076923 0.4426350093109869 0.26983076923076926 0.4426350093109869 0.26983076923076926 0.48418063314711357 0.2213076923076923 0.48418063314711357
24 0.7633153846153846 0.4497858472998138 0.8153923076923076 0.4497858472998138 0.8153923076923076 0.48559590316573553 0.7633153846153846 0.48559590316573553
24 0.6177538461538461 0.50280260707635 0.6615384615384615 0.50280260707635 0.6615384615384615 0.5543668528864061 0.6177538461538461 0.5543668528864061
25 0.73046875 0.1430291259310987 0.7333984375 0.0945647113594041 0.6708984375 0.09220059357541899 0.6640625 0.09811088803538175 0.6630859375 0.14184706703910616
21 0.6189307692307693 0.09311918063314711 0.9053153846153846 0.09311918063314711 0.9053153846153846 0.1475512104283054 0.6189307692307693 0.1475512104283054
21 0.6177538461538462 0.09024208566108007 0.6568 0.09024208566108007 0.6568 0.19910614525139664 0.6177538461538462 0.19910614525139664
3 0.37396153846153846 0.1905214152700186 0.6141923076923076 0.1905214152700186 0.6141923076923076 0.5973370577281192 0.37396153846153846 0.5973370577281192
7 0.0662769230769231 0.6159590316573558 0.47929230769230763 0.6159590316573558 0.47929230769230763 0.9540223463687152 0.0662769230769231 0.9540223463687152
8 0.06627692307692308 0.6302886405959032 0.13609230769230768 0.6302886405959032 0.13609230769230768 0.7434543761638734 0.06627692307692308 0.7434543761638734
8 0.07100769230769231 0.6216852886405958 0.23431538461538462 0.6216852886405958 0.23431538461538462 0.6847206703910614 0.07100769230769231 0.6847206703910614
28 0.4378769230769231 0.6875791433891993 0.48166153846153853 0.6875791433891993 0.48166153846153853 0.863780260707635 0.4378769230769231 0.863780260707635
28 0.6295769230769231 0.6116666666666666 0.7408230769230769 0.6116666666666666 0.7408230769230769 0.6474767225325885 0.6295769230769231 0.6474767225325885
28 0.0639076923076923 0.15900372439478586 0.09941538461538463 0.15900372439478586 0.09941538461538463 0.3151489757914339 0.0639076923076923 0.3151489757914339
12 0.06508461538461538 0.37816573556797023 0.24377692307692306 0.37816573556797023 0.24377692307692306 0.42686219739292364 0.06508461538461538 0.42686219739292364
12 0.4946692307692307 0.752048417132216 0.5372692307692308 0.752048417132216 0.5372692307692308 0.9568901303538175 0.4946692307692307 0.9568901303538175
4 0.43904615384615386 0.267877094972067 0.562123076923077 0.267877094972067 0.562123076923077 0.5099627560521416 0.43904615384615386 0.5099627560521416
1 0.6189307692307693 0.74487895716946 0.7562076923076924 0.74487895716946 0.7562076923076924 0.9497206703910615 0.6189307692307693 0.9497206703910615
1 0.21183846153846153 0.13893854748603351 0.3597615384615385 0.13893854748603351 0.3597615384615385 0.2778957169459963 0.21183846153846153 0.2778957169459963
16 0.28993846153846153 0.3452234636871509 0.3585846153846154 0.3452234636871509 0.3585846153846154 0.43116387337057727 0.28993846153846153 0.43116387337057727
16 0.20828461538461537 0.5142551210428304 0.28165384615384614 0.5142551210428304 0.28165384615384614 0.5930446927374302 0.20828461538461537 0.5930446927374302
16 0.5053230769230769 0.595903165735568 0.5798769230769231 0.595903165735568 0.5798769230769231 0.6918808193668529 0.5053230769230769 0.6918808193668529
16 0.7574 0.5257169459962756 0.8189384615384615 0.5257169459962756 0.8189384615384615 0.6102234636871509 0.7574 0.6102234636871509
16 0.055630769230769234 0.8494599627560522 0.1585846153846154 0.8494599627560522 0.1585846153846154 0.9525884543761639 0.055630769230769234 0.9525884543761639
15 0.07456153846153847 0.5228491620111732 0.1349153846153846 0.5228491620111732 0.1349153846153846 0.5758472998137802 0.07456153846153847 0.5758472998137802
15 0.8331384615384615 0.5070856610800745 0.8923076923076924 0.5070856610800745 0.8923076923076924 0.5514990689013036 0.8331384615384615 0.5514990689013036
16 0.4059153846153847 0.1704655493482309 0.5787 0.1704655493482309 0.5787 0.21631284916201116 0.4059153846153847 0.21631284916201116
16 0.817746153846154 0.6589199255121042 0.8390538461538462 0.6589199255121042 0.8390538461538462 0.8694972067039106 0.817746153846154 0.8694972067039106
19 0.7278461538461538 0.3389478584729982 0.7971999999999999 0.3389478584729982 0.7971999999999999 0.42987895716945995 0.7278461538461538 0.42987895716945995
32 0.8218692307692308 0.3410055865921788 0.8933307692307694 0.3410055865921788 0.8933307692307694 0.4298696461824953 0.8218692307692308 0.4298696461824953