29 0.020813253012048193 0.1386223277909739 0.11301204819277107 0.1386223277909739 0.11301204819277107 0.3638004750593824 0.020813253012048193 0.3638004750593824
27 0.5643524096385543 0.14078384798099763 0.6770030120481927 0.14078384798099763 0.6770030120481927 0.3897149643705463 0.5643524096385543 0.3897149643705463
27 0.02355421686746987 0.46901425178147266 0.12397590361445782 0.46901425178147266 0.12397590361445782 0.7180641330166271 0.02355421686746987 0.7180641330166271
2 0.12349397590361445 0.3718408551068884 0.34846385542168673 0.3718408551068884 0.34846385542168673 0.8009857482185273 0.12349397590361445 0.8009857482185273
2 0.5657153614457832 0.4949287410926366 0.7810316265060241 0.4949287410926366 0.7810316265060241 0.849394299287411 0.5657153614457832 0.849394299287411
2 0.7792996987951808 0.38263657957244657 0.9891039156626505 0.38263657957244657 0.9891039156626505 0.7526128266033255 0.7792996987951808 0.7526128266033255
1 0.7834111445783132 0.5208432304038005 0.8982153614457831 0.5208432304038005 0.8982153614457831 0.69041567695962 0.7834111445783132 0.69041567695962
1 0.6464984939759036 0.6093705463182898 0.7711822289156627 0.6093705463182898 0.7711822289156627 0.7871615201900238 0.6464984939759036 0.7871615201900238
1 0.22070783132530122 0.5899406175771971 0.34628012048192774 0.5899406175771971 0.34628012048192774 0.7578028503562945 0.22070783132530122 0.7578028503562945
6 0.10979668674698793 0.1386223277909739 0.3484563253012048 0.1386223277909739 0.3484563253012048 0.3638004750593824 0.10979668674698793 0.3638004750593824
3 0.35213855421686746 0.1364726840855107 0.5565361445783132 0.1364726840855107 0.5565361445783132 0.5020546318289787 0.35213855421686746 0.5020546318289787
7 0.3507680722891567 0.49061757719714966 0.5554367469879518 0.49061757719714966 0.5554367469879518 0.8113776722090261 0.3507680722891567 0.8113776722090261
4 0.395941265060241 0.22500000000000003 0.537914156626506 0.22500000000000003 0.537914156626506 0.41390736342042755 0.395941265060241 0.41390736342042755
8 0.4260692771084337 0.535938242280285 0.5116415662650603 0.535938242280285 0.5116415662650603 0.6057244655581947 0.4260692771084337 0.6057244655581947
8 0.5095783132530121 0.6007244655581948 0.5565361445783132 0.6007244655581948 0.5565361445783132 0.7180403800475059 0.5095783132530121 0.7180403800475059
0 0.16456733528128845 0.818829628078038 0.16558124111186584 0.9323269881445924 0.3451790394595106 0.9271429007810577 0.34298885603032825 0.9081348001761278 0.569676266506531 0.9046788298249834 0.569676266506531 0.8562944538880538 0.5554399071165615 0.8200062378537658
12 0.12896837349397589 0.37832541567695965 0.34434487951807224 0.37832541567695965 0.34434487951807224 0.43811163895486943 0.12896837349397589 0.43811163895486943
12 0.6423795180722891 0.5035748218527316 0.7703614457831325 0.5035748218527316 0.7703614457831325 0.559085510688836 0.6423795180722891 0.559085510688836
12 0.8395481927710844 0.3891092636579572 0.9773493975903615 0.3891092636579572 0.9773493975903615 0.4519358669833729 0.8395481927710844 0.4519358669833729
28 0.9655045180722892 0.5186935866983373 0.9839231927710844 0.5186935866983373 0.9839231927710844 0.678313539192399 0.9655045180722892 0.678313539192399
28 0.567078313253012 0.6374465558194775 0.6028012048192771 0.6374465558194775 0.6028012048192771 0.8372802850356295 0.567078313253012 0.8372802850356295
28 0.3507605421686747 0.5834560570071259 0.37282379518072284 0.5834560570071259 0.37282379518072284 0.7940736342042756 0.3507605421686747 0.7940736342042756
28 0.1289683734939759 0.5834560570071259 0.1516039156626506 0.5834560570071259 0.1516039156626506 0.7923634204275535 0.1289683734939759 0.7923634204275535
16 0.36856927710843373 0.12999999999999998 0.4264909638554217 0.12999999999999998 0.4264909638554217 0.22558194774346793 0.36856927710843373 0.22558194774346793
16 0.6629292168674699 0.40638954869358673 0.7177936746987951 0.40638954869358673 0.7177936746987951 0.4899524940617577 0.6629292168674699 0.4899524940617577
16 0.3028463855421687 0.44309976247030874 0.34983433734939756 0.44309976247030874 0.34983433734939756 0.5176128266033254 0.3028463855421687 0.5176128266033254
16 0.6273343373493976 0.32218527315914486 0.6739909638554217 0.32218527315914486 0.6739909638554217 0.38109263657957243 0.6273343373493976 0.38109263657957243
16 0.09063253012048192 0.47549881235154395 0.13189759036144577 0.47549881235154395 0.13189759036144577 0.5504394299287412 0.09063253012048192 0.5504394299287412
16 0.5657153614457832 0.4927672209026129 0.6192243975903614 0.4927672209026129 0.6192243975903614 0.576353919239905 0.5657153614457832 0.576353919239905
25 0.17825301204819274 0.14294536817102138 0.2238855421686747 0.14294536817102138 0.2238855421686747 0.20137767220902614 0.17825301204819274 0.20137767220902614
24 0.11390060240963856 0.3156888361045131 0.1767921686746988 0.3156888361045131 0.1767921686746988 0.36725653206650827 0.11390060240963856 0.36725653206650827
24 0.03314006024096386 0.4819714964370546 0.06399849397590361 0.4819714964370546 0.06399849397590361 0.5366033254156769 0.03314006024096386 0.5366033254156769
24 0.5711897590361447 0.3264845605700713 0.6071837349397591 0.3264845605700713 0.6071837349397591 0.37935866983372923 0.5711897590361447 0.37935866983372923
15 0.5766792168674698 0.2681947743467934 0.6148569277108433 0.2681947743467934 0.6148569277108433 0.30852731591448934 0.5766792168674698 0.30852731591448934
15 0.03586596385542169 0.5661757719714964 0.07166415662650602 0.5661757719714964 0.07166415662650602 0.6039904988123516 0.03586596385542169 0.6039904988123516
21 0.11390813253012047 0.14121140142517816 0.2827484939759036 0.14121140142517816 0.2827484939759036 0.20876484560570072 0.11390813253012047 0.20876484560570072
21 0.11390813253012047 0.30749406175771976 0.2827484939759036 0.30749406175771976 0.2827484939759036 0.3624346793349169 0.11390813253012047 0.3624346793349169
19 0.2808584337349398 0.1441211401425178 0.33875 0.1441211401425178 0.33875 0.21017814726840855 0.2808584337349398 0.21017814726840855
32 0.06499999999999999 0.1441211401425178 0.10662650602409639 0.1441211401425178 0.10662650602409639 0.21017814726840855 0.06499999999999999 0.21017814726840855