2 0.08337672281776418 0.6767032258064517 0.32330015313935684 0.6767032258064517 0.32330015313935684 0.977774193548387 0.08337672281776418 0.977774193548387
2 0.568323124042879 0.14336774193548388 0.8337595712098008 0.14336774193548388 0.8337595712098008 0.3469548387096774 0.568323124042879 0.3469548387096774
2 0.5679785604900459 0.6724 0.8317151607963247 0.6724 0.8317151607963247 0.8759870967741935 0.5679785604900459 0.8759870967741935
27 0.3828407350689127 0.14194193548387096 0.5649081163859112 0.14194193548387096 0.5649081163859112 0.2466 0.3828407350689127 0.2466
27 0.3249923430321593 0.6924774193548386 0.444104134762634 0.6924774193548386 0.444104134762634 0.8731225806451612 0.3249923430321593 0.8731225806451612
27 0.44921133231240423 0.6939096774193548 0.5700229709035222 0.6939096774193548 0.5700229709035222 0.8774193548387097 0.44921133231240423 0.8774193548387097
0 0.6210566615620213 0.03583870967741935 0.7673966309341501 0.03583870967741935 0.7673966309341501 0.14336129032258063 0.6210566615620213 0.14336129032258063
0 0.7469831546707504 0.35269032258064514 0.9035222052067381 0.35269032258064514 0.9035222052067381 0.5734774193548386 0.7469831546707504 0.5734774193548386
14 0.32499234303215924 0.8774193548387097 0.3930474732006125 0.8774193548387097 0.3930474732006125 0.9734709677419355 0.32499234303215924 0.9734709677419355
30 0.38284839203675347 0.2465935483870968 0.5666156202143952 0.2465935483870968 0.5666156202143952 0.3555483870967742 0.38284839203675347 0.3555483870967742
3 0.09188361408882083 0.40573548387096775 0.3590199081163859 0.40573548387096775 0.3590199081163859 0.5648709677419356 0.09188361408882083 0.5648709677419356
7 0.3658269525267995 0.3698967741935484 0.7435758039816233 0.3698967741935484 0.7435758039816233 0.5734838709677419 0.3658269525267995 0.5734838709677419
5 0.1667534456355283 0.5763483870967742 0.5581163859111792 0.5763483870967742 0.5581163859111792 0.6724 0.1667534456355283 0.6724
26 0.5632082695252679 0.576341935483871 0.8439586523736601 0.576341935483871 0.8439586523736601 0.6752709677419355 0.5632082695252679 0.6752709677419355
6 0.08336906584992343 0.15196774193548387 0.26033690658499237 0.15196774193548387 0.26033690658499237 0.3956967741935483 0.08336906584992343 0.3956967741935483
29 0.2637366003062787 0.14910967741935485 0.37944869831546707 0.14910967741935485 0.37944869831546707 0.2967741935483871 0.2637366003062787 0.2967741935483871
4 0.12813169984686068 0.43483870967741933 0.2973813169984686 0.43483870967741933 0.2973813169984686 0.536567741935484 0.12813169984686068 0.536567741935484
1 0.6488055130168453 0.22838709677419355 0.765405819295559 0.22838709677419355 0.765405819295559 0.3507096774193548 0.6488055130168453 0.3507096774193548
1 0.6232771822358346 0.7466645161290322 0.7429402756508422 0.7466645161290322 0.7429402756508422 0.8669870967741935 0.6232771822358346 0.8669870967741935
1 0.08473200612557429 0.7896774193548387 0.228468606431853 0.7896774193548387 0.228468606431853 0.8842064516129032 0.08473200612557429 0.8842064516129032
12 0.07963246554364473 0.677858064516129 0.2488820826952527 0.677858064516129 0.2488820826952527 0.7138322580645161 0.07963246554364473 0.7138322580645161
12 0.7839663093415007 0.6719935483870967 0.8310719754977028 0.6719935483870967 0.8310719754977028 0.7794387096774192 0.7839663093415007 0.7794387096774192
12 0.3805436447166922 0.24873548387096775 0.4339127105666157 0.24873548387096775 0.4339127105666157 0.3465677419354839 0.3805436447166922 0.3465677419354839
12 0.3842572741194487 0.2497806451612903 0.5667381316998469 0.2497806451612903 0.5667381316998469 0.2830451612903226 0.3842572741194487 0.2830451612903226
8 0.5085451761102604 0.42686451612903226 0.554915773353752 0.42686451612903226 0.554915773353752 0.5231225806451613 0.5085451761102604 0.5231225806451613
8 0.5686676875957121 0.5216451612903227 0.7162633996937212 0.5216451612903227 0.7162633996937212 0.5610387096774193 0.5686676875957121 0.5610387096774193
8 0.6753522205206738 0.4775290322580645 0.7224732006125574 0.4775290322580645 0.7224732006125574 0.5597354838709677 0.6753522205206738 0.5597354838709677
8 0.6035987748851455 0.46280645161290324 0.6480091883614089 0.46280645161290324 0.6480091883614089 0.4917225806451613 0.6035987748851455 0.4917225806451613
28 0.5473506891271057 0.359858064516129 0.739540581929556 0.359858064516129 0.739540581929556 0.39495483870967746 0.5473506891271057 0.39495483870967746
25 0.08746554364471669 0.22578064516129032 0.13342266462480856 0.22578064516129032 0.13342266462480856 0.2674838709677419 0.08746554364471669 0.2674838709677419
24 0.2849310872894334 0.14821290322580646 0.3727718223583461 0.14821290322580646 0.3727718223583461 0.18417419354838713 0.2849310872894334 0.18417419354838713
24 0.5211638591117917 0.14923225806451612 0.5617457886676875 0.14923225806451612 0.5617457886676875 0.17600645161290324 0.5211638591117917 0.17600645161290324
24 0.4496860643185299 0.7075806451612904 0.48323889739663095 0.7075806451612904 0.48323889739663095 0.7362903225806452 0.4496860643185299 0.7362903225806452
24 0.41212863705972436 0.7790322580645161 0.43963246554364477 0.7790322580645161 0.43963246554364477 0.8089935483870968 0.41212863705972436 0.8089935483870968
15 0.37094946401225115 0.8341419354838708 0.3989433384379785 0.8341419354838708 0.3989433384379785 0.8653161290322581 0.37094946401225115 0.8653161290322581
15 0.4727029096477795 0.7749354838709678 0.5006814701378254 0.7749354838709678 0.5006814701378254 0.8056838709677419 0.4727029096477795 0.8056838709677419
15 0.4787595712098009 0.1563741935483871 0.5113476263399693 0.1563741935483871 0.5113476263399693 0.1874709677419355 0.4787595712098009 0.1874709677419355
16 0.43514548238897394 0.29928387096774195 0.50843797856049 0.29928387096774195 0.50843797856049 0.3557354838709677 0.43514548238897394 0.3557354838709677
16 0.1649923430321593 0.6003935483870968 0.24970903522205207 0.6003935483870968 0.24970903522205207 0.6668838709677419 0.1649923430321593 0.6668838709677419
16 0.24980091883614086 0.6800193548387097 0.3165696784073507 0.6800193548387097 0.3165696784073507 0.737141935483871 0.24980091883614086 0.737141935483871
16 0.5042113323124043 0.6973677419354838 0.5627105666156202 0.6973677419354838 0.5627105666156202 0.750141935483871 0.5042113323124043 0.750141935483871
16 0.5744563552833079 0.6759354838709678 0.6411944869831547 0.6759354838709678 0.6411944869831547 0.7329935483870968 0.5744563552833079 0.7329935483870968
16 0.5042036753445636 0.19006451612903225 0.5646477794793262 0.19006451612903225 0.5646477794793262 0.24301935483870968 0.5042036753445636 0.24301935483870968
16 0.3273353751914242 0.7790258064516129 0.39603369065849925 0.7790258064516129 0.39603369065849925 0.8285612903225807 0.3273353751914242 0.8285612903225807
21 0.08728177641653903 0.14709677419354836 0.13813935681470138 0.14709677419354836 0.13813935681470138 0.3592258064516129 0.08728177641653903 0.3592258064516129
21 0.07964012251148544 0.31913548387096774 0.1953062787136294 0.31913548387096774 0.1953062787136294 0.36094193548387093 0.07964012251148544 0.36094193548387093
21 0.08728943338437979 0.1453741935483871 0.3769984686064319 0.1453741935483871 0.3769984686064319 0.18556774193548387 0.08728943338437979 0.18556774193548387
32 0.2729555895865238 0.2606129032258065 0.3226339969372129 0.2606129032258065 0.3226339969372129 0.2934774193548387 0.2729555895865238 0.2934774193548387
19 0.2688361408882083 0.3097806451612903 0.32341500765696785 0.3097806451612903 0.32341500765696785 0.3456258064516129 0.2688361408882083 0.3456258064516129