2 0.08402203856749312 0.6572637517630465 0.4022038567493113 0.6572637517630465 0.4022038567493113 0.9097320169252469 0.08402203856749312 0.9097320169252469
2 0.5454545454545454 0.09873060648801128 0.8815426997245179 0.09873060648801128 0.8815426997245179 0.36530324400564174 0.5454545454545454 0.36530324400564174
27 0.40771349862258954 0.6572637517630465 0.6060606060606061 0.6572637517630465 0.6060606060606061 0.7743300423131171 0.40771349862258954 0.7743300423131171
27 0.33746556473829203 0.09449929478138223 0.5399449035812672 0.09449929478138223 0.5399449035812672 0.22566995768688294 0.33746556473829203 0.22566995768688294
26 0.6170798898071626 0.6473906911142454 0.8319559228650137 0.6473906911142454 0.8319559228650137 0.7813822284908322 0.6170798898071626 0.7813822284908322
0 0.837465564738292 0.36812411847672777 0.9600550964187328 0.36812411847672777 0.9600550964187328 0.7856135401974612 0.837465564738292 0.7856135401974612
14 0.8870523415977961 0.22708039492242596 0.9573002754820936 0.22708039492242596 0.9573002754820936 0.3695345557122708 0.8870523415977961 0.3695345557122708
6 0.07988980716253444 0.22002820874471085 0.26170798898071623 0.22002820874471085 0.26170798898071623 0.5148095909732017 0.07988980716253444 0.5148095909732017
29 0.26584022038567495 0.229901269393512 0.40082644628099173 0.229901269393512 0.40082644628099173 0.36812411847672777 0.26584022038567495 0.36812411847672777
5 0.21074380165289255 0.5218617771509168 0.3512396694214876 0.5218617771509168 0.3512396694214876 0.6459802538787024 0.21074380165289255 0.6459802538787024
3 0.3071625344352617 0.4076163610719323 0.5730027548209367 0.4076163610719323 0.5730027548209367 0.6050775740479548 0.3071625344352617 0.6050775740479548
7 0.5702479338842975 0.36671368124118475 0.837465564738292 0.36671368124118475 0.837465564738292 0.6473906911142454 0.5702479338842975 0.6473906911142454
14 0.4022038567493113 0.7940761636107193 0.4903581267217631 0.7940761636107193 0.4903581267217631 0.918194640338505 0.4022038567493113 0.918194640338505
12 0.4931129476584022 0.231311706629055 0.5454545454545454 0.231311706629055 0.5454545454545454 0.35825105782792666 0.4931129476584022 0.35825105782792666
4 0.3408057851239669 0.4456911142454161 0.5232162534435262 0.4456911142454161 0.5232162534435262 0.5833356840620593 0.3408057851239669 0.5833356840620593
16 0.5513576971457167 0.29457989273209645 0.5830244355265868 0.3043936005760847 0.5987636561747993 0.315680464564162 0.614502876823012 0.33825431555790786 0.6270943013738718 0.3592157134756457 0.6255202832444713 0.37372748361573893 0.5468241800034082 0.3705026389725186
16 0.32647509092843185 0.6575127050607955 0.40359729612081824 0.651063077283151 0.4051711941694945 0.7284590411764577 0.3721188548243931 0.7155597241123723 0.34536222775472125 0.7042727986154996 0.3359187193819385 0.6929859961362178 0.334344701252538 0.6704120221248809 0.3264750909284317 0.6542878604175755
8 0.5946487603305786 0.46383638928067705 0.6542493112947658 0.46383638928067705 0.6542493112947658 0.5897884344146685 0.5946487603305786 0.5897884344146685
8 0.696969696969697 0.5927856135401975 0.8273829201101929 0.5927856135401975 0.8273829201101929 0.6494428772919605 0.696969696969697 0.6494428772919605
8 0.7835468319559229 0.5363681241184768 0.8321005509641873 0.5363681241184768 0.8321005509641873 0.6446191819464034 0.7835468319559229 0.6446191819464034
8 0.7048415977961433 0.5121861777150918 0.7455440771349862 0.5121861777150918 0.7455440771349862 0.5591537376586742 0.7048415977961433 0.5591537376586742
28 0.681232782369146 0.37516925246826516 0.8273898071625344 0.37516925246826516 0.8273898071625344 0.41241889985895624 0.681232782369146 0.41241889985895624
12 0.8268388429752066 0.0930888575458392 0.8824724517906337 0.0930888575458392 0.8824724517906337 0.23506346967559943 0.8268388429752066 0.23506346967559943
12 0.0791046831955923 0.6572637517630465 0.13012396694214876 0.6572637517630465 0.13012396694214876 0.9122708039492242 0.0791046831955923 0.9122708039492242
1 0.205034435261708 0.7439069111424542 0.3174173553719008 0.7439069111424542 0.3174173553719008 0.9138928067700988 0.205034435261708 0.9138928067700988
1 0.6595867768595041 0.20389985895627644 0.7896143250688705 0.20389985895627644 0.7896143250688705 0.36566290550070524 0.6595867768595041 0.36566290550070524
15 0.44145654032631254 0.10886864353565734 0.44304380257356213 0.14397603898644504 0.45648945100449184 0.1517240081279388 0.4690947584298464 0.145697809906777 0.4783386377189915 0.1302019537239115 0.4774982967134162 0.1078189810196694
15 0.49083411659005616 0.6671969594352172 0.4917842861499213 0.7009016898755954 0.5043895935752758 0.7086496097570157 0.5144738779839046 0.7069278716767327 0.5203563291368402 0.6991799846353609 0.5220370111479903 0.6647446975889174
24 0.528655238834626 0.16803638414158373 0.505229934580851 0.16721986431080427 0.4968263962972812 0.17668955511255674 0.4951457142861308 0.18960278775497316 0.5043895935752757 0.1982116095165841 0.5169949010006302 0.20595954581802908 0.5296002084259849 0.205959545818029
24 0.41414128537190115 0.6585907426198097 0.41447175958664334 0.6828231444721831 0.4287577490231482 0.6922928681139843 0.44052271544292776 0.6914319662337939 0.4455648255902877 0.6879884572331789 0.45312802286828235 0.681962341112139 0.45732979201006724 0.6742143227105721 0.456489451004492 0.6587184501076822
25 0.07900411881585365 0.3476911601632148 0.12623037081463842 0.34542248134416015 0.12791108488274328 0.3962145100336354 0.0783301961869002 0.3962145100336354
24 0.23554154143921127 0.22935567895136197 0.23715711462610414 0.27310836541060884 0.32119249746180123 0.27396923445075044 0.32203283846737646 0.22662073118191475
19 0.08237603305785125 0.4533850493653032 0.133133608815427 0.4533850493653032 0.133133608815427 0.508392101551481 0.08237603305785125 0.508392101551481
32 0.34022727272727277 0.2328420310296192 0.39850550964187337 0.2328420310296192 0.39850550964187337 0.28625528913963333 0.34022727272727277 0.28625528913963333