2 0.047727272727272715 0.03883895131086142 0.29081418581418583 0.03883895131086142 0.29081418581418583 0.3162671660424469 0.047727272727272715 0.3162671660424469
2 0.5328021978021978 0.5312858926342072 0.7736713286713286 0.5312858926342072 0.7736713286713286 0.8808489388264669 0.5328021978021978 0.8808489388264669
2 0.05217282717282718 0.5798377028714107 0.28860639360639356 0.5798377028714107 0.28860639360639356 0.8600374531835205 0.05217282717282718 0.8600374531835205
6 0.5339110889110888 0.04716604244694132 0.7703446553446553 0.04716604244694132 0.7703446553446553 0.2968539325842697 0.5339110889110888 0.2968539325842697
27 0.048846153846153845 0.32598002496878903 0.21201298701298704 0.32598002496878903 0.21201298701298704 0.4480524344569288 0.048846153846153845 0.4480524344569288
27 0.049955044955044936 0.45360174781523094 0.2131218781218781 0.45360174781523094 0.2131218781218781 0.5770599250936329 0.049955044955044936 0.5770599250936329
27 0.6105044955044955 0.40504993757802743 0.7714535464535464 0.40504993757802743 0.7714535464535464 0.5312796504369538 0.6105044955044955 0.5312796504369538
0 0.048841158841158853 0.862808988764045 0.2930369630369631 0.862808988764045 0.2930369630369631 0.9807116104868915 0.048841158841158853 0.9807116104868915
0 0.7747752247752249 0.5326591760299626 0.8702397602397602 0.5326591760299626 0.8702397602397602 0.88916354556804 0.7747752247752249 0.88916354556804
0 0.2963686313686314 0.7837453183520598 0.5328021978021978 0.7837453183520598 0.5328021978021978 0.9363295880149812 0.2963686313686314 0.9363295880149812
16 0.5450049950049951 0.5312734082397004 0.6005094905094905 0.5312734082397004 0.6005094905094905 0.6034082397003745 0.5450049950049951 0.6034082397003745
16 0.6693306693306693 0.47717852684144824 0.7148451548451548 0.47717852684144824 0.7148451548451548 0.5340574282147316 0.6693306693306693 0.5340574282147316
16 0.21533966033966034 0.577059925093633 0.2763886113886114 0.577059925093633 0.2763886113886114 0.6505805243445693 0.21533966033966034 0.6505805243445693
16 0.21867132867132869 0.24830836454431962 0.2730569430569431 0.24830836454431962 0.2730569430569431 0.3273720349563046 0.21867132867132869 0.3273720349563046
16 0.30524475524475525 0.04578027465667915 0.37295704295704296 0.04578027465667915 0.37295704295704296 0.12622971285892634 0.30524475524475525 0.12622971285892634
16 0.10544955044955043 0.5243445692883895 0.15207292707292708 0.5243445692883895 0.15207292707292708 0.5867665418227216 0.10544955044955043 0.5867665418227216
16 0.1687212787212787 0.3287515605493134 0.22422577422577422 0.3287515605493134 0.22422577422577422 0.38563046192259676 0.1687212787212787 0.38563046192259676
12 0.5350249750249749 0.7046691635455681 0.5694305694305695 0.7046691635455681 0.5694305694305695 0.8794506866416979 0.5350249750249749 0.8794506866416979
12 0.05106393606393607 0.7379650436953807 0.08436063936063935 0.7379650436953807 0.08436063936063935 0.8572659176029962 0.05106393606393607 0.8572659176029962
12 0.24863636363636363 0.04576779026217228 0.2874875124875125 0.04576779026217228 0.2874875124875125 0.21500624219725342 0.24863636363636363 0.21500624219725342
1 0.6216033966033966 0.7102247191011236 0.7226123876123876 0.7102247191011236 0.7226123876123876 0.8780649188514358 0.6216033966033966 0.8780649188514358
1 0.10545454545454545 0.048551810237203494 0.19536463536463536 0.048551810237203494 0.19536463536463536 0.2108489388264669 0.10545454545454545 0.2108489388264669
1 0.15984015984015984 0.6894132334581773 0.28527472527472525 0.6894132334581773 0.28527472527472525 0.8045443196004994 0.15984015984015984 0.8045443196004994
16 0.10322677322677322 0.851716604244694 0.23531468531468533 0.851716604244694 0.23531468531468533 0.8752996254681648 0.10322677322677322 0.8752996254681648
16 0.3441008991008991 0.7726466916354556 0.48063436563436557 0.7726466916354556 0.48063436563436557 0.7976154806491885 0.3441008991008991 0.7976154806491885
28 0.6071678321678321 0.5368227215980025 0.6637812187812189 0.5368227215980025 0.6637812187812189 0.5576342072409488 0.6071678321678321 0.5576342072409488
28 0.11877122877122878 0.2885268414481898 0.18314685314685317 0.2885268414481898 0.18314685314685317 0.31072409488139824 0.11877122877122878 0.31072409488139824
28 0.05216783216783217 0.6450249687890137 0.07214785214785215 0.6450249687890137 0.07214785214785215 0.7282584269662922 0.05216783216783217 0.7282584269662922
28 0.2919280719280719 0.16090511860174783 0.3141258741258741 0.16090511860174783 0.3141258741258741 0.25939450686641696 0.2919280719280719 0.25939450686641696
8 0.48729270729270724 0.12761548064918854 0.5272527472527472 0.12761548064918854 0.5272527472527472 0.2677153558052434 0.48729270729270724 0.2677153558052434
8 0.45287712287712284 0.21917602996254681 0.525024975024975 0.21917602996254681 0.525024975024975 0.2691136079900125 0.45287712287712284 0.2691136079900125
29 0.656008991008991 0.29823345817727837 0.7747802197802198 0.29823345817727837 0.7747802197802198 0.3994943820224719 0.656008991008991 0.3994943820224719
7 0.28637362637362634 0.041610486891385766 0.5316883116883118 0.041610486891385766 0.5316883116883118 0.3315230961298377 0.28637362637362634 0.3315230961298377
3 0.28305694305694307 0.32875780274656674 0.5272527472527472 0.32875780274656674 0.5272527472527472 0.7768102372034955 0.28305694305694307 0.7768102372034955
4 0.34521478521478516 0.5049188514357054 0.4695304695304695 0.5049188514357054 0.4695304695304695 0.729637952559301 0.34521478521478516 0.729637952559301
24 0.11877122877122875 0.4605305867665418 0.14874125874125874 0.4605305867665418 0.14874125874125874 0.48688514357053686 0.11877122877122875 0.48688514357053686
24 0.17315684315684315 0.40920724094881394 0.20090909090909093 0.40920724094881394 0.20090909090909093 0.43833333333333335 0.17315684315684315 0.43833333333333335
24 0.6049550449550449 0.31905118601747817 0.6393606393606394 0.31905118601747817 0.6393606393606394 0.38424469413233464 0.6049550449550449 0.38424469413233464
24 0.6804245754245755 0.41198501872659177 0.7170579420579422 0.41198501872659177 0.7170579420579422 0.43972534332084895 0.6804245754245755 0.43972534332084895
15 0.06326673326673327 0.39534332084893886 0.09323676323676323 0.39534332084893886 0.09323676323676323 0.4203121098626717 0.06326673326673327 0.4203121098626717
15 0.05993506493506493 0.466079900124844 0.09878621378621377 0.466079900124844 0.09878621378621377 0.5007615480649189 0.05993506493506493 0.5007615480649189
15 0.7259440559440559 0.4230898876404494 0.7581318681318682 0.4230898876404494 0.7581318681318682 0.4522159800249688 0.7259440559440559 0.4522159800249688
24 0.7314935064935065 0.21779026217228464 0.7725624375624375 0.21779026217228464 0.7725624375624375 0.2857553058676654 0.7314935064935065 0.2857553058676654
25 0.553886113886114 0.0596441947565543 0.6138261738261739 0.0596441947565543 0.6138261738261739 0.10125468164794006 0.553886113886114 0.10125468164794006
21 0.5294705294705294 0.04300873907615481 0.7647952047952047 0.04300873907615481 0.7647952047952047 0.09848938826466916 0.5294705294705294 0.09848938826466916
21 0.7292707292707292 0.04716604244694132 0.7692307692307693 0.04716604244694132 0.7692307692307693 0.2899126092384519 0.7292707292707292 0.2899126092384519
32 0.7255944055944056 0.3273283395755306 0.7677722277722278 0.3273283395755306 0.7677722277722278 0.3817852684144819 0.7255944055944056 0.3817852684144819