0 0.1058556701030928 0.06227447216890595 0.38742268041237116 0.06227447216890595 0.38742268041237116 0.16774472168905952 0.1058556701030928 0.16774472168905952
27 0.38762886597938145 0.07079654510556622 0.5175257731958763 0.07079654510556622 0.5175257731958763 0.23941458733205373 0.38762886597938145 0.23941458733205373
27 0.6762886597938145 0.446151631477927 0.8693608247422681 0.446151631477927 0.8693608247422681 0.548320537428023 0.6762886597938145 0.548320537428023
27 0.10354639175257732 0.7170057581573895 0.22981443298969073 0.7170057581573895 0.22981443298969073 0.8879462571976967 0.10354639175257732 0.8879462571976967
3 0.10583505154639175 0.16677543186180419 0.37824742268041234 0.16677543186180419 0.37824742268041234 0.36911708253358927 0.10583505154639175 0.36911708253358927
7 0.11042268041237115 0.36724568138195773 0.38924742268041235 0.36724568138195773 0.38924742268041235 0.6251151631477927 0.11042268041237115 0.6251151631477927
23 0.10584536082474229 0.6167658349328214 0.22982474226804125 0.6167658349328214 0.22982474226804125 0.6985124760076775 0.10584536082474229 0.6985124760076775
2 0.5182061855670103 0.06440499040307103 0.8271958762886598 0.06440499040307103 0.8271958762886598 0.323042226487524 0.5182061855670103 0.323042226487524
2 0.38763917525773195 0.32032629558541265 0.6714536082474226 0.32032629558541265 0.6714536082474226 0.5585604606525911 0.38763917525773195 0.5585604606525911
6 0.5021649484536083 0.5634357005758156 0.818041237113402 0.5634357005758156 0.818041237113402 0.7377543186180422 0.5021649484536083 0.7377543186180422
2 0.23414432989690723 0.6295489443378119 0.5083711340206185 0.6295489443378119 0.5083711340206185 0.9271880998080613 0.23414432989690723 0.9271880998080613
0 0.8229175257731959 0.06014395393474087 0.9206701030927834 0.06014395393474087 0.9206701030927834 0.3264587332053742 0.8229175257731959 0.3264587332053742
29 0.8229072164948454 0.5549232245681383 0.9151546391752577 0.5549232245681383 0.9151546391752577 0.7292226487523992 0.8229072164948454 0.7292226487523992
1 0.2868247422680412 0.7916410748560461 0.4405567010309278 0.7916410748560461 0.4405567010309278 0.9169577735124759 0.2868247422680412 0.9169577735124759
1 0.6029896907216495 0.18809980806142035 0.7667422680412371 0.18809980806142035 0.7667422680412371 0.31109404990403067 0.6029896907216495 0.31109404990403067
1 0.46092783505154644 0.322447216890595 0.6292989690721649 0.322447216890595 0.6292989690721649 0.46127639155470246 0.46092783505154644 0.46127639155470246
8 0.12875257731958764 0.4290882917466411 0.17302061855670103 0.4290882917466411 0.17302061855670103 0.5124856046065259 0.12875257731958764 0.5124856046065259
8 0.16769072164948454 0.3885796545105566 0.26463917525773195 0.3885796545105566 0.26463917525773195 0.4425143953934741 0.16769072164948454 0.4425143953934741
16 0.44239212299854486 0.6319443647067639 0.5083605233543594 0.6336510408885141 0.504695666592218 0.693383340085944 0.4753763930791139 0.6831434783045608 0.44788954794708086 0.674610292704928 0.4295649845257253 0.6558373104269516
16 0.4059564299872925 0.5037321406759212 0.4057429961558337 0.56026559264924 0.4643816829873655 0.56026559264924 0.45155440470922215 0.5431992214499742 0.43506226966893763 0.5295461375111696 0.4185702744339769 0.5141864424936544
16 0.3876288240308205 0.2030283658838547 0.43322984128786707 0.21723155758521612 0.44605711956601013 0.23429792878448175 0.3745912942616591 0.2360045398631925
16 0.513631114981565 0.26487524155030806 0.5138579483028957 0.3076833119207162 0.5761614918965688 0.30427002466025505 0.5615017852373552 0.28037714404310693 0.5376799366727876 0.2667240601043023 0.5285176549621097 0.2633107728438413 0.519355373251432 0.26160409666209106
16 0.10584188245006443 0.6231605902387278 0.10522012808454004 0.686556895771101 0.17302109662674955 0.6848501544863111 0.16202638653500098 0.6524241533725695 0.15103153663792848 0.642184226488147 0.12537725969228994 0.6268245965736711 0.11438240979521766 0.6251178552888812
4 0.16311340206185568 0.19662188099808062 0.3237319587628866 0.19662188099808062 0.3237319587628866 0.31109404990403067 0.16311340206185568 0.31109404990403067
12 0.5159278350515465 0.06866602687140115 0.5711237113402062 0.06866602687140115 0.5711237113402062 0.21893474088291745 0.5159278350515465 0.21893474088291745
12 0.3830412371134021 0.32672744721689057 0.4318453608247423 0.32672744721689057 0.4318453608247423 0.4851727447216891 0.3830412371134021 0.4851727447216891
12 0.224979381443299 0.6231573896353167 0.27976288659793813 0.6231573896353167 0.27976288659793813 0.7769961612284069 0.224979381443299 0.7769961612284069
28 0.35095876288659794 0.35871401151631477 0.3897010309278351 0.35871401151631477 0.3897010309278351 0.5141842610364683 0.35095876288659794 0.5141842610364683
28 0.48384536082474233 0.5335796545105567 0.6132680412371134 0.5335796545105567 0.6132680412371134 0.5619673704414587 0.48384536082474233 0.5619673704414587
28 0.31203092783505154 0.6274184261036468 0.42636082474226805 0.6274184261036468 0.42636082474226805 0.6643666026871401 0.31203092783505154 0.6643666026871401
28 0.6190103092783505 0.06654510556621882 0.8185154639175258 0.06654510556621882 0.8185154639175258 0.10800383877159309 0.6190103092783505 0.10800383877159309
15 0.455659793814433 0.15181381957773513 0.4960103092783505 0.15181381957773513 0.4960103092783505 0.18123800383877162 0.455659793814433 0.18123800383877162
15 0.7431443298969073 0.5011420345489443 0.7758247422680413 0.5011420345489443 0.7758247422680413 0.5421976967370442 0.7431443298969073 0.5421976967370442
24 0.6820927835051547 0.5129846449136276 0.7269793814432989 0.5129846449136276 0.7269793814432989 0.5412571976967371 0.6820927835051547 0.5412571976967371
24 0.178340206185567 0.8421976967370441 0.21922680412371132 0.8421976967370441 0.21922680412371132 0.8738867562380038 0.178340206185567 0.8738867562380038
24 0.4645670103092783 0.19563339731285992 0.5021134020618556 0.19563339731285992 0.5021134020618556 0.23999040307101727 0.4645670103092783 0.23999040307101727
15 0.1249278350515464 0.7995585412667946 0.1693814432989691 0.7995585412667946 0.1693814432989691 0.8255470249520153 0.1249278350515464 0.8255470249520153
24 0.7278865979381443 0.6918042226487524 0.7971855670103093 0.6918042226487524 0.7971855670103093 0.7232821497120921 0.7278865979381443 0.7232821497120921
25 0.6248453608247423 0.5639059500959693 0.6801855670103094 0.5639059500959693 0.6801855670103094 0.605767754318618 0.6248453608247423 0.605767754318618
21 0.5708969072164948 0.5596065259117081 0.807041237113402 0.5596065259117081 0.807041237113402 0.6060364683301344 0.5708969072164948 0.6060364683301344
21 0.577783505154639 0.6896928982725528 0.8088969072164949 0.6896928982725528 0.8088969072164949 0.7304990403071017 0.577783505154639 0.7304990403071017
16 0.18873195876288662 0.7839827255278311 0.22838144329896906 0.7839827255278311 0.22838144329896906 0.8297600767754318 0.18873195876288662 0.8297600767754318
16 0.675618556701031 0.45623800383877156 0.7182371134020618 0.45623800383877156 0.7182371134020618 0.4912476007677543 0.675618556701031 0.4912476007677543
19 0.5090309278350515 0.681679462571977 0.5749278350515464 0.681679462571977 0.5749278350515464 0.7244625719769674 0.5090309278350515 0.7244625719769674
32 0.820061855670103 0.5666890595009597 0.8627422680412371 0.5666890595009597 0.8627422680412371 0.6058253358925144 0.820061855670103 0.6058253358925144