2 0.06291834002677377 0.6559297218155198 0.3868808567603748 0.6559297218155198 0.3868808567603748 0.9428989751098097 0.06291834002677377 0.9428989751098097
2 0.5194109772423026 0.05417276720351391 0.8647925033467202 0.05417276720351391 0.8647925033467202 0.3484626647144949 0.5194109772423026 0.3484626647144949
0 0.8192771084337349 0.3528550512445095 0.9370816599732262 0.3528550512445095 0.9370816599732262 0.7862371888726208 0.8192771084337349 0.7862371888726208
27 0.3908969210174029 0.6500732064421669 0.5903614457831325 0.6500732064421669 0.5903614457831325 0.7950219619326501 0.3908969210174029 0.7950219619326501
27 0.31994645247657294 0.05124450951683748 0.5194109772423026 0.05124450951683748 0.5194109772423026 0.19326500732064422 0.31994645247657294 0.19326500732064422
26 0.5943775100401606 0.6530014641288433 0.8152610441767069 0.6530014641288433 0.8152610441767069 0.7891654465592972 0.5943775100401606 0.7891654465592972
7 0.5234270414993306 0.35871156661786235 0.8125836680053548 0.35871156661786235 0.8125836680053548 0.6442166910688141 0.5234270414993306 0.6442166910688141
3 0.3172690763052209 0.3601756954612006 0.5234270414993306 0.3601756954612006 0.5234270414993306 0.6427525622254758 0.3172690763052209 0.6427525622254758
29 0.23962516733601072 0.20351390922401172 0.3895582329317269 0.20351390922401172 0.3895582329317269 0.35431918008784774 0.23962516733601072 0.35431918008784774
6 0.0642570281124498 0.2020497803806735 0.23828647925033467 0.2020497803806735 0.23828647925033467 0.5065885797950219 0.0642570281124498 0.5065885797950219
5 0.19544846050870146 0.5490483162518301 0.5220883534136547 0.5490483162518301 0.5220883534136547 0.6427525622254758 0.19544846050870146 0.6427525622254758
14 0.8674698795180723 0.19326500732064422 0.9384203480589023 0.19326500732064422 0.9384203480589023 0.34992679355783307 0.8674698795180723 0.34992679355783307
14 0.392235609103079 0.7994143484626647 0.46586345381526106 0.7994143484626647 0.46586345381526106 0.9326500732064422 0.392235609103079 0.9326500732064422
4 0.33696117804551534 0.4375622254758419 0.5096519410977242 0.4375622254758419 0.5096519410977242 0.5549121522693997 0.33696117804551534 0.5549121522693997
8 0.5721887550200804 0.45428989751098103 0.6324163319946453 0.45428989751098103 0.6324163319946453 0.5917423133235725 0.5721887550200804 0.5917423133235725
8 0.6907697456492637 0.5902562225475843 0.8113989290495314 0.5902562225475843 0.8113989290495314 0.6402855051244509 0.6907697456492637 0.6402855051244509
8 0.7615194109772423 0.5316837481698389 0.8098594377510039 0.5316837481698389 0.8098594377510039 0.6319180087847731 0.7615194109772423 0.6319180087847731
8 0.6792838018741634 0.49612737920937044 0.7241967871485944 0.49612737920937044 0.7241967871485944 0.5448682284040995 0.6792838018741634 0.5448682284040995
28 0.669718875502008 0.3580893118594436 0.8175100401606427 0.3580893118594436 0.8175100401606427 0.40261346998535863 0.669718875502008 0.40261346998535863
1 0.6391298527443106 0.17193265007320643 0.7655020080321285 0.17193265007320643 0.7655020080321285 0.3540702781844802 0.6391298527443106 0.3540702781844802
1 0.1705823293172691 0.7617715959004392 0.30505354752342706 0.7617715959004392 0.30505354752342706 0.9281844802342607 0.1705823293172691 0.9281844802342607
12 0.8074163319946452 0.0527086383601757 0.863400267737617 0.0527086383601757 0.863400267737617 0.20676427525622254 0.8074163319946452 0.20676427525622254
12 0.06349397590361444 0.6529941434846267 0.10925033467202142 0.6529941434846267 0.10925033467202142 0.928177159590044 0.06349397590361444 0.928177159590044
12 0.4727443105756359 0.19912884333821376 0.5238018741633199 0.19912884333821376 0.5238018741633199 0.34570278184480235 0.4727443105756359 0.34570278184480235
15 0.4249598393574297 0.06611273792093704 0.45712851405622484 0.06611273792093704 0.45712851405622484 0.11640556368960468 0.4249598393574297 0.11640556368960468
15 0.47498661311914325 0.6635651537335285 0.5045046854082998 0.6635651537335285 0.5045046854082998 0.7105783308931186 0.47498661311914325 0.7105783308931186
24 0.39735609103078984 0.6575768667642753 0.4425100401606426 0.6575768667642753 0.4425100401606426 0.691822840409956 0.39735609103078984 0.691822840409956
24 0.48338018741633204 0.13611273792093706 0.5138621151271754 0.13611273792093706 0.5138621151271754 0.1789385065885798 0.48338018741633204 0.1789385065885798
25 0.06498661311914324 0.32541727672035137 0.112095046854083 0.32541727672035137 0.112095046854083 0.37592972181551976 0.06498661311914324 0.37592972181551976
24 0.217904953145917 0.20580527086383602 0.3049062918340027 0.20580527086383602 0.3049062918340027 0.2504758418740849 0.217904953145917 0.2504758418740849
16 0.5247858099062919 0.2754758418740849 0.6004886211512718 0.2754758418740849 0.6004886211512718 0.34619326500732067 0.5247858099062919 0.34619326500732067
16 0.39629852744310573 0.1186896046852123 0.4713855421686747 0.1186896046852123 0.4713855421686747 0.19191068814055634 0.39629852744310573 0.19191068814055634
16 0.1902878179384203 0.5519033674963396 0.2751740294511379 0.5519033674963396 0.2751740294511379 0.6444363103953148 0.1902878179384203 0.6444363103953148
16 0.39098393574297197 0.7121669106881405 0.4603413654618474 0.7121669106881405 0.4603413654618474 0.7856954612005856 0.39098393574297197 0.7856954612005856
16 0.30497991967871485 0.6517789165446559 0.37965194109772427 0.6517789165446559 0.37965194109772427 0.7290117130307467 0.30497991967871485 0.7290117130307467
21 0.06157295850066934 0.2016398243045388 0.11652610441767067 0.2016398243045388 0.11652610441767067 0.4353440702781845 0.06157295850066934 0.4353440702781845
21 0.06540829986613118 0.19744509516837486 0.3077376171352075 0.19744509516837486 0.3077376171352075 0.25365300146412884 0.06540829986613118 0.25365300146412884
32 0.3138821954484605 0.20432650073206443 0.3800133868808568 0.20432650073206443 0.3800133868808568 0.25807467057101025 0.3138821954484605 0.25807467057101025
19 0.061231593038821946 0.4381259150805271 0.118714859437751 0.4381259150805271 0.118714859437751 0.4981844802342606 0.061231593038821946 0.4981844802342606