2 0.09813874788494076 0.1128148854961832 0.34162436548223346 0.1128148854961832 0.34162436548223346 0.35726145038167934 0.09813874788494076 0.35726145038167934
2 0.1056514382402707 0.6132347328244275 0.38223350253807103 0.6132347328244275 0.38223350253807103 0.9206202290076335 0.1056514382402707 0.9206202290076335
2 0.3820304568527919 0.5114503816793893 0.6333671742808799 0.5114503816793893 0.6333671742808799 0.7916412213740459 0.3820304568527919 0.7916412213740459
1 0.13762267343485615 0.1064408396946565 0.2754737732656514 0.1064408396946565 0.2754737732656514 0.2622232824427481 0.13762267343485615 0.2622232824427481
1 0.24665820642978004 0.7022900763358778 0.37621827411167513 0.7022900763358778 0.37621827411167513 0.8612213740458015 0.24665820642978004 0.8612213740458015
1 0.5004653130287648 0.5814312977099237 0.6168274111675127 0.5814312977099237 0.6168274111675127 0.7407442748091604 0.5004653130287648 0.7407442748091604
27 0.3406598984771574 0.24214694656488553 0.4634348561759729 0.24214694656488553 0.4634348561759729 0.42682251908396945 0.3406598984771574 0.42682251908396945
27 0.10565143824027073 0.3608969465648855 0.26944162436548225 0.3608969465648855 0.26944162436548225 0.48620229007633586 0.10565143824027073 0.48620229007633586
27 0.10378172588832489 0.49235687022900765 0.26945008460236886 0.49235687022900765 0.26945008460236886 0.6032919847328244 0.10378172588832489 0.6032919847328244
0 0.3820219966159052 0.7934637404580154 0.6378764805414552 0.7934637404580154 0.6378764805414552 0.8968416030534351 0.3820219966159052 0.8968416030534351
0 0.6358375634517766 0.678969465648855 0.8709644670050761 0.678969465648855 0.8709644670050761 0.8018320610687023 0.6358375634517766 0.8018320610687023
29 0.46098984771573603 0.10857824427480917 0.6318697123519459 0.10857824427480917 0.6318697123519459 0.20962786259541985 0.46098984771573603 0.20962786259541985
6 0.4591032148900169 0.21458969465648853 0.6318612521150593 0.21458969465648853 0.6318612521150593 0.430219465648855 0.4591032148900169 0.430219465648855
23 0.6302030456852792 0.11279580152671756 0.8754822335025381 0.11279580152671756 0.8754822335025381 0.21979961832061068 0.6302030456852792 0.21979961832061068
3 0.6395939086294417 0.2294370229007634 0.8679526226734349 0.2294370229007634 0.8679526226734349 0.4675477099236641 0.6395939086294417 0.4675477099236641
7 0.641472081218274 0.4690362595419848 0.8664467005076141 0.4690362595419848 0.8664467005076141 0.6847423664122138 0.641472081218274 0.6847423664122138
4 0.6809644670050762 0.2464026717557252 0.8032994923857868 0.2464026717557252 0.8032994923857868 0.40645992366412215 0.6809644670050762 0.40645992366412215
12 0.29831641285956 0.10857824427480915 0.33792724196277496 0.10857824427480915 0.33792724196277496 0.30974236641221375 0.29831641285956 0.30974236641221375
12 0.45346023688663284 0.5008396946564886 0.630736040609137 0.5008396946564886 0.630736040609137 0.5506870229007633 0.45346023688663284 0.5506870229007633
12 0.10752961082910323 0.6132347328244274 0.2713197969543147 0.6132347328244274 0.2713197969543147 0.6542080152671755 0.10752961082910323 0.6542080152671755
28 0.37638747884940776 0.5983874045801526 0.4051692047377326 0.5983874045801526 0.4051692047377326 0.7814599236641222 0.37638747884940776 0.7814599236641222
28 0.10189509306260576 0.33544847328244276 0.26230118443316414 0.33544847328244276 0.26230118443316414 0.36233778625954194 0.10189509306260576 0.36233778625954194
28 0.10001692047377328 0.712881679389313 0.1374788494077834 0.712881679389313 0.1374788494077834 0.8527290076335877 0.10001692047377328 0.8527290076335877
24 0.46866328257191203 0.21658396946564887 0.5002030456852792 0.21658396946564887 0.5002030456852792 0.29230916030534354 0.46866328257191203 0.29230916030534354
15 0.18491375146874162 0.4678619664376015 0.18585595811471745 0.44120700959742554 0.18867652760534367 0.4348417790066408 0.1943176665865962 0.4297495993902987 0.20277937505847488 0.4297495993902987 0.2089846193301577 0.4342052656601335 0.21236929411121414 0.44184354722536057 0.21124108353035367 0.4711235982303987
15 0.18242661042920283 0.5088478700870813 0.18294580279078212 0.5431517981103919 0.18689462590074382 0.5469709510337192 0.19253576488199628 0.5507901282384743 0.19874100915367904 0.5520631306500614 0.20381804284450122 0.5482439777267339 0.20720271762555775 0.543788335738327 0.20945918182575377 0.5386961318405571 0.20889507653532352 0.5100525941820262
15 0.44292927476194394 0.3325202335959575 0.4133758155282593 0.3322686146173501 0.408439658422515 0.3406232514153852 0.40843965842251506 0.34967420754219153 0.41214178802060625 0.356636444712128 0.41707799220148223 0.3615099629251948 0.44360996021707816 0.3615099629251948
8 0.7354137392246113 0.49912664889152425 0.7345227203971183 0.5383344506023375 0.8111457172483871 0.5413505031997022 0.8120366001254947 0.49510536047901416
8 0.8155673381392712 0.5404514704526499 0.8619306635566071 0.5382964252915963 0.8601487618520072 0.6247546055382431 0.8147095206575871 0.6247546055382431
16 0.28537059603011367 0.42989886860353727 0.2890404967278463 0.41162511164345483 0.29527722066913914 0.39956120805570994 0.30329591429022446 0.3834759201799194 0.3202242523846956 0.3764386366953659 0.3309157985626807 0.3714119974170675 0.33626157165167353 0.4287156736846051
16 0.22967766093461395 0.37211000854604653 0.2293458379710485 0.3874972277675367 0.23825548244443384 0.39855583801481465 0.24627417606551916 0.4106197799527737 0.25429286968660464 0.4136357558497099 0.26587543469208286 0.41464112589060526 0.26676638554438276 0.3724173291077486
16 0.2820290199243837 0.5002505243256998 0.2863675761957537 0.5191951806939766 0.29171334928474646 0.5312591226319355 0.3006229937581318 0.5423177137041062 0.30953263823151733 0.549355016363767 0.31666038100030297 0.5543816556420654 0.3246790746213883 0.5584029824047898 0.3344796699470738 0.560413645786152 0.3353706207993736 0.49908862358078293
16 0.38450402050010324 0.5040193630251013 0.38526461625529357 0.5563923190234277 0.39595623040847167 0.5543816556420654 0.4048658748818573 0.5513656797451293 0.41288456850294264 0.5463390404668308 0.4209031941488352 0.5382964252915963 0.4280309369176207 0.5302538101163615 0.43515867968640626 0.5171845173126144 0.4369405813910061 0.501099286962145
16 0.22845488711874848 0.6106800385691361 0.23112780765084123 0.5915787939715165 0.23558262988753384 0.5815255154149197 0.24181935382882658 0.5754935636210472 0.248056145745312 0.5684562609613866 0.2605295936278974 0.5624242708173001 0.267657336396683 0.5594082949203638 0.2685482872489828 0.6106800385691361
16 0.5270779343445826 0.15979876181309166 0.5287098786817603 0.20557092654396136 0.5759310215807804 0.20557092654396136 0.5759310215807804 0.1965229796780456 0.5732581010486877 0.18948567701838503 0.5670213771073951 0.1784270667711071 0.5590027514615024 0.17138976411144644 0.550983989865224 0.16535781231757404 0.5429653642193314 0.16234181724553076 0.5394015608101317 0.16033117303927566
16 0.8166811968411811 0.1321606113508135 0.8770770319712854 0.13519798623533716 0.8770770319712854 0.20858694079111176 0.8583667241970216 0.20154961895634402 0.8458932763144364 0.1925016529153212 0.833419828431851 0.1814430426680433 0.8262920856630653 0.17138976411144644 0.8227281463034798 0.16334714893621183 0.8156005394850802 0.15027790407023234
24 0.2296869712351946 0.5040267175572519 0.26320642978003383 0.5040267175572519 0.26320642978003383 0.5352862595419847 0.2296869712351946 0.5352862595419847
24 0.22857021996615906 0.4412022900763359 0.26587986463620983 0.4412022900763359 0.26587986463620983 0.4679580152671755 0.22857021996615906 0.4679580152671755
24 0.4201522842639594 0.3808969465648855 0.446751269035533 0.3808969465648855 0.446751269035533 0.420706106870229 0.4201522842639594 0.420706106870229
16 0.3585356828351372 0.385524608872023 0.3585356828351372 0.42875369899534665 0.39595623040847183 0.4287536989953466 0.3941742607286789 0.4197057713045379 0.3888284876396862 0.40663647850079065 0.3781369414617008 0.39155656066589545 0.3665543764562226 0.3815032821092986
25 0.5850084602368867 0.26407442748091603 0.6249407783417936 0.26407442748091603 0.6249407783417936 0.3161545801526718 0.5850084602368867 0.3161545801526718
21 0.46662436548223346 0.2934732824427481 0.5040355329949239 0.2934732824427481 0.5040355329949239 0.4304961832061069 0.46662436548223346 0.4304961832061069
21 0.5831979695431472 0.21712786259541986 0.6243485617597293 0.21712786259541986 0.6243485617597293 0.35420801526717555 0.5831979695431472 0.35420801526717555