16 0.07505758157389636 0.1863063909774436 0.17642034548944338 0.1863063909774436 0.17642034548944338 0.290046992481203 0.07505758157389636 0.290046992481203
16 0.5719865642994242 0.1925563909774436 0.6830614203454894 0.1925563909774436 0.6830614203454894 0.2983834586466166 0.5719865642994242 0.2983834586466166
16 0.42054702495201535 0.6290695488721804 0.5005278310940499 0.6290695488721804 0.5005278310940499 0.7095394736842106 0.42054702495201535 0.7095394736842106
16 0.1283781190019194 0.5831203007518797 0.18835892514395394 0.5831203007518797 0.18835892514395394 0.6560526315789473 0.1283781190019194 0.6560526315789473
16 0.32671785028790784 0.6478759398496241 0.40330134357005754 0.6478759398496241 0.40330134357005754 0.7229135338345865 0.32671785028790784 0.7229135338345865
4 0.42056621880998085 0.3325 0.5994721689059502 0.3325 0.5994721689059502 0.46385338345864663 0.42056621880998085 0.46385338345864663
28 0.17104606525911706 0.20092105263157894 0.3453071017274472 0.20092105263157894 0.3453071017274472 0.24652255639097745 0.17104606525911706 0.24652255639097745
8 0.06866602687140115 0.3554699248120301 0.1286468330134357 0.3554699248120301 0.1286468330134357 0.4153195488721804 0.06866602687140115 0.4153195488721804
8 0.3011228406909789 0.3617481203007519 0.3521209213051823 0.3617481203007519 0.3521209213051823 0.4220112781954887 0.3011228406909789 0.4220112781954887
8 0.1369193857965451 0.42858082706766915 0.28388675623800386 0.42858082706766915 0.28388675623800386 0.4955545112781955 0.1369193857965451 0.4955545112781955
1 0.7297888675623799 0.27403195488721804 0.8962763915547024 0.27403195488721804 0.8962763915547024 0.4153289473684211 0.7297888675623799 0.4153289473684211
1 0.18809021113243762 0.7606484962406015 0.32653550863723607 0.7606484962406015 0.32653550863723607 0.9267575187969925 0.18809021113243762 0.9267575187969925
12 0.06866602687140115 0.6457706766917294 0.11670825335892514 0.6457706766917294 0.11670825335892514 0.930093984962406 0.06866602687140115 0.930093984962406
12 0.5975719769673705 0.2886278195488721 0.6540595009596929 0.2886278195488721 0.6540595009596929 0.4921992481203007 0.5975719769673705 0.4921992481203007
25 0.8445873320537427 0.5872556390977443 0.9016698656429942 0.5872556390977443 0.9016698656429942 0.6419172932330827 0.8445873320537427 0.6419172932330827
24 0.6963339731285989 0.7299154135338346 0.7738003838771593 0.7299154135338346 0.7738003838771593 0.7813251879699249 0.6963339731285989 0.7813251879699249
0 0.34958733205374276 0.06462406015037594 0.5490307101727447 0.06462406015037594 0.5490307101727447 0.1924812030075188 0.34958733205374276 0.1924812030075188
0 0.686017274472169 0.05579887218045112 0.8202015355086372 0.05579887218045112 0.8202015355086372 0.19450187969924812 0.686017274472169 0.19450187969924812
10 0.4114683301343571 0.7993421052631579 0.8892994241842611 0.7993421052631579 0.8892994241842611 0.9217857142857142 0.4114683301343571 0.9217857142857142
24 0.12014395393474087 0.521625939849624 0.17475047984644912 0.521625939849624 0.17475047984644912 0.558110902255639 0.12014395393474087 0.558110902255639
15 0.18810940499040307 0.5142011278195489 0.22290786948176583 0.5142011278195489 0.22290786948176583 0.5691447368421053 0.18810940499040307 0.5691447368421053
15 0.4909404990403071 0.7209774436090226 0.5248368522072937 0.7209774436090226 0.5248368522072937 0.7747368421052632 0.4909404990403071 0.7747368421052632
24 0.41628598848368525 0.7397650375939849 0.4736564299424184 0.7397650375939849 0.4736564299424184 0.7797462406015038 0.41628598848368525 0.7797462406015038
2 0.06053742802303264 0.6477725563909774 0.40898272552783105 0.6477725563909774 0.40898272552783105 0.9253853383458646 0.06053742802303264 0.9253853383458646
2 0.593531669865643 0.2082142857142857 0.90063339731286 0.2082142857142857 0.90063339731286 0.5060714285714286 0.593531669865643 0.5060714285714286
7 0.05314779270633397 0.18796992481203006 0.3661612284069098 0.18796992481203006 0.3661612284069098 0.4988345864661654 0.05314779270633397 0.4988345864661654
3 0.3646928982725528 0.19520676691729325 0.5905854126679463 0.19520676691729325 0.5905854126679463 0.5118609022556391 0.3646928982725528 0.5118609022556391
27 0.1195873320537428 0.5089661654135338 0.3100479846449136 0.5089661654135338 0.3100479846449136 0.6463345864661655 0.1195873320537428 0.6463345864661655
21 0.6511132437619962 0.5104135338345865 0.90063339731286 0.5104135338345865 0.90063339731286 0.5581203007518797 0.6511132437619962 0.5581203007518797
21 0.8459980806142035 0.5089661654135338 0.902101727447217 0.5089661654135338 0.902101727447217 0.7779135338345865 0.8459980806142035 0.7779135338345865
21 0.6924568138195778 0.7330827067669173 0.8976775431861804 0.7330827067669173 0.8976775431861804 0.7735714285714285 0.6924568138195778 0.7735714285714285
27 0.4119289827255278 0.6391071428571429 0.6274952015355085 0.6391071428571429 0.6274952015355085 0.7851409774436091 0.4119289827255278 0.7851409774436091