2 0.03560869565217392 0.04870967741935483 0.35302898550724643 0.04870967741935483 0.35302898550724643 0.338110599078341 0.03560869565217392 0.338110599078341
2 0.6650072463768116 0.037734254992319506 0.9740362318840581 0.037734254992319506 0.9740362318840581 0.35215821812596004 0.6650072463768116 0.35215821812596004
2 0.04181884057971015 0.48980030721966206 0.362963768115942 0.48980030721966206 0.362963768115942 0.857910906298003 0.04181884057971015 0.857910906298003
6 0.6629420289855074 0.5007757296466974 0.9723913043478262 0.5007757296466974 0.9723913043478262 0.7437711213517666 0.6629420289855074 0.7437711213517666
27 0.7540434782608695 0.35374807987711215 0.9723913043478262 0.35374807987711215 0.9723913043478262 0.4786021505376344 0.7540434782608695 0.4786021505376344
27 0.04389855072463767 0.35374807987711215 0.25366666666666665 0.35374807987711215 0.25366666666666665 0.48913978494623656 0.04389855072463767 0.48913978494623656
0 0.041826086956521756 0.8540783410138248 0.36130434782608695 0.8540783410138248 0.36130434782608695 0.9861059907834102 0.041826086956521756 0.9861059907834102
0 0.364804347826087 0.7487480798771122 0.6610507246376811 0.7487480798771122 0.6610507246376811 0.9035714285714286 0.364804347826087 0.9035714285714286
29 0.6608695652173914 0.7531259600614438 0.9657681159420292 0.7531259600614438 0.9657681159420292 0.8456144393241167 0.6608695652173914 0.8456144393241167
7 0.34824637681159415 0.046520737327188935 0.6610579710144927 0.046520737327188935 0.6610579710144927 0.48561443932411674 0.34824637681159415 0.48561443932411674
7 0.2592173913043478 0.34715821812596004 0.34805797101449276 0.34715821812596004 0.34805797101449276 0.4873732718894009 0.2592173913043478 0.4873732718894009
3 0.34824637681159415 0.46785714285714286 0.6610579710144927 0.46785714285714286 0.6610579710144927 0.7402534562211982 0.34824637681159415 0.7402534562211982
4 0.4393333333333333 0.4744393241167435 0.6097101449275363 0.4744393241167435 0.6097101449275363 0.6910906298003072 0.4393333333333333 0.6910906298003072
8 0.3565217391304347 0.1101536098310292 0.40768115942028976 0.1101536098310292 0.40768115942028976 0.20815668202764975 0.3565217391304347 0.20815668202764975
8 0.35444202898550725 0.20451612903225805 0.42092028985507246 0.20451612903225805 0.42092028985507246 0.33109062980030723 0.35444202898550725 0.33109062980030723
8 0.4186376811594203 0.04432411674347158 0.5318840579710145 0.04432411674347158 0.5318840579710145 0.11684331797235023 0.4186376811594203 0.11684331797235023
1 0.7892391304347826 0.17160522273425496 0.9210507246376811 0.17160522273425496 0.9210507246376811 0.34513824884792627 0.7892391304347826 0.34513824884792627
1 0.17018115942028983 0.6170737327188941 0.34805072463768116 0.6170737327188941 0.34805072463768116 0.7385023041474654 0.17018115942028983 0.7385023041474654
1 0.17018115942028983 0.11893241167434715 0.34805072463768116 0.11893241167434715 0.34805072463768116 0.24503072196620582 0.17018115942028983 0.24503072196620582
16 0.5801304347826086 0.0509062980030722 0.6378695652173912 0.0509062980030722 0.6378695652173912 0.10104454685099847 0.5801304347826086 0.10104454685099847
16 0.6732898550724637 0.30546082949308756 0.7521304347826088 0.30546082949308756 0.7521304347826088 0.3591781874039938 0.6732898550724637 0.3591781874039938
16 0.7623115942028985 0.36251920122887865 0.8117463768115941 0.36251920122887865 0.8117463768115941 0.41889400921658987 0.7623115942028985 0.41889400921658987
16 0.2674927536231884 0.48759600614439325 0.34143478260869564 0.48759600614439325 0.34143478260869564 0.5400537634408602 0.2674927536231884 0.5400537634408602
16 0.12877536231884057 0.4415130568356374 0.18907971014492755 0.4415130568356374 0.18907971014492755 0.4961520737327189 0.12877536231884057 0.4961520737327189
16 0.2861231884057971 0.3054531490015361 0.3348043478260869 0.3054531490015361 0.3348043478260869 0.360937019969278 0.2861231884057971 0.360937019969278
28 0.03768115942028986 0.6719278033794163 0.08681159420289856 0.6719278033794163 0.08681159420289856 0.8350768049155146 0.03768115942028986 0.8350768049155146
28 0.619463768115942 0.1167357910906298 0.6581594202898551 0.1167357910906298 0.6581594202898551 0.369715821812596 0.619463768115942 0.369715821812596
28 0.04182608695652174 0.04652073732718895 0.08846376811594203 0.04652073732718895 0.08846376811594203 0.1958755760368664 0.04182608695652174 0.1958755760368664
15 0.14821014492753623 0.3694777265745008 0.1803985507246377 0.3694777265745008 0.1803985507246377 0.4168817204301075 0.14821014492753623 0.4168817204301075
15 0.8381304347826086 0.4250691244239631 0.8731739130434782 0.4250691244239631 0.8731739130434782 0.47167434715821815 0.8381304347826086 0.47167434715821815
24 0.6942246376811594 0.5020506912442396 0.7376304347826087 0.5020506912442396 0.7376304347826087 0.5366282642089093 0.6942246376811594 0.5366282642089093
24 0.7682028985507245 0.4493010752688172 0.8097101449275363 0.4493010752688172 0.8097101449275363 0.4898387096774193 0.7682028985507245 0.4898387096774193
28 0.7870362318840579 0.047319508448540715 0.9431086956521739 0.047319508448540715 0.9431086956521739 0.0861674347158218 0.7870362318840579 0.0861674347158218
25 0.9242101449275363 0.5890092165898617 0.9678478260869564 0.5890092165898617 0.9678478260869564 0.6496390168970815 0.9242101449275363 0.6496390168970815
24 0.9215217391304348 0.7514976958525346 0.9646231884057972 0.7514976958525346 0.9646231884057972 0.8309600614439325 0.9215217391304348 0.8309600614439325
21 0.8616884057971014 0.4968125960061444 0.9674130434782608 0.4968125960061444 0.9674130434782608 0.5542780337941628 0.8616884057971014 0.5542780337941628
21 0.9196666666666667 0.4968125960061444 0.9657536231884059 0.4968125960061444 0.9657536231884059 0.7525268817204301 0.9196666666666667 0.7525268817204301
12 0.0487536231884058 0.20667434715821814 0.09223188405797102 0.20667434715821814 0.09223188405797102 0.34072964669738864 0.0487536231884058 0.34072964669738864
12 0.6719420289855073 0.05027649769585252 0.7127826086956521 0.05027649769585252 0.7127826086956521 0.2318125960061444 0.6719420289855073 0.2318125960061444
12 0.3636376811594203 0.508310291858679 0.40711594202898554 0.508310291858679 0.40711594202898554 0.6828725038402458 0.3636376811594203 0.6828725038402458
12 0.043478260869565216 0.4971428571428571 0.09617391304347826 0.4971428571428571 0.09617391304347826 0.6689093701996929 0.043478260869565216 0.6689093701996929
19 0.7808333333333333 0.5019892473118279 0.8454275362318839 0.5019892473118279 0.8454275362318839 0.5531874039938556 0.7808333333333333 0.5531874039938556
32 0.6671086956521739 0.7683640552995392 0.7268623188405797 0.7683640552995392 0.7268623188405797 0.8313901689708142 0.6671086956521739 0.8313901689708142