27 0.392578125 0.36643808665293043 0.4755859375 0.3650447859432234 0.482421875 0.35807828239468864 0.482421875 0.31627926110347987 0.474609375 0.27448023981227104 0.474609375 0.14629657451923078 0.4697265625 0.1309702667124542 0.3818359375 0.1309702667124542 0.375 0.13793677026098902 0.373046875 0.1964554000686813 0.380859375 0.21317500858516483 0.380859375 0.2577606312957875 0.373046875 0.277266841231685 0.373046875 0.3608648838141026 0.3779296875 0.3678313873626374
27 0.38214377406931965 0.7382417582417582 0.47397946084724 0.7382417582417582 0.47397946084724 0.9495604395604397 0.38214377406931965 0.9495604395604397
27 0.11059050064184853 0.4621062271062271 0.2705648267008986 0.4621062271062271 0.2705648267008986 0.5903113553113554 0.11059050064184853 0.5903113553113554
2 0.10664955070603338 0.13666666666666666 0.3742490372272144 0.13666666666666666 0.3742490372272144 0.4452014652014652 0.10664955070603338 0.4452014652014652
2 0.4828626444159178 0.6142490842490842 0.6882541720154043 0.6142490842490842 0.6882541720154043 0.9523809523809523 0.4828626444159178 0.9523809523809523
2 0.1303446232842895 0.6043956043956042 0.1293571640169843 0.9523809523809523 0.3732596030413746 0.953789799943646 0.37128468450676416 0.46491969568892627 0.27945097264737834 0.4649196956889265 0.2784635133800731 0.5959425190194422
7 0.6971462427174878 0.14792899408284022 0.6971462427174879 0.34234995773457316 0.7356571541423916 0.3409411101718794 0.7326947763404761 0.5860805860805861 0.9104374444554162 0.5846717385178922 0.9124123629900267 0.1380670611439843
3 0.48385504097955956 0.20710059171597633 0.6862841907771303 0.2056917441532826 0.688259109311741 0.35643843336151027 0.7326947763404761 0.35643843336151027 0.7287449392712549 0.5903071287686672 0.3880714920509529 0.5804451958298112 0.39004641058556344 0.3733446041138349 0.4858299595141702 0.3733446041138349
0 0.03752888318356869 0.6072069597069597 0.12837612323491657 0.6072069597069597 0.12837612323491657 0.9594230769230769 0.03752888318356869 0.9594230769230769
0 0.48583440308087295 0.02958791208791209 0.6754236200256739 0.02958791208791209 0.6754236200256739 0.20147435897435897 0.48583440308087295 0.20147435897435897
6 0.7070218228498074 0.602985347985348 0.899576379974326 0.602985347985348 0.899576379974326 0.8537545787545787 0.7070218228498074 0.8537545787545787
29 0.7040564826700898 0.8650274725274726 0.9054942233632862 0.8650274725274726 0.9054942233632862 0.9580128205128206 0.7040564826700898 0.9580128205128206
4 0.5312516046213094 0.3043040293040293 0.6418421052631579 0.3043040293040293 0.6418421052631579 0.5269047619047619 0.5312516046213094 0.5269047619047619
28 0.18267650834403082 0.602985347985348 0.2804300385109114 0.602985347985348 0.2804300385109114 0.6424358974358974 0.18267650834403082 0.6424358974358974
28 0.488793324775353 0.7593681318681319 0.5085365853658537 0.7593681318681319 0.5085365853658537 0.9016575091575091 0.488793324775353 0.9016575091575091
28 0.8798267008985879 0.2747344322344322 0.9133953786906291 0.2747344322344322 0.9133953786906291 0.4381593406593407 0.8798267008985879 0.4381593406593407
28 0.20144415917843392 0.13384615384615384 0.29426829268292687 0.13384615384615384 0.29426829268292687 0.17047619047619048 0.20144415917843392 0.17047619047619048
12 0.11257381258023105 0.2733150183150183 0.14614249037227214 0.2733150183150183 0.14614249037227214 0.440970695970696 0.11257381258023105 0.440970695970696
12 0.2794480102695764 0.4663186813186813 0.3752374839537869 0.4663186813186813 0.3752374839537869 0.524084249084249 0.2794480102695764 0.524084249084249
12 0.5697625160462131 0.61003663003663 0.6902374839537868 0.61003663003663 0.6902374839537868 0.6565201465201465 0.5697625160462131 0.6565201465201465
12 0.33375481386392813 0.7396428571428572 0.37325417201540434 0.7396428571428572 0.37325417201540434 0.9523717948717949 0.33375481386392813 0.9523717948717949
21 0.8729204107830552 0.6015750915750916 0.9084659820282414 0.6015750915750916 0.9084659820282414 0.9580219780219779 0.8729204107830552 0.9580219780219779
25 0.8768677792041079 0.6283424908424909 0.9064955070603338 0.6283424908424909 0.9064955070603338 0.6973717948717948 0.8768677792041079 0.6973717948717948
24 0.8719255455712452 0.8650274725274725 0.903530166880616 0.8650274725274725 0.903530166880616 0.9523717948717949 0.8719255455712452 0.9523717948717949
8 0.6991270860077022 0.1479212454212454 0.7356611039794609 0.1479212454212454 0.7356611039794609 0.3353021978021978 0.6991270860077022 0.3353021978021978
8 0.694191270860077 0.15075091575091576 0.7810847240051348 0.15075091575091576 0.7810847240051348 0.21415750915750917 0.694191270860077 0.21415750915750917
1 0.5697625160462131 0.7452838827838828 0.6882605905006418 0.7452838827838828 0.6882605905006418 0.8720787545787546 0.5697625160462131 0.8720787545787546
1 0.1945250320924262 0.27753663003663004 0.28537227214377403 0.27753663003663004 0.28537227214377403 0.43814102564102564 0.1945250320924262 0.43814102564102564
1 0.18169448010269576 0.7804945054945055 0.2863671373555841 0.7804945054945055 0.2863671373555841 0.9537912087912087 0.18169448010269576 0.9537912087912087
16 0.32191912708600773 0.625521978021978 0.3703016688061618 0.625521978021978 0.3703016688061618 0.7030128205128205 0.32191912708600773 0.7030128205128205
16 0.32092426187419765 0.3634798534798535 0.3742490372272143 0.3634798534798535 0.3742490372272143 0.44520146520146525 0.32092426187419765 0.44520146520146525
16 0.4838575096277279 0.6198901098901098 0.534216944801027 0.6198901098901098 0.534216944801027 0.7030036630036629 0.4838575096277279 0.7030036630036629
16 0.8492105263157894 0.14652014652014653 0.9124069319640564 0.14652014652014653 0.9124069319640564 0.2352747252747253 0.8492105263157894 0.2352747252747253
16 0.5213863928112966 0.19583333333333333 0.6586392811296534 0.19583333333333333 0.6586392811296534 0.21555860805860808 0.5213863928112966 0.21555860805860808
16 0.1263992297817715 0.6818864468864468 0.13824775353016688 0.6818864468864468 0.13824775353016688 0.8678571428571428 0.1263992297817715 0.8678571428571428
19 0.7065725288831836 0.7794597069597069 0.7540436456996149 0.7794597069597069 0.7540436456996149 0.846547619047619 0.7065725288831836 0.846547619047619
32 0.7043388960205391 0.8755219780219781 0.754736842105263 0.8755219780219781 0.754736842105263 0.9488369963369965 0.7043388960205391 0.9488369963369965