2 0.11130114566284778 0.05135458167330675 0.35118657937806874 0.05135458167330675 0.35118657937806874 0.3224302788844622 0.11130114566284778 0.3224302788844622
2 0.3822585924713584 0.46746015936254987 0.6290016366612111 0.46746015936254987 0.6290016366612111 0.7847310756972111 0.3822585924713584 0.7847310756972111
2 0.11855973813420619 0.591414342629482 0.38608837970540094 0.591414342629482 0.38608837970540094 0.9087051792828684 0.11855973813420619 0.9087051792828684
27 0.1076595744680851 0.3213745019920319 0.2784615384615384 0.3213745019920319 0.2784615384615384 0.4605776892430279 0.1076595744680851 0.4605776892430279
27 0.1076595744680851 0.45861553784860554 0.27263502454991817 0.45861553784860554 0.27263502454991817 0.5828187250996015 0.1076595744680851 0.5828187250996015
27 0.354975450081833 0.19300796812749008 0.4675450081833061 0.19300796812749008 0.4675450081833061 0.39683266932270916 0.354975450081833 0.39683266932270916
29 0.4677250409165302 0.046932270916334666 0.6319148936170214 0.046932270916334666 0.6319148936170214 0.1594820717131474 0.4677250409165302 0.1594820717131474
6 0.46045826513911625 0.157589641434263 0.6319148936170214 0.157589641434263 0.6319148936170214 0.38619521912350596 0.46045826513911625 0.38619521912350596
0 0.6277577741407528 0.6600298804780877 0.8748281505728314 0.6600298804780877 0.8748281505728314 0.7900498007968128 0.6277577741407528 0.7900498007968128
0 0.387708674304419 0.7928386454183267 0.6304582651391163 0.7928386454183267 0.6304582651391163 0.8927788844621513 0.387708674304419 0.8927788844621513
23 0.6332078559738133 0.055776892430278883 0.8835515548281506 0.055776892430278883 0.8835515548281506 0.17187250996015938 0.6332078559738133 0.17187250996015938
3 0.6350245499181669 0.17308764940239044 0.8690016366612112 0.17308764940239044 0.8690016366612112 0.43934262948207176 0.6350245499181669 0.43934262948207176
7 0.6386661211129296 0.4408964143426295 0.8602864157119476 0.4408964143426295 0.8602864157119476 0.6536454183266932 0.6386661211129296 0.6536454183266932
4 0.6786743044189852 0.19078685258964143 0.8035515548281505 0.19078685258964143 0.8035515548281505 0.37024900398406374 0.6786743044189852 0.37024900398406374
1 0.5059083469721768 0.5648406374501992 0.6246317512274959 0.5648406374501992 0.6246317512274959 0.7386653386454183 0.5059083469721768 0.7386653386454183
1 0.2513093289689034 0.6954382470119522 0.38171849427168575 0.6954382470119522 0.38171849427168575 0.853804780876494 0.2513093289689034 0.853804780876494
1 0.15494271685761046 0.05356573705179283 0.27409165302782323 0.05356573705179283 0.27409165302782323 0.20731075697211157 0.15494271685761046 0.20731075697211157
8 0.7277659574468085 0.45197211155378486 0.8210065466448445 0.45197211155378486 0.8210065466448445 0.5172709163346614 0.7277659574468085 0.5172709163346614
8 0.809607201309329 0.5050896414342629 0.860278232405892 0.5050896414342629 0.860278232405892 0.6022808764940238 0.809607201309329 0.6022808764940238
28 0.11675122749590834 0.6976494023904383 0.14063011456628477 0.6976494023904383 0.14063011456628477 0.841394422310757 0.11675122749590834 0.841394422310757
28 0.3822585924713584 0.573695219123506 0.41554828150572826 0.573695219123506 0.41554828150572826 0.7723207171314742 0.3822585924713584 0.7723207171314742
28 0.6295662847790507 0.4674501992031873 0.6671931260229133 0.4674501992031873 0.6671931260229133 0.6589641434262948 0.6295662847790507 0.6589641434262948
28 0.11675122749590836 0.29703187250996016 0.2700900163666121 0.29703187250996016 0.2700900163666121 0.324203187250996 0.11675122749590836 0.324203187250996
12 0.307152209492635 0.055268924302788854 0.3423076923076923 0.055268924302788854 0.3423076923076923 0.27010956175298806 0.307152209492635 0.27010956175298806
12 0.4513502454991816 0.46968127490039835 0.6264566284779051 0.46968127490039835 0.6264566284779051 0.5190438247011953 0.4513502454991816 0.5190438247011953
12 0.1203846153846154 0.5914243027888446 0.2773567921440262 0.5914243027888446 0.2773567921440262 0.6394920318725099 0.1203846153846154 0.6394920318725099
16 0.292150511508842 0.4731767952660712 0.29627382029490246 0.49144568429323765 0.30467383028438433 0.5088340017197017 0.3147538807239566 0.5221309365687686 0.32903387207127976 0.530313662705247 0.3382738702423117 0.5323593539939456 0.33995391069240216 0.46996598428937647
16 0.38771376398526375 0.4731767952660712 0.38783394199765275 0.5282679714165486 0.3970739401686846 0.5282679714165486 0.41303397196609837 0.5190624191448786 0.4247939987687709 0.5088340017197017 0.4306739801266121 0.4955370278523189 0.4373940137529938 0.4761030581554722 0.43823400193454376 0.46996598428937647
16 0.29320065714045107 0.3875397201242807 0.2971138084764525 0.37177319261500386 0.3004738252896434 0.3605219490546356 0.3063538707344748 0.35438487518853984 0.31895388571869765 0.3421107859838222 0.3281938838897297 0.3369965772712337 0.3407938988739524 0.3329051946938365 0.34163388705550246 0.39529854488924765
16 0.2375429386651725 0.3338567774980836 0.27527379532119767 0.3349509250008511 0.2769538357712883 0.3809787839049895 0.2635137685185251 0.38097878390498957 0.2551137585290432 0.3717731926150039 0.24671374853956132 0.36665898390241536 0.24167375536327032 0.3523392034089992 0.23663376218697924 0.33495092500085116
16 0.2332737453737884 0.5845242672550218 0.23663376218697912 0.5620217411159691 0.24419378399491104 0.5477019801317111 0.25427377034749304 0.537473562706534 0.26519380896861566 0.5323593539939457 0.27359381895809737 0.5323593539939457 0.2752737953211978 0.5824785759663232
16 0.816173181681748 0.07950188267395938 0.8783945382007915 0.07833366796577611 0.880914566832432 0.15504679865460347 0.8582345654956272 0.14788689865331645 0.8498345555061452 0.14481838122942653 0.8456345505114042 0.1407270376703453 0.8363944882533821 0.13561282895775678 0.8271544259953599 0.12333872024388122 0.8195944682744183 0.11515599410740288 0.8170744396427777 0.10492757668222581 0.8153944632796776 0.0998133679696374
16 0.530533569884092 0.10378702338581046 0.5306341118188442 0.15811531607849344 0.5785141431240949 0.15709248994330213 0.5751541903978942 0.14686407251812517 0.5709541854031532 0.13765848122813942 0.565914128139872 0.1294757550916611 0.5617141231451311 0.12027020281999133 0.5558341417872898 0.1151559941074029 0.5465941436162578 0.11004178539481438 0.5407140981714263 0.10595040281741716 0.5348341168135852 0.1039047115287186
16 0.36356041445825604 0.34408209990307353 0.36347390021075715 0.391284576834843 0.40295398561351614 0.3892388855461444 0.3995939688003254 0.37901046812096745 0.39875398061877515 0.37082774198448915 0.3928739351739438 0.36162222873113536 0.3869939538161026 0.35753076811710627 0.37523392701342984 0.3473023506919293
15 0.19547370042112003 0.47921034136833235 0.19379372405801976 0.5109183417424227 0.20303372222905164 0.5201240110690403 0.21059374403698355 0.5211467591675997 0.2189937540264654 0.5129640330311213 0.2189937540264654 0.4792103413683324
15 0.19547370042111994 0.4393194197661838 0.1946337122395699 0.40351995877806446 0.19799372905276072 0.39840575006547585 0.2038737104106019 0.3963600977950932 0.20807371540534286 0.3963600977950932 0.21479374903172446 0.40147430650768173 0.2198337422080155 0.40863416749065273 0.21983374220801546 0.4393194197661838
15 0.41816798730192567 0.2903991572768765 0.44663401192402574 0.2920302322546248 0.44663401192402574 0.3216926193766485 0.4205939937740301 0.32066979324145717 0.415554000597739 0.3155555845288686 0.41303397196609837 0.30941854968108884 0.41303397196609837 0.30430434096850034 0.41387396014764843 0.2991901322559119
24 0.4706792144026186 0.1715239043824701 0.5037561374795417 0.1715239043824701 0.5037561374795417 0.251105577689243 0.4706792144026186 0.251105577689243
25 0.5862029459901801 0.22010956175298807 0.6238788870703764 0.22010956175298807 0.6238788870703764 0.2725996015936255 0.5862029459901801 0.2725996015936255
24 0.421317512274959 0.34536852589641437 0.4533469721767594 0.34536852589641437 0.4533469721767594 0.38813745019920326 0.421317512274959 0.38813745019920326
24 0.2333469721767594 0.40286852589641436 0.27948445171849423 0.40286852589641436 0.27948445171849423 0.4321115537848606 0.2333469721767594 0.4321115537848606
24 0.2354418985270049 0.4757370517928287 0.2735924713584288 0.4757370517928287 0.2735924713584288 0.5057768924302789 0.2354418985270049 0.5057768924302789
21 0.4677168576104747 0.2554183266932271 0.5068166939443536 0.2554183266932271 0.5068166939443536 0.3847410358565737 0.4677168576104747 0.3847410358565737
21 0.5841162029459902 0.16910358565737052 0.6260965630114567 0.16910358565737052 0.6260965630114567 0.3122111553784861 0.5841162029459902 0.3122111553784861
19 0.5839525368248772 0.3162151394422311 0.625114566284779 0.3162151394422311 0.625114566284779 0.3859760956175299 0.5839525368248772 0.3859760956175299
32 0.5802209492635024 0.053466135458167335 0.6195171849427168 0.053466135458167335 0.6195171849427168 0.1052988047808765 0.5802209492635024 0.1052988047808765