0 0.04190045248868778 0.28059010152284264 0.21116138763197587 0.28059010152284264 0.21116138763197587 0.4921002538071066 0.04190045248868778 0.4921002538071066
0 0.5865610859728506 0.8812753807106599 0.9368174962292609 0.8812753807106599 0.9368174962292609 0.9870241116751268 0.5865610859728506 0.9870241116751268
6 0.5915837104072399 0.01974619289340102 0.8412971342383107 0.01974619289340102 0.8412971342383107 0.2481725888324873 0.5915837104072399 0.2481725888324873
29 0.8379411764705883 0.022563451776649746 0.9301131221719456 0.022563451776649746 0.9301131221719456 0.2481725888324873 0.8379411764705883 0.2481725888324873
7 0.15417797888386123 0.0169225888324873 0.576500754147813 0.0169225888324873 0.576500754147813 0.2721383248730964 0.15417797888386123 0.2721383248730964
3 0.21283559577677227 0.26508883248730963 0.5781749622926095 0.26508883248730963 0.5781749622926095 0.4963324873096447 0.21283559577677227 0.4963324873096447
2 0.586553544494721 0.2594479695431472 0.9351357466063348 0.2594479695431472 0.9351357466063348 0.49915609137055833 0.586553544494721 0.49915609137055833
2 0.13239064856711916 0.6049048223350254 0.4474585218702865 0.6049048223350254 0.4474585218702865 0.9108819796954316 0.13239064856711916 0.9108819796954316
2 0.45751131221719454 0.6105456852791878 0.5932579185520361 0.6105456852791878 0.5932579185520361 0.724758883248731 0.45751131221719454 0.724758883248731
2 0.5815309200603318 0.6105456852791878 0.9334615384615385 0.6105456852791878 0.9334615384615385 0.8798604060913706 0.5815309200603318 0.8798604060913706
27 0.13239819004524886 0.4949238578680203 0.3586425339366516 0.4949238578680203 0.3586425339366516 0.6035025380710659 0.13239819004524886 0.6035025380710659
27 0.7122549019607842 0.5033819796954314 0.9334766214177979 0.5033819796954314 0.9334766214177979 0.6091307106598984 0.7122549019607842 0.6091307106598984
27 0.4457918552036199 0.7261738578680201 0.5815384615384616 0.7261738578680201 0.5815384615384616 0.9151205583756346 0.4457918552036199 0.9151205583756346
1 0.27484162895927605 0.7092512690355329 0.4441025641025641 0.7092512690355329 0.4441025641025641 0.8107741116751269 0.27484162895927605 0.8107741116751269
1 0.7558220211161388 0.7120685279187817 0.9334690799396681 0.7120685279187817 0.9334690799396681 0.8262817258883249 0.7558220211161388 0.8262817258883249
1 0.7306938159879335 0.2594479695431472 0.8580542986425339 0.2594479695431472 0.8580542986425339 0.39763324873096445 0.7306938159879335 0.39763324873096445
8 0.1491553544494721 0.1593274111675127 0.2212217194570136 0.1593274111675127 0.2212217194570136 0.25803299492385784 0.1491553544494721 0.25803299492385784
8 0.14245098039215684 0.2129187817258883 0.3552865761689291 0.2129187817258883 0.3552865761689291 0.26649746192893403 0.14245098039215684 0.26649746192893403
4 0.2999849170437406 0.32995558375634515 0.517843137254902 0.32995558375634515 0.517843137254902 0.44839467005076145 0.2999849170437406 0.44839467005076145
12 0.5915837104072399 0.26086294416243655 0.6435294117647058 0.26086294416243655 0.6435294117647058 0.40045685279187815 0.5915837104072399 0.40045685279187815
12 0.2765309200603318 0.8685913705583755 0.4491402714932126 0.8685913705583755 0.4491402714932126 0.9122969543147208 0.2765309200603318 0.9122969543147208
12 0.45416289592760184 0.6133692893401015 0.5111463046757164 0.6133692893401015 0.5111463046757164 0.7233565989847716 0.45416289592760184 0.7233565989847716
12 0.7156108597285067 0.6119543147208122 0.9334690799396681 0.6119543147208122 0.9334690799396681 0.6556598984771573 0.7156108597285067 0.6556598984771573
28 0.5832126696832579 0.7177093908629443 0.6318099547511312 0.7177093908629443 0.6318099547511312 0.8361484771573604 0.5832126696832579 0.8361484771573604
28 0.27651583710407235 0.022557106598984775 0.43069381598793366 0.022557106598984775 0.43069381598793366 0.05216370558375635 0.27651583710407235 0.05216370558375635
28 0.13742835595776773 0.6754124365482234 0.18435143288084463 0.6754124365482234 0.18435143288084463 0.8065418781725888 0.13742835595776773 0.8065418781725888
16 0.360316742081448 0.6049048223350254 0.4424283559577678 0.6049048223350254 0.4424283559577678 0.669765228426396 0.360316742081448 0.669765228426396
16 0.6066742081447964 0.6063197969543147 0.6921493212669683 0.6063197969543147 0.6921493212669683 0.6725888324873096 0.6066742081447964 0.6725888324873096
16 0.5982956259426848 0.4357106598984772 0.6887933634992459 0.4357106598984772 0.6887933634992459 0.5047969543147208 0.5982956259426848 0.5047969543147208
16 0.7122473604826547 0.5062055837563452 0.7809653092006033 0.5062055837563452 0.7809653092006033 0.5626015228426396 0.7122473604826547 0.5626015228426396
16 0.20949472096530922 0.5513261421319797 0.2748491704374057 0.5513261421319797 0.2748491704374057 0.6063134517766497 0.20949472096530922 0.6063134517766497
16 0.19608597285067872 0.30034263959390867 0.22792609351432883 0.30034263959390867 0.22792609351432883 0.4526269035532995 0.19608597285067872 0.4526269035532995
16 0.6720286576168929 0.8699936548223349 0.8513499245852187 0.8699936548223349 0.8513499245852187 0.8939657360406092 0.6720286576168929 0.8939657360406092
25 0.6150452488687783 0.021148477157360405 0.6887858220211162 0.021148477157360405 0.6887858220211162 0.05781091370558376 0.6150452488687783 0.05781091370558376
24 0.8396153846153845 0.028204314720812185 0.9250904977375566 0.028204314720812185 0.9250904977375566 0.06486675126903553 0.8396153846153845 0.06486675126903553
24 0.22791855203619912 0.5047969543147208 0.27316742081447964 0.5047969543147208 0.27316742081447964 0.537233502538071 0.22791855203619912 0.537233502538071
24 0.45751131221719465 0.7346383248730964 0.4960633484162896 0.7346383248730964 0.4960633484162896 0.7769352791878171 0.45751131221719465 0.7769352791878171
24 0.7306938159879337 0.5710659898477157 0.7826395173453997 0.5710659898477157 0.7826395173453997 0.6063197969543147 0.7306938159879337 0.6063197969543147
15 0.8614102564102564 0.5118464467005076 0.92341628959276 0.5118464467005076 0.92341628959276 0.5485088832487309 0.8614102564102564 0.5485088832487309
15 0.1558521870286576 0.5597842639593908 0.20444947209653094 0.5597842639593908 0.20444947209653094 0.5907994923857868 0.1558521870286576 0.5907994923857868
15 0.46588989441930617 0.7966751269035532 0.5278959276018099 0.7966751269035532 0.5278959276018099 0.8291116751269034 0.46588989441930617 0.8291116751269034
24 0.22959276018099548 0.4582677664974619 0.2681447963800905 0.4582677664974619 0.2681447963800905 0.4850571065989848 0.22959276018099548 0.4850571065989848
28 0.7390723981900451 0.46672588832487305 0.8614102564102563 0.46672588832487305 0.8614102564102563 0.4977411167512691 0.7390723981900451 0.4977411167512691
21 0.5899019607843138 0.022563451776649746 0.9317873303167421 0.022563451776649746 0.9317873303167421 0.07050761421319797 0.5899019607843138 0.07050761421319797
16 0.1340648567119155 0.018331218274111674 0.24131975867269986 0.018331218274111674 0.24131975867269986 0.09588197969543148 0.1340648567119155 0.09588197969543148
19 0.756892911010558 0.1962246192893401 0.8265761689291101 0.1962246192893401 0.8265761689291101 0.24611040609137055 0.756892911010558 0.24611040609137055
32 0.8549622926093515 0.1921002538071066 0.9258521870286577 0.1921002538071066 0.9258521870286577 0.24817893401015229 0.8549622926093515 0.24817893401015229