0 0.04481792717086835 0.8125894134477826 0.1638655462184874 0.8125894134477826 0.1638655462184874 0.9628040057224606 0.04481792717086835 0.9628040057224606
0 0.07983193277310924 0.4291845493562232 0.2535014005602241 0.4291845493562232 0.2535014005602241 0.6952789699570815 0.07983193277310924 0.6952789699570815
2 0.16246498599439776 0.6995708154506438 0.49019607843137253 0.6995708154506438 0.49019607843137253 0.9656652360515021 0.16246498599439776 0.9656652360515021
2 0.15966386554621848 0.17024320457796852 0.49299719887955185 0.17024320457796852 0.49299719887955185 0.4263233190271817 0.15966386554621848 0.4263233190271817
7 0.25210084033613445 0.4291845493562232 0.5434173669467787 0.4291845493562232 0.5434173669467787 0.6852646638054364 0.25210084033613445 0.6852646638054364
3 0.5448179271708683 0.4291845493562232 0.8165266106442577 0.4291845493562232 0.8165266106442577 0.6866952789699571 0.5448179271708683 0.6866952789699571
30 0.49159663865546216 0.6938483547925608 0.6190476190476191 0.6938483547925608 0.6190476190476191 0.82689556509299 0.49159663865546216 0.82689556509299
27 0.49299719887955185 0.82689556509299 0.6876750700280112 0.82689556509299 0.6876750700280112 0.9656652360515021 0.49299719887955185 0.9656652360515021
27 0.4957983193277311 0.17024320457796852 0.6904761904761905 0.17024320457796852 0.6904761904761905 0.29756795422031473 0.4957983193277311 0.29756795422031473
14 0.6162464985994398 0.03719599427753934 0.6932773109243697 0.03719599427753934 0.6932773109243697 0.15879828326180256 0.6162464985994398 0.15879828326180256
26 0.6932773109243697 0.0357653791130186 0.9327731092436975 0.0357653791130186 0.9327731092436975 0.2989985693848355 0.6932773109243697 0.2989985693848355
5 0.49719887955182074 0.30042918454935624 0.8165266106442577 0.30042918454935624 0.8165266106442577 0.4206008583690987 0.49719887955182074 0.4206008583690987
29 0.623249299719888 0.698140200286123 0.7563025210084033 0.698140200286123 0.7563025210084033 0.82689556509299 0.623249299719888 0.82689556509299
6 0.7829131652661064 0.43204577968526464 0.9327731092436975 0.43204577968526464 0.9327731092436975 0.8326180257510729 0.7829131652661064 0.8326180257510729
4 0.6166386554621849 0.4888555078683834 0.7796638655462186 0.4888555078683834 0.7796638655462186 0.6113161659513591 0.6166386554621849 0.6113161659513591
8 0.26650560224089637 0.43572246065808307 0.32074929971988797 0.43572246065808307 0.32074929971988797 0.549170243204578 0.26650560224089637 0.549170243204578
8 0.2664985994397759 0.43572246065808296 0.4535854341736695 0.43572246065808296 0.4535854341736695 0.4886552217453505 0.2664985994397759 0.4886552217453505
8 0.4745798319327731 0.5011230329041487 0.5192016806722689 0.5011230329041487 0.5192016806722689 0.626030042918455 0.4745798319327731 0.626030042918455
8 0.3585504201680672 0.5256437768240344 0.41357843137254896 0.5256437768240344 0.41357843137254896 0.5753290414878398 0.3585504201680672 0.5753290414878398
28 0.2505042016806722 0.64826895565093 0.42957983193277305 0.64826895565093 0.42957983193277305 0.691444921316166 0.2505042016806722 0.691444921316166
1 0.23249299719887956 0.2456580829756795 0.35756302521008404 0.2456580829756795 0.35756302521008404 0.41505722460658084 0.23249299719887956 0.41505722460658084
1 0.2665126050420168 0.8015522174535051 0.38477591036414566 0.8015522174535051 0.38477591036414566 0.9514949928469242 0.2665126050420168 0.9514949928469242
16 0.7286904761904763 0.29879113018597997 0.8184803921568627 0.29879113018597997 0.8184803921568627 0.3970600858369098 0.7286904761904763 0.3970600858369098
16 0.4245728291316526 0.3396638054363376 0.49679971988795524 0.3396638054363376 0.49679971988795524 0.4215951359084406 0.4245728291316526 0.4215951359084406
16 0.5005952380952381 0.23339055793991415 0.5592086834733894 0.23339055793991415 0.5592086834733894 0.29238912732474964 0.5005952380952381 0.29238912732474964
16 0.49460084033613444 0.6911874105865522 0.5688165266106442 0.6911874105865522 0.5688165266106442 0.7601430615164522 0.49460084033613444 0.7601430615164522
12 0.5686274509803921 0.6911874105865523 0.6168347338935574 0.6911874105865523 0.6168347338935574 0.8337339055793993 0.5686274509803921 0.8337339055793993
12 0.44058123249299724 0.17616595135908442 0.5000070028011204 0.17616595135908442 0.5000070028011204 0.3332761087267525 0.44058123249299724 0.3332761087267525
12 0.16045518207282913 0.6952718168812589 0.2135224089635854 0.6952718168812589 0.2135224089635854 0.8239270386266095 0.16045518207282913 0.8239270386266095
15 0.5738655462184874 0.18278969957081548 0.6082072829131653 0.18278969957081548 0.6082072829131653 0.22599427753934193 0.5738655462184874 0.22599427753934193
15 0.5663585434173669 0.9040271816881258 0.5952100840336134 0.9040271816881258 0.5952100840336134 0.9451001430615165 0.5663585434173669 0.9451001430615165
24 0.692577030812325 0.7814806866952789 0.7831372549019608 0.7814806866952789 0.7831372549019608 0.8276752503576538 0.692577030812325 0.8276752503576538
24 0.5076260504201681 0.17258941344778256 0.5512254901960784 0.17258941344778256 0.5512254901960784 0.21373390557939914 0.5076260504201681 0.21373390557939914
24 0.5126190476190476 0.9282761087267525 0.5462324929971989 0.9282761087267525 0.5462324929971989 0.9552718168812588 0.5126190476190476 0.9552718168812588
19 0.8727731092436976 0.44007868383404863 0.9285434173669468 0.44007868383404863 0.9285434173669468 0.4952861230329042 0.8727731092436976 0.4952861230329042
32 0.628046218487395 0.776788268955651 0.6877521008403361 0.776788268955651 0.6877521008403361 0.8219527896995708 0.628046218487395 0.8219527896995708