2 0.05416116248348745 0.050684931506849315 0.3157199471598415 0.050684931506849315 0.3157199471598415 0.30684931506849317 0.05416116248348745 0.30684931506849317
2 0.5931307793923382 0.5082191780821917 0.8599735799207398 0.5082191780821917 0.8599735799207398 0.8424657534246576 0.5931307793923382 0.8424657534246576
2 0.052840158520475564 0.5547945205479452 0.31704095112285335 0.5547945205479452 0.31704095112285335 0.810958904109589 0.052840158520475564 0.810958904109589
6 0.5944517833553501 0.057534246575342465 0.857331571994716 0.057534246575342465 0.857331571994716 0.2876712328767123 0.5944517833553501 0.2876712328767123
29 0.7159841479524438 0.29315068493150687 0.8612945838837517 0.29315068493150687 0.8612945838837517 0.38493150684931504 0.7159841479524438 0.38493150684931504
27 0.6723910171730515 0.38767123287671235 0.8599735799207398 0.38767123287671235 0.8599735799207398 0.5068493150684932 0.6723910171730515 0.5068493150684932
27 0.05151915455746367 0.4328767123287671 0.23249669749009247 0.4328767123287671 0.23249669749009247 0.5547945205479452 0.05151915455746367 0.5547945205479452
27 0.05151915455746367 0.3082191780821918 0.23645970937912814 0.3082191780821918 0.23645970937912814 0.4301369863013699 0.05151915455746367 0.4301369863013699
0 0.8599735799207398 0.5054794520547945 0.9656538969616909 0.5054794520547945 0.9656538969616909 0.8383561643835616 0.8599735799207398 0.8383561643835616
0 0.31968295904887717 0.7438356164383562 0.5891677675033025 0.7438356164383562 0.5891677675033025 0.8753424657534247 0.31968295904887717 0.8753424657534247
0 0.0488771466314399 0.810958904109589 0.31968295904887717 0.810958904109589 0.31968295904887717 0.9219178082191781 0.0488771466314399 0.9219178082191781
1 0.16776750330250992 0.6520547945205479 0.31175693527080584 0.6520547945205479 0.31175693527080584 0.7575342465753425 0.16776750330250992 0.7575342465753425
1 0.6935270805812418 0.6753424657534246 0.8031704095112285 0.6753424657534246 0.8031704095112285 0.8301369863013699 0.6935270805812418 0.8301369863013699
1 0.11360634081902246 0.06027397260273973 0.21532364597093792 0.06027397260273973 0.21532364597093792 0.21506849315068494 0.11360634081902246 0.21506849315068494
7 0.31836195508586523 0.04794520547945205 0.5865257595772787 0.04794520547945205 0.5865257595772787 0.2945205479452055 0.31836195508586523 0.2945205479452055
3 0.3249669749009247 0.30273972602739724 0.7080581241743725 0.2945205479452055 0.7120211360634082 0.3821917808219178 0.667107001321004 0.38767123287671235 0.6684280052840158 0.4931506849315068 0.583883751651255 0.4917808219178082 0.582562747688243 0.7397260273972602 0.32628797886393657 0.7356164383561644 0.3289299867899604 0.5493150684931507
16 0.23513870541611626 0.24246575342465754 0.2998678996036988 0.24246575342465754 0.2998678996036988 0.3136986301369863 0.23513870541611626 0.3136986301369863
16 0.6036988110964333 0.5013698630136987 0.6697490092470277 0.5013698630136987 0.6697490092470277 0.5767123287671233 0.6036988110964333 0.5767123287671233
16 0.2311756935270806 0.5493150684931507 0.3104359313077939 0.5493150684931507 0.3104359313077939 0.6219178082191781 0.2311756935270806 0.6219178082191781
16 0.3276089828269485 0.043835616438356165 0.41215323645970936 0.043835616438356165 0.41215323645970936 0.12465753424657534 0.3276089828269485 0.12465753424657534
16 0.18494055482166447 0.3178082191780822 0.24438573315719947 0.3178082191780822 0.24438573315719947 0.3726027397260274 0.18494055482166447 0.3726027397260274
16 0.1083223249669749 0.4931506849315068 0.16776750330250992 0.4931506849315068 0.16776750330250992 0.5589041095890411 0.1083223249669749 0.5589041095890411
16 0.8480845442536328 0.5945205479452055 0.8758256274768824 0.5945205479452055 0.8758256274768824 0.7506849315068493 0.8480845442536328 0.7506849315068493
16 0.7410832232496698 0.45616438356164385 0.797886393659181 0.45616438356164385 0.797886393659181 0.5178082191780822 0.7410832232496698 0.5178082191780822
16 0.37780713342140027 0.7315068493150685 0.5297225891677675 0.7315068493150685 0.5297225891677675 0.7547945205479452 0.37780713342140027 0.7547945205479452
28 0.05019815059445178 0.6109589041095891 0.07661822985468957 0.6109589041095891 0.07661822985468957 0.6931506849315069 0.05019815059445178 0.6931506849315069
28 0.6710700132100397 0.5150684931506849 0.7344782034346103 0.5150684931506849 0.7344782034346103 0.5342465753424658 0.6710700132100397 0.5342465753424658
28 0.32232496697490093 0.16164383561643836 0.34478203434610305 0.16164383561643836 0.34478203434610305 0.25205479452054796 0.32232496697490093 0.25205479452054796
28 0.11889035667107001 0.27808219178082194 0.19682959048877147 0.27808219178082194 0.19682959048877147 0.3 0.11889035667107001 0.3
12 0.27344782034346105 0.0589041095890411 0.30779392338177014 0.0589041095890411 0.30779392338177014 0.2136986301369863 0.27344782034346105 0.2136986301369863
12 0.5931307793923382 0.6643835616438356 0.6340819022457067 0.6643835616438356 0.6340819022457067 0.8287671232876712 0.5931307793923382 0.8287671232876712
12 0.05548216644649934 0.7 0.09379128137384413 0.7 0.09379128137384413 0.8082191780821918 0.05548216644649934 0.8082191780821918
4 0.3817701453104359 0.5027397260273972 0.5046235138705416 0.5027397260273972 0.5046235138705416 0.6863013698630137 0.3817701453104359 0.6863013698630137
8 0.5363276089828269 0.12602739726027398 0.5799207397622193 0.12602739726027398 0.5799207397622193 0.25068493150684934 0.5363276089828269 0.25068493150684934
8 0.5033025099075297 0.21643835616438356 0.5772787318361955 0.21643835616438356 0.5772787318361955 0.26164383561643834 0.5033025099075297 0.26164383561643834
25 0.6155878467635403 0.06575342465753424 0.6776750330250991 0.06575342465753424 0.6776750330250991 0.10136986301369863 0.6155878467635403 0.10136986301369863
24 0.8177014531043593 0.20684931506849316 0.8507265521796565 0.20684931506849316 0.8507265521796565 0.273972602739726 0.8177014531043593 0.273972602739726
24 0.6697490092470277 0.31232876712328766 0.702774108322325 0.31232876712328766 0.702774108322325 0.37123287671232874 0.6697490092470277 0.37123287671232874
24 0.7582562747688243 0.4 0.7912813738441216 0.4 0.7912813738441216 0.4232876712328767 0.7582562747688243 0.4232876712328767
24 0.1215323645970938 0.4397260273972603 0.16248348745046234 0.4397260273972603 0.16248348745046234 0.4726027397260274 0.1215323645970938 0.4726027397260274
24 0.18229854689564068 0.39452054794520547 0.22060766182298547 0.39452054794520547 0.22060766182298547 0.42191780821917807 0.18229854689564068 0.42191780821917807
15 0.8044914134742405 0.4041095890410959 0.8428005284015853 0.4041095890410959 0.8428005284015853 0.4383561643835616 0.8044914134742405 0.4383561643835616
15 0.05548216644649934 0.44794520547945205 0.10435931307793923 0.44794520547945205 0.10435931307793923 0.47534246575342465 0.05548216644649934 0.47534246575342465
15 0.05548216644649934 0.37945205479452054 0.09907529722589167 0.37945205479452054 0.09907529722589167 0.40821917808219177 0.05548216644649934 0.40821917808219177
21 0.5904887714663144 0.056164383561643834 0.8560105680317041 0.056164383561643834 0.8560105680317041 0.11095890410958904 0.5904887714663144 0.11095890410958904
21 0.8124174372523117 0.06027397260273973 0.8586525759577279 0.06027397260273973 0.8586525759577279 0.27534246575342464 0.8124174372523117 0.27534246575342464
16 0.1096433289299868 0.8054794520547945 0.2575957727873184 0.8054794520547945 0.2575957727873184 0.826027397260274 0.1096433289299868 0.826027397260274
32 0.8048877146631439 0.32105479452054797 0.849114927344782 0.32105479452054797 0.849114927344782 0.3621232876712329 0.8048877146631439 0.3621232876712329