2 0.07641945773524719 0.6382883522727272 0.32750398724082935 0.6382883522727272 0.32750398724082935 0.9733593749999998 0.07641945773524719 0.9733593749999998
2 0.5284130781499201 0.03654119318181819 0.8737878787878788 0.03654119318181819 0.8737878787878788 0.26990767045454545 0.5284130781499201 0.26990767045454545
0 0.7725039872408294 0.275106534090909 0.9487719298245614 0.275106534090909 0.9487719298245614 0.5104900568181818 0.7725039872408294 0.5104900568181818
27 0.3333094098883572 0.6853409090909091 0.4553987240829346 0.6853409090909091 0.4553987240829346 0.8559374999999999 0.3333094098883572 0.8559374999999999
27 0.3388516746411483 0.038430397727272726 0.530207336523126 0.038430397727272726 0.530207336523126 0.1523934659090909 0.3388516746411483 0.1523934659090909
7 0.5198245614035087 0.27693892045454543 0.7685007974481658 0.27693892045454543 0.7685007974481658 0.6273792613636364 0.5198245614035087 0.6273792613636364
3 0.25969696969696965 0.27762073863636366 0.5198245614035087 0.27762073863636366 0.5198245614035087 0.5601917613636364 0.25969696969696965 0.5601917613636364
29 0.25222488038277513 0.15542613636363636 0.4021610845295056 0.15542613636363636 0.4021610845295056 0.2717613636363636 0.25222488038277513 0.2717613636363636
6 0.08315789473684211 0.15634943181818184 0.25719298245614036 0.15634943181818184 0.25719298245614036 0.5122017045454546 0.08315789473684211 0.5122017045454546
5 0.16717703349282295 0.5523792613636364 0.49381180223285487 0.5523792613636364 0.49381180223285487 0.6275639204545453 0.16717703349282295 0.6275639204545453
14 0.8764673046251993 0.1507741477272727 0.9474242424242424 0.1507741477272727 0.9474242424242424 0.27377130681818185 0.8764673046251993 0.27377130681818185
14 0.3310526315789474 0.866747159090909 0.40467304625199363 0.866747159090909 0.40467304625199363 0.9703267045454546 0.3310526315789474 0.9703267045454546
4 0.31259968102073366 0.34132102272727277 0.4313237639553429 0.34132102272727277 0.4313237639553429 0.4795028409090909 0.31259968102073366 0.4795028409090909
1 0.6361323763955343 0.12825284090909095 0.7488755980861244 0.12825284090909095 0.7488755980861244 0.2667755681818182 0.6361323763955343 0.2667755681818182
1 0.07108452950558214 0.7573082386363637 0.2385805422647528 0.7573082386363637 0.2385805422647528 0.8594815340909091 0.07108452950558214 0.8594815340909091
1 0.6611961722488038 0.7187428977272728 0.7652791068580542 0.7187428977272728 0.7652791068580542 0.8659730113636365 0.6611961722488038 0.8659730113636365
2 0.5914035087719298 0.6293892045454546 0.8681818181818182 0.6293892045454546 0.8681818181818182 0.8527982954545454 0.5914035087719298 0.8527982954545454
8 0.6028628389154705 0.46156960227272725 0.7716507177033494 0.46156960227272725 0.7716507177033494 0.508856534090909 0.6028628389154705 0.508856534090909
8 0.7181578947368421 0.41842329545454543 0.7689234449760766 0.41842329545454543 0.7689234449760766 0.4941051136363636 0.7181578947368421 0.4941051136363636
8 0.6452472089314195 0.4022017045454545 0.6796331738437001 0.4022017045454545 0.6796331738437001 0.4291619318181818 0.6452472089314195 0.4291619318181818
8 0.5313317384370015 0.35754261363636364 0.5775677830940988 0.35754261363636364 0.5775677830940988 0.4632528409090909 0.5313317384370015 0.4632528409090909
28 0.6270175438596491 0.2844957386363636 0.7689314194577352 0.2844957386363636 0.7689314194577352 0.3106178977272727 0.6270175438596491 0.3106178977272727
12 0.4051116427432217 0.1584588068181818 0.451347687400319 0.1584588068181818 0.451347687400319 0.2629048295454545 0.4051116427432217 0.2629048295454545
12 0.40398724082934606 0.15546875 0.5323125996810207 0.15546875 0.5323125996810207 0.1963778409090909 0.40398724082934606 0.1963778409090909
12 0.8167543859649123 0.043274147727272734 0.8667543859649122 0.043274147727272734 0.8667543859649122 0.15397017045454547 0.8167543859649123 0.15397017045454547
15 0.43323763955342903 0.04928977272727273 0.465518341307815 0.04928977272727273 0.465518341307815 0.08821022727272726 0.43323763955342903 0.08821022727272726
24 0.4849760765550239 0.04327414772727272 0.5230940988835725 0.04327414772727272 0.5230940988835725 0.06817471590909091 0.4849760765550239 0.06817471590909091
24 0.4451754385964912 0.7900390625 0.45394736842105265 0.7822265625 0.45394736842105265 0.7666015625 0.4440789473684211 0.7578125 0.4331140350877193 0.7578125 0.42543859649122806 0.7646484375 0.4232456140350877 0.7822265625 0.4331140350877193 0.791015625
24 0.48903508771929827 0.6806640625 0.49780701754385964 0.6728515625 0.49780701754385964 0.6591796875 0.4901315789473684 0.650390625 0.4769736842105263 0.650390625 0.47149122807017546 0.6552734375 0.47149122807017546 0.6767578125
15 0.3828708133971292 0.8096022727272726 0.4091866028708134 0.8096022727272726 0.4091866028708134 0.8460227272727273 0.3828708133971292 0.8460227272727273
15 0.4899681020733652 0.7494034090909092 0.515645933014354 0.7494034090909092 0.515645933014354 0.7800568181818182 0.4899681020733652 0.7800568181818182
12 0.07715311004784688 0.6373508522727273 0.24782296650717703 0.6373508522727273 0.24782296650717703 0.6785298295454546 0.07715311004784688 0.6785298295454546
12 0.8185725677830941 0.6317897727272727 0.8666586921850081 0.6317897727272727 0.8666586921850081 0.7512215909090909 0.8185725677830941 0.7512215909090909
16 0.16761562998405102 0.551221590909091 0.24699362041467302 0.551221590909091 0.24699362041467302 0.6259659090909091 0.16761562998405102 0.6259659090909091
16 0.522200956937799 0.6317897727272728 0.585518341307815 0.6317897727272728 0.585518341307815 0.6948863636363636 0.522200956937799 0.6948863636363636
16 0.59396331738437 0.6299360795454546 0.6653668261562998 0.6299360795454546 0.6653668261562998 0.697109375 0.59396331738437 0.697109375
16 0.46189792663476875 0.09279829545454545 0.5264593301435407 0.09279829545454545 0.5264593301435407 0.1510369318181818 0.46189792663476875 0.1510369318181818
16 0.4618899521531101 0.2205965909090909 0.5281259968102073 0.2205965909090909 0.5281259968102073 0.2755397727272727 0.4618899521531101 0.2755397727272727
16 0.2508133971291866 0.6290198863636364 0.3218500797448166 0.6290198863636364 0.3218500797448166 0.6963778409090909 0.2508133971291866 0.6963778409090909
16 0.3308771929824561 0.7540411931818182 0.3992025518341308 0.7540411931818182 0.3992025518341308 0.8067542613636363 0.3308771929824561 0.8067542613636363
24 0.2736921850079745 0.15669034090909092 0.3368341307814992 0.15669034090909092 0.3368341307814992 0.19694602272727274 0.2736921850079745 0.19694602272727274
25 0.08132376395534291 0.2937713068181818 0.12639553429027114 0.2937713068181818 0.12639553429027114 0.3362571022727273 0.08132376395534291 0.3362571022727273