2 0.5198949919224556 0.06080267558528428 0.8606219709208401 0.06080267558528428 0.8606219709208401 0.34204013377926423 0.5198949919224556 0.34204013377926423
2 0.048465266558966075 0.6476086956521739 0.38184168012924075 0.6476086956521739 0.38184168012924075 0.912123745819398 0.048465266558966075 0.912123745819398
27 0.38478190630048464 0.6506605351170569 0.5889176090468498 0.6506605351170569 0.5889176090468498 0.7859615384615385 0.38478190630048464 0.7859615384615385
27 0.30988691437802907 0.06384615384615384 0.5096284329563813 0.06384615384615384 0.5096284329563813 0.20371237458193978 0.30988691437802907 0.20371237458193978
14 0.8709046849757672 0.19611204013377925 0.94140549273021 0.19611204013377925 0.94140549273021 0.34813545150501674 0.8709046849757672 0.34813545150501674
14 0.3877140549273021 0.7920317725752508 0.4567447495961228 0.7920317725752508 0.4567447495961228 0.9136538461538461 0.3877140549273021 0.9136538461538461
0 0.8239014539579967 0.3602926421404682 0.9413974151857836 0.3602926421404682 0.9413974151857836 0.7768311036789298 0.8239014539579967 0.7768311036789298
29 0.23644588045234247 0.21282608695652175 0.37890145395799674 0.21282608695652175 0.37890145395799674 0.36028428093645487 0.23644588045234247 0.36028428093645487
6 0.049927302100161566 0.20370401337792643 0.23498384491114704 0.20370401337792643 0.23498384491114704 0.49559364548494983 0.049927302100161566 0.49559364548494983
26 0.5977302100161551 0.6384866220735786 0.8150969305331178 0.6384866220735786 0.8150969305331178 0.7798745819397993 0.5977302100161551 0.7798745819397993
3 0.30693861066235867 0.3709364548494984 0.553675282714055 0.3709364548494984 0.553675282714055 0.6354515050167224 0.30693861066235867 0.6354515050167224
7 0.5580856219709208 0.36788461538461537 0.8150969305331179 0.36788461538461537 0.8150969305331179 0.6400083612040134 0.5580856219709208 0.6400083612040134
5 0.17477382875605815 0.548804347826087 0.544870759289176 0.548804347826087 0.544870759289176 0.6369816053511707 0.17477382875605815 0.6369816053511707
4 0.32755250403877223 0.4289297658862876 0.5034329563812601 0.4289297658862876 0.5034329563812601 0.5579264214046823 0.32755250403877223 0.5579264214046823
8 0.6770516962843295 0.5848076923076923 0.8082471728594507 0.5848076923076923 0.8082471728594507 0.6299414715719063 0.6770516962843295 0.6299414715719063
8 0.766437802907916 0.5275250836120401 0.8116558966074314 0.5275250836120401 0.8116558966074314 0.629933110367893 0.766437802907916 0.629933110367893
8 0.5748869143780291 0.4540969899665551 0.627794830371567 0.4540969899665551 0.627794830371567 0.5852675585284282 0.5748869143780291 0.5852675585284282
28 0.665702746365105 0.36891304347826087 0.8105169628432956 0.36891304347826087 0.8105169628432956 0.40192307692307694 0.665702746365105 0.40192307692307694
12 0.47415185783521807 0.210309364548495 0.5165751211631664 0.210309364548495 0.5165751211631664 0.3431688963210702 0.47415185783521807 0.3431688963210702
12 0.04567851373182553 0.6450083612040134 0.10120355411954765 0.6450083612040134 0.10120355411954765 0.9108110367892976 0.04567851373182553 0.9108110367892976
12 0.8089983844911147 0.06345317725752507 0.8649919224555737 0.06345317725752507 0.8649919224555737 0.22330267558528427 0.8089983844911147 0.22330267558528427
1 0.6415831987075928 0.1794648829431438 0.7707915993537965 0.1794648829431438 0.7707915993537965 0.34551839464882944 0.6415831987075928 0.34551839464882944
1 0.16344103392568662 0.7434113712374582 0.28392568659127626 0.7434113712374582 0.28392568659127626 0.9143478260869565 0.16344103392568662 0.9143478260869565
25 0.04955573505654281 0.3321822742474916 0.09861873990306946 0.3321822742474916 0.09861873990306946 0.38239966555183946 0.04955573505654281 0.38239966555183946
24 0.20093699515347332 0.21611204013377924 0.2977382875605816 0.21611204013377924 0.2977382875605816 0.25515886287625417 0.20093699515347332 0.25515886287625417
24 0.48013731825525036 0.14300167224080268 0.5112035541195477 0.14300167224080268 0.5112035541195477 0.18275083612040136 0.48013731825525036 0.18275083612040136
24 0.38706785137318256 0.6525250836120401 0.4385541195476575 0.6525250836120401 0.4385541195476575 0.6888461538461539 0.38706785137318256 0.6888461538461539
15 0.46555735056542813 0.6618060200668896 0.498642972536349 0.6618060200668896 0.498642972536349 0.7027759197324415 0.46555735056542813 0.7027759197324415
15 0.4162197092084006 0.08031772575250837 0.4493053311793215 0.08031772575250837 0.4493053311793215 0.12516722408026754 0.4162197092084006 0.12516722408026754
16 0.5216316639741518 0.27646321070234114 0.6017932148626818 0.27646321070234114 0.6017932148626818 0.3462123745819398 0.5216316639741518 0.3462123745819398
16 0.29288368336025844 0.640928093645485 0.37487075928917607 0.640928093645485 0.37487075928917607 0.7195735785953178 0.29288368336025844 0.7195735785953178
16 0.3780936995153474 0.7082441471571906 0.45379644588045237 0.7082441471571906 0.45379644588045237 0.7790133779264214 0.3780936995153474 0.7790133779264214
16 0.3893214862681745 0.13370401337792642 0.4636672051696284 0.13370401337792642 0.4636672051696284 0.20224916387959868 0.3893214862681745 0.20224916387959868