2 0.6909181818181818 0.035682888540031404 0.9405 0.035682888540031404 0.9405 0.3525117739403454 0.6909181818181818 0.3525117739403454
2 0.1619818181818182 0.7050156985871271 0.4892545454545455 0.7050156985871271 0.4892545454545455 0.9262244897959183 0.1619818181818182 0.9262244897959183
2 0.1553636363636364 0.11845368916797488 0.43470909090909093 0.11845368916797488 0.43470909090909093 0.3582182103610675 0.1553636363636364 0.3582182103610675
27 0.5570272727272727 0.11845368916797488 0.6892636363636364 0.11845368916797488 0.6892636363636364 0.2897095761381476 0.5570272727272727 0.2897095761381476
27 0.4380272727272727 0.12273940345368917 0.5570272727272727 0.12273940345368917 0.5570272727272727 0.2526138147566719 0.4380272727272727 0.2526138147566719
27 0.49420909090909093 0.8148901098901099 0.6842999999999999 0.8148901098901099 0.6842999999999999 0.9290659340659342 0.49420909090909093 0.9290659340659342
30 0.4925636363636363 0.7050156985871272 0.6859454545454545 0.7050156985871272 0.6859454545454545 0.8163343799058085 0.4925636363636363 0.8163343799058085
6 0.6975181818181818 0.6564913657770801 0.9289181818181818 0.6564913657770801 0.9289181818181818 0.8063343799058085 0.6975181818181818 0.8063343799058085
29 0.6975272727272727 0.8206122448979593 0.9338909090909091 0.8206122448979593 0.9338909090909091 0.9247880690737832 0.6975272727272727 0.9247880690737832
14 0.08429999999999999 0.16839874411302985 0.15206363636363637 0.16839874411302985 0.15206363636363637 0.32252747252747255 0.08429999999999999 0.32252747252747255
0 0.09091818181818183 0.3596310832025118 0.2495909090909091 0.3596310832025118 0.2495909090909091 0.6964442700156985 0.09091818181818183 0.6964442700156985
0 0.03802727272727273 0.8020486656200941 0.15702727272727274 0.8020486656200941 0.15702727272727274 0.9347802197802196 0.03802727272727273 0.9347802197802196
26 0.2545545454545454 0.3624960753532182 0.46777272727272723 0.3624960753532182 0.46777272727272723 0.4695290423861853 0.2545545454545454 0.4695290423861853
7 0.2595 0.4695290423861852 0.5966818181818181 0.4695290423861852 0.5966818181818181 0.6992935635792779 0.2595 0.6992935635792779
3 0.6016636363636364 0.4695290423861853 0.9239727272727273 0.4695290423861853 0.9239727272727273 0.6607692307692307 0.6016636363636364 0.6607692307692307
5 0.46941818181818173 0.36819466248037674 0.7933818181818182 0.36819466248037674 0.7933818181818182 0.465243328100471 0.46941818181818173 0.465243328100471
31 0.44297272727272724 0.2583124018838305 0.5537181818181818 0.2583124018838305 0.5537181818181818 0.3482182103610675 0.44297272727272724 0.3482182103610675
18 0.6231363636363637 0.9333437990580848 0.7454454545454545 0.9333437990580848 0.7454454545454545 0.9675981161695447 0.6231363636363637 0.9675981161695447
4 0.6940181818181819 0.5050392464678178 0.8973272727272726 0.5050392464678178 0.8973272727272726 0.6178806907378336 0.6940181818181819 0.6178806907378336
28 0.25229999999999997 0.6698116169544741 0.4450818181818182 0.6698116169544741 0.4450818181818182 0.7057299843014129 0.25229999999999997 0.7057299843014129
12 0.7667636363636363 0.3149607535321821 0.9321818181818181 0.3149607535321821 0.9321818181818181 0.3502825745682889 0.7667636363636363 0.3502825745682889
12 0.3812818181818182 0.12328885400313971 0.43428181818181816 0.12328885400313971 0.43428181818181816 0.29432496075353215 0.3812818181818182 0.29432496075353215
12 0.16379090909090907 0.7086656200941915 0.2099181818181818 0.7086656200941915 0.2099181818181818 0.8217582417582419 0.16379090909090907 0.8217582417582419
1 0.2822909090909091 0.7902668759811617 0.4042909090909091 0.7902668759811617 0.4042909090909091 0.9222919937205651 0.2822909090909091 0.9222919937205651
1 0.7727636363636363 0.14142072213500784 0.9309818181818181 0.14142072213500784 0.9309818181818181 0.24561224489795916 0.7727636363636363 0.24561224489795916
1 0.20729999999999998 0.22041601255886967 0.32149999999999995 0.22041601255886967 0.32149999999999995 0.35547095761381475 0.20729999999999998 0.35547095761381475
12 0.5237727272727273 0.7034772370486656 0.6826272727272727 0.7034772370486656 0.6826272727272727 0.7429905808477236 0.5237727272727273 0.7429905808477236
12 0.6377727272727274 0.7073783359497645 0.6910272727272727 0.7073783359497645 0.6910272727272727 0.8113971742543171 0.6377727272727274 0.8113971742543171
8 0.25505454545454553 0.46916797488226064 0.32443636363636363 0.46916797488226064 0.32443636363636363 0.5730298273155415 0.25505454545454553 0.5730298273155415
8 0.4252698863636364 0.5166015625 0.4252698863636364 0.5029296875 0.43205610795454547 0.4970703125 0.4286629971590909 0.478515625 0.29859375 0.4814453125 0.30764204545454543 0.4912109375 0.29859375 0.4970703125 0.29859375 0.5146484375 0.3042489346590909 0.517578125
8 0.49313210227272725 0.5673828125 0.49313210227272725 0.5205078125 0.4671182528409091 0.517578125 0.45806995738636364 0.525390625 0.44675958806818183 0.525390625 0.4456285511363636 0.5615234375 0.46259410511363636 0.568359375
8 0.4908700284090909 0.6220703125 0.49313210227272725 0.5205078125 0.4648561789772727 0.517578125 0.44336647727272727 0.5302734375 0.44336647727272727 0.5576171875 0.4614630681818182 0.5693359375 0.45806995738636364 0.578125 0.44336647727272727 0.5810546875 0.44336647727272727 0.6123046875 0.4648561789772727 0.623046875
15 0.6336272727272727 0.13527472527472528 0.6691363636363636 0.13527472527472528 0.6691363636363636 0.1729513343799058 0.6336272727272727 0.1729513343799058
15 0.5041454545454545 0.20834379905808478 0.5306909090909091 0.20834379905808478 0.5306909090909091 0.23762166405023544 0.5041454545454545 0.23762166405023544
15 0.5579999999999999 0.8781083202511775 0.5901818181818183 0.8781083202511775 0.5901818181818183 0.9134458398744113 0.5579999999999999 0.9134458398744113
24 0.5028545454545454 0.8947095761381475 0.5399090909090909 0.8947095761381475 0.5399090909090909 0.9231868131868133 0.5028545454545454 0.9231868131868133
24 0.5631181818181819 0.1873155416012559 0.6024818181818182 0.1873155416012559 0.6024818181818182 0.22260596546310835 0.5631181818181819 0.22260596546310835
24 0.5067090909090909 0.2603767660910518 0.5481272727272727 0.2603767660910518 0.5481272727272727 0.28816326530612246 0.5067090909090909 0.28816326530612246
25 0.8836454545454545 0.7330769230769231 0.9337363636363636 0.7330769230769231 0.9337363636363636 0.7770643642072214 0.8836454545454545 0.7770643642072214
16 0.44773636363636365 0.7042935635792779 0.5163363636363637 0.7042935635792779 0.5163363636363637 0.7628963893249608 0.44773636363636365 0.7628963893249608
16 0.5515727272727272 0.8172135007849293 0.6117 0.8172135007849293 0.6117 0.876287284144427 0.5515727272727272 0.876287284144427
16 0.7092818181818182 0.36776295133437986 0.792209090909091 0.36776295133437986 0.792209090909091 0.43958398744113025 0.7092818181818182 0.43958398744113025
16 0.6926181818181818 0.2924725274725275 0.7573454545454545 0.2924725274725275 0.7573454545454545 0.3501020408163265 0.6926181818181818 0.3501020408163265
16 0.6195272727272727 0.17846153846153845 0.6875999999999999 0.17846153846153845 0.6875999999999999 0.23494505494505494 0.6195272727272727 0.23494505494505494
16 0.3579727272727273 0.2913657770800628 0.4342818181818182 0.2913657770800628 0.4342818181818182 0.35541601255886973 0.3579727272727273 0.35541601255886973
24 0.7503272727272726 0.8858477237048665 0.8127272727272727 0.8858477237048665 0.8127272727272727 0.9249843014128729 0.7503272727272726 0.9249843014128729