6 0.5677751196172249 0.682627245508982 0.8614114832535885 0.682627245508982 0.8614114832535885 0.9019535928143713 0.5677751196172249 0.9019535928143713
29 0.8685406698564592 0.6847754491017966 0.9816985645933014 0.6847754491017966 0.9816985645933014 0.9105239520958084 0.8685406698564592 0.9105239520958084
3 0.2305821371610845 0.6826422155688623 0.5461323763955344 0.6826422155688623 0.5461323763955344 0.9789745508982036 0.2305821371610845 0.9789745508982036
7 0.1599452761208775 0.4816082137787415 0.670055960028789 0.48096109903637874 0.6718783682956773 0.583644139638698 0.8614117479096893 0.5819326533503363 0.8595894786836392 0.6675017450455423 0.5497752068832475 0.6640789683209268 0.5443078430417436 0.7564935481813277 0.15977385901305344 0.7599163249059432
2 0.556390935724432 0.12660393661877561 0.914262560935325 0.130127823086034 0.9160848301613754 0.43475377646416025 0.5625322037923053 0.42106273484973455
1 0.7204465709728867 0.19289670658682637 0.9106220095693779 0.19289670658682637 0.9106220095693779 0.3543188622754491 0.7204465709728867 0.3543188622754491
20 0.10753588516746414 0.05817365269461078 0.5552392344497608 0.05817365269461078 0.5552392344497608 0.362874251497006 0.10753588516746414 0.362874251497006
27 0.6862599681020733 0.43028443113772447 0.9251913875598087 0.43028443113772447 0.9251913875598087 0.5596856287425149 0.6862599681020733 0.5596856287425149
16 0.7012435207336523 0.4970703125 0.7210115131578947 0.490234375 0.7386986642743222 0.4755859375 0.7553453947368421 0.4521484375 0.7563858153907496 0.439453125 0.6939605761562998 0.4375 0.6887584728867624 0.4423828125 0.6887584728867624 0.4970703125
16 0.24970095693779903 0.4638671875 0.27987315590111644 0.453125 0.30172198963317387 0.4365234375 0.3204495614035088 0.4111328125 0.32565166467304624 0.37890625 0.13525468500797447 0.3779296875 0.13525468500797447 0.3974609375 0.14253762958532695 0.404296875 0.14878015350877194 0.3984375 0.1602247807017544 0.4091796875 0.14878015350877194 0.421875 0.14045678827751196 0.416015625 0.13525468500797447 0.4189453125 0.13837594696969696 0.46484375
4 0.3353827751196172 0.7660329341317366 0.4809808612440191 0.7660329341317366 0.4809808612440191 0.9344760479041917 0.3353827751196172 0.9344760479041917
8 0.2875358851674641 0.5008607784431137 0.41718500797448166 0.5008607784431137 0.41718500797448166 0.5579715568862275 0.2875358851674641 0.5579715568862275
8 0.276140350877193 0.6826347305389222 0.4062519936204147 0.6826347305389222 0.4062519936204147 0.7376646706586826 0.276140350877193 0.7376646706586826
8 0.4288038277511962 0.5692889221556886 0.4809888357256779 0.5692889221556886 0.4809888357256779 0.6675074850299401 0.4288038277511962 0.6675074850299401
25 0.640622009569378 0.6923203592814371 0.6918819776714513 0.6923203592814371 0.6918819776714513 0.7454041916167665 0.640622009569378 0.7454041916167665
24 0.7960765550239235 0.852687125748503 0.858086124401914 0.852687125748503 0.858086124401914 0.9026422155688621 0.7960765550239235 0.9026422155688621
24 0.8822886762360448 0.8599176646706588 0.983676236044657 0.8599176646706588 0.983676236044657 0.9026571856287425 0.8822886762360448 0.9026571856287425
15 0.7887878787878788 0.5115494011976048 0.8308931419457736 0.5115494011976048 0.8308931419457736 0.5579715568862276 0.7887878787878788 0.5579715568862276
24 0.7090510366826156 0.5286601796407185 0.7579984051036683 0.5286601796407185 0.7579984051036683 0.5631062874251497 0.7090510366826156 0.5631062874251497
21 0.5700637958532695 0.6851946107784431 0.8614194577352472 0.6851946107784431 0.8614194577352472 0.7462125748502993 0.5700637958532695 0.7462125748502993
21 0.5700637958532695 0.8477395209580838 0.863237639553429 0.8477395209580838 0.863237639553429 0.9052245508982036 0.5700637958532695 0.9052245508982036