27 0.3272490221642764 0.04962406015037594 0.5241199478487614 0.04962406015037594 0.5241199478487614 0.19398496240601504 0.3272490221642764 0.19398496240601504
27 0.38852672750977835 0.687218045112782 0.5971316818774446 0.687218045112782 0.5971316818774446 0.8240601503759398 0.38852672750977835 0.8240601503759398
6 0.06258148631029987 0.19398496240601504 0.24902216427640156 0.19398496240601504 0.24902216427640156 0.5172932330827068 0.06258148631029987 0.5172932330827068
29 0.2529335071707953 0.19548872180451127 0.39504563233376794 0.19548872180451127 0.39504563233376794 0.35789473684210527 0.2529335071707953 0.35789473684210527
2 0.5345501955671447 0.05413533834586466 0.8722294654498044 0.05413533834586466 0.8722294654498044 0.35037593984962406 0.5345501955671447 0.35037593984962406
2 0.11342894393741851 0.6842105263157895 0.3898305084745763 0.6842105263157895 0.3898305084745763 0.9654135338345865 0.11342894393741851 0.9654135338345865
0 0.8318122555410691 0.3669172932330827 0.9491525423728814 0.3669172932330827 0.9491525423728814 0.8240601503759398 0.8318122555410691 0.8240601503759398
14 0.8735332464146024 0.19849624060150375 0.9478487614080835 0.19849624060150375 0.9478487614080835 0.3593984962406015 0.8735332464146024 0.3593984962406015
14 0.39374185136897 0.8390977443609022 0.4758800521512386 0.8390977443609022 0.4758800521512386 0.9699248120300752 0.39374185136897 0.9699248120300752
26 0.6075619295958279 0.6721804511278195 0.8292046936114733 0.6721804511278195 0.8292046936114733 0.8285714285714286 0.6075619295958279 0.8285714285714286
12 0.48891786179921776 0.20150375939849624 0.5345501955671447 0.20150375939849624 0.5345501955671447 0.3533834586466165 0.48891786179921776 0.3533834586466165
5 0.20208604954367665 0.5203007518796993 0.34159061277705344 0.5203007518796993 0.34159061277705344 0.6796992481203008 0.20208604954367665 0.6796992481203008
3 0.3324641460234681 0.3744360902255639 0.5554106910039114 0.3744360902255639 0.5554106910039114 0.6691729323308271 0.3324641460234681 0.6691729323308271
7 0.5580182529335072 0.3593984962406015 0.8279009126466753 0.3593984962406015 0.8279009126466753 0.6691729323308271 0.5580182529335072 0.6691729323308271
4 0.341219035202086 0.46015037593984964 0.5064211212516297 0.46015037593984964 0.5064211212516297 0.5806917293233083 0.341219035202086 0.5806917293233083
16 0.5398500651890482 0.269609022556391 0.607477183833116 0.269609022556391 0.607477183833116 0.3498195488721804 0.5398500651890482 0.3498195488721804
16 0.41644067796610174 0.1216842105263158 0.4826466753585398 0.1216842105263158 0.4826466753585398 0.19906766917293234 0.41644067796610174 0.19906766917293234
16 0.19502607561929597 0.5724060150375939 0.2823142112125163 0.5724060150375939 0.2823142112125163 0.669187969924812 0.19502607561929597 0.669187969924812
16 0.3172294654498044 0.6868421052631579 0.3878031290743155 0.6868421052631579 0.3878031290743155 0.7685864661654136 0.3172294654498044 0.7685864661654136
16 0.39224250325945237 0.7468496240601504 0.46715775749674054 0.7468496240601504 0.46715775749674054 0.8199473684210526 0.39224250325945237 0.8199473684210526
1 0.6514928292046935 0.17113533834586467 0.7697588005215124 0.17113533834586467 0.7697588005215124 0.35235338345864664 0.6514928292046935 0.35235338345864664
1 0.18022164276401567 0.7863007518796993 0.29855280312907434 0.7863007518796993 0.29855280312907434 0.9666015037593986 0.18022164276401567 0.9666015037593986
28 0.6833376792698825 0.36579699248120295 0.8194263363754889 0.36579699248120295 0.8194263363754889 0.4096616541353383 0.6833376792698825 0.4096616541353383
8 0.5862059973924381 0.46678947368421053 0.6423989569752282 0.46678947368421053 0.6423989569752282 0.6095112781954887 0.5862059973924381 0.6095112781954887
8 0.6849348109517601 0.6063533834586466 0.8206975228161668 0.6063533834586466 0.8206975228161668 0.6682932330827067 0.6849348109517601 0.6682932330827067
8 0.7677118644067797 0.5494285714285715 0.8232398956975228 0.5494285714285715 0.8232398956975228 0.6624210526315789 0.7677118644067797 0.6624210526315789
8 0.6897001303780965 0.5126917293233083 0.7315514993481094 0.5126917293233083 0.7315514993481094 0.5698345864661654 0.6897001303780965 0.5698345864661654
12 0.06559322033898306 0.6944887218045113 0.11771838331160364 0.6944887218045113 0.11771838331160364 0.9563082706766917 0.06559322033898306 0.9563082706766917
12 0.8170730117340288 0.048112781954887225 0.8729139504563234 0.048112781954887225 0.8729139504563234 0.20981203007518798 0.8170730117340288 0.20981203007518798
25 0.069993481095176 0.33438345864661656 0.11910691003911342 0.33438345864661656 0.11910691003911342 0.3867293233082707 0.069993481095176 0.3867293233082707
24 0.2268122555410691 0.2075563909774436 0.3103194263363755 0.2075563909774436 0.3103194263363755 0.24817293233082707 0.2268122555410691 0.24817293233082707
24 0.4897588005215124 0.13036090225563912 0.5229400260756193 0.13036090225563912 0.5229400260756193 0.17502255639097744 0.4897588005215124 0.17502255639097744
24 0.4008279009126467 0.6883909774436091 0.4479856584093872 0.6883909774436091 0.4479856584093872 0.7238195488721804 0.4008279009126467 0.7238195488721804
15 0.43334419817470665 0.0630827067669173 0.46175358539765315 0.0630827067669173 0.46175358539765315 0.10615037593984963 0.43334419817470665 0.10615037593984963
15 0.4830573663624511 0.6928045112781954 0.5091720990873533 0.6928045112781954 0.5091720990873533 0.7414511278195489 0.4830573663624511 0.7414511278195489
21 0.06255541069100391 0.19420300751879702 0.11942633637548893 0.19420300751879702 0.11942633637548893 0.45190225563909775 0.06255541069100391 0.45190225563909775
21 0.0655606258148631 0.20149624060150376 0.3147262059973924 0.20149624060150376 0.3147262059973924 0.2579323308270676 0.0655606258148631 0.2579323308270676
19 0.07052151238591917 0.4565413533834586 0.12116036505867016 0.4565413533834586 0.12116036505867016 0.5130526315789474 0.07052151238591917 0.5130526315789474
32 0.32528031290743153 0.20234586466165413 0.38421121251629725 0.20234586466165413 0.38421121251629725 0.2628872180451128 0.32528031290743153 0.2628872180451128