2 0.6023939393939394 0.02695007800312011 0.8797070707070707 0.02695007800312011 0.8797070707070707 0.2524570982839313 0.6023939393939394 0.2524570982839313
2 0.1285555555555556 0.2652028081123245 0.42239393939393943 0.2652028081123245 0.42239393939393943 0.48787051482059285 0.1285555555555556 0.48787051482059285
0 0.0550909090909091 0.8481045241809673 0.24975757575757576 0.8481045241809673 0.24975757575757576 0.950210608424337 0.0550909090909091 0.950210608424337
0 0.4242424242424243 0.841021840873635 0.7107474747474748 0.841021840873635 0.7107474747474748 0.9459672386895476 0.4242424242424243 0.9459672386895476
6 0.719929292929293 0.4850312012480499 0.9366363636363636 0.4850312012480499 0.9366363636363636 0.7232995319812793 0.719929292929293 0.7232995319812793
29 0.7272828282828283 0.728978159126365 0.9403131313131314 0.728978159126365 0.9403131313131314 0.8310842433697349 0.7272828282828283 0.8310842433697349
3 0.42974747474747466 0.2623634945397816 0.7107373737373738 0.2623634945397816 0.7107373737373738 0.5814742589703589 0.42974747474747466 0.5814742589703589
7 0.42424242424242425 0.5800546021840873 0.7070707070707071 0.5800546021840873 0.7070707070707071 0.8438455538221529 0.42424242424242425 0.8438455538221529
5 0.7272727272727273 0.26521060842433697 0.9494949494949495 0.26521060842433697 0.9494949494949495 0.4651794071762871 0.7272727272727273 0.4651794071762871
10 0.11754545454545452 0.02694227769110765 0.5968787878787879 0.02694227769110765 0.5968787878787879 0.13898595943837755 0.11754545454545452 0.13898595943837755
27 0.12672727272727274 0.14607644305772233 0.33242424242424246 0.14607644305772233 0.33242424242424246 0.25670046801872076 0.12672727272727274 0.25670046801872076
27 0.3526262626262627 0.15033541341653664 0.595050505050505 0.15033541341653664 0.595050505050505 0.2510374414976599 0.3526262626262627 0.2510374414976599
27 0.06978787878787877 0.49638845553822153 0.28099999999999997 0.49638845553822153 0.28099999999999997 0.6098517940717629 0.06978787878787877 0.6098517940717629
2 0.3515585542929293 0.8310546875 0.35408775252525254 0.7001953125 0.4095500459136823 0.7020280811232448 0.41873278236914585 0.6892639341937313 0.4150596877869607 0.6793362643596652 0.411386593204775 0.6155155297120974 0.3148851799242424 0.6171875 0.07334674873737373 0.6181640625 0.06828835227272727 0.8076171875 0.07461134785353535 0.828125
12 0.35813131313131313 0.7034555382215288 0.4168989898989899 0.7034555382215288 0.4168989898989899 0.8367628705148206 0.35813131313131313 0.8367628705148206
12 0.05876767676767677 0.26663806552262087 0.12305050505050505 0.26663806552262087 0.12305050505050505 0.3843447737909516 0.05876767676767677 0.3843447737909516
12 0.8833838383838385 0.029781591263650552 0.9384747474747475 0.029781591263650552 0.9384747474747475 0.2510296411856474 0.8833838383838385 0.2510296411856474
4 0.47964646464646465 0.3302808112324493 0.6513434343434343 0.3302808112324493 0.6513434343434343 0.5061310452418096 0.47964646464646465 0.5061310452418096
16 0.12756127471703654 0.20993982786480828 0.1411850433172627 0.21007487783139173 0.1573440821871314 0.22077572737293524 0.16888617732915387 0.2296930679739333 0.19889551902737582 0.25109463098920093 0.19889551902737573 0.25466158083638213 0.12733456437051482 0.2582285306835632
16 0.46205532348916967 0.22077572737293522 0.4528216121518723 0.236826899634386 0.44358807693297064 0.2528781399297464 0.522074183004008 0.25466158083638213 0.5197657991992823 0.19580714647657674 0.4897564575010609 0.2029410801878939 0.48052274616376367 0.20472448707757476 0.4759058024359178 0.20650796200116542
16 0.8461759933317555 0.265656342239669 0.8498697907084861 0.2796301617327405 0.859103325927388 0.2956813339941912 0.8660286534599598 0.30638218353573476 0.8821875162114334 0.31886647398391393 0.8868046360576748 0.3206499148905497 0.9006549388860274 0.32778381458491207 0.9237391291700727 0.3438349868463627 0.9283558967795235 0.34383498684636277 0.9445151117677879 0.34740193669354397 0.9537486469866892 0.26001197159019895
16 0.32092346807923 0.6133273919387999 0.40896179150690254 0.609571763969669 0.40896179150690265 0.6666427574228387 0.3904943688323085 0.6684263343972937 0.36741017854826324 0.6666427574228387 0.3397092206547674 0.6488080762208426
16 0.2141413612971232 0.6066414102138166 0.22197970931142072 0.5828197421666749 0.24506389959546598 0.570335587786315 0.26583970607478563 0.5649850609646788 0.2773818012168081 0.611355204876305 0.21505455789724418 0.6113552048763049
16 0.32380947096523294 0.27679964511464117 0.33740066073164676 0.3063821835357348 0.35355969960151523 0.3152995241367329 0.3720269461577148 0.3260003056443667 0.3858776012228576 0.33135069639818365 0.4043448477790569 0.3456184957869082 0.4205038866489252 0.34561849578690806 0.42281227045365055 0.2635789214373802
1 0.673010101010101 0.027184087363494536 0.8181414141414142 0.027184087363494536 0.8181414141414142 0.16726209048361934 0.673010101010101 0.16726209048361934
1 0.1997070707070707 0.34588923556942275 0.361060606060606 0.34588923556942275 0.361060606060606 0.48294071762870516 0.1997070707070707 0.48294071762870516
1 0.07272727272727274 0.6601248049921997 0.2571717171717172 0.6601248049921997 0.2571717171717172 0.7807800312012481 0.07272727272727274 0.7807800312012481
8 0.4277171717171717 0.6445241809672386 0.4926464646464646 0.6445241809672386 0.4926464646464646 0.8342901716068643 0.4277171717171717 0.8342901716068643
8 0.4969696969696969 0.5865756630265211 0.6334545454545454 0.5865756630265211 0.6334545454545454 0.6398829953198127 0.4969696969696969 0.6398829953198127
28 0.6614747474747473 0.6957800312012481 0.7234949494949495 0.6957800312012481 0.7234949494949495 0.8289313572542902 0.6614747474747473 0.8289313572542902
24 0.5336464646464647 0.14954758190327613 0.5874848484848485 0.14954758190327613 0.5874848484848485 0.175600624024961 0.5336464646464647 0.175600624024961
24 0.12698989898989899 0.15082683307332295 0.18488888888888888 0.15082683307332295 0.18488888888888888 0.17457098283931358 0.12698989898989899 0.17457098283931358
24 0.22198989898989896 0.49575663026521066 0.2768787878787879 0.49575663026521066 0.2768787878787879 0.5236817472698908 0.22198989898989896 0.5236817472698908
24 0.886959595959596 0.7647347893915757 0.9314242424242425 0.7647347893915757 0.9314242424242425 0.8202574102964119 0.886959595959596 0.8202574102964119
25 0.8836161616161616 0.624446177847114 0.9354141414141414 0.624446177847114 0.9354141414141414 0.6636973478939158 0.8836161616161616 0.6636973478939158
15 0.16633333333333333 0.5021918876755069 0.20356565656565656 0.5021918876755069 0.20356565656565656 0.5452652106084244 0.16633333333333333 0.5452652106084244
15 0.20364646464646466 0.15599063962558501 0.23554545454545453 0.15599063962558501 0.23554545454545453 0.1972386895475819 0.20364646464646466 0.1972386895475819
15 0.4553232323232323 0.15855694227769113 0.49150505050505056 0.15855694227769113 0.49150505050505056 0.19517160686427457 0.4553232323232323 0.19517160686427457