7 0.17474865350089766 0.066815144766147 0.45243267504488327 0.066815144766147 0.45243267504488327 0.41870824053452116 0.17474865350089766 0.41870824053452116
27 0.17713644524236982 0.4305790645879733 0.3614631956912029 0.4305790645879733 0.3614631956912029 0.5864810690423163 0.17713644524236982 0.5864810690423163
27 0.4620017953321364 0.2583630289532294 0.6475134649910234 0.2583630289532294 0.6475134649910234 0.41722717149220484 0.4620017953321364 0.41722717149220484
2 0.18072710951526033 0.5924164810690423 0.44882405745062837 0.5924164810690423 0.44882405745062837 0.9190757238307349 0.18072710951526033 0.9190757238307349
2 0.7061669658886893 0.2613140311804009 0.9599012567324955 0.2613140311804009 0.9599012567324955 0.573118040089087 0.7061669658886893 0.573118040089087
12 0.6582854578096947 0.2613140311804009 0.7073518850987432 0.2613140311804009 0.7073518850987432 0.4127616926503341 0.6582854578096947 0.4127616926503341
12 0.12926391382405744 0.7230846325167037 0.17594254937163376 0.7230846325167037 0.17594254937163376 0.9220378619153675 0.12926391382405744 0.9220378619153675
0 0.4619928186714542 0.06978841870824054 0.5804847396768402 0.06978841870824054 0.5804847396768402 0.23163697104677058 0.4619928186714542 0.23163697104677058
3 0.4476391382405745 0.4186971046770601 0.6977827648114902 0.4186971046770601 0.6977827648114902 0.7453563474387527 0.4476391382405745 0.7453563474387527
29 0.7013824057450628 0.6622160356347438 0.8485996409335728 0.6622160356347438 0.8485996409335728 0.8121714922048998 0.7013824057450628 0.8121714922048998
6 0.7001795332136445 0.5909428359317 0.7001795332136446 0.6622123236822567 0.8497905445840814 0.6681514476614698 0.8473967684021542 0.8047512991833703 0.9599042489527231 0.8047512991833704 0.964691801316577 0.5864884929472902 0.701376421304608 0.5879732739420935
4 0.4492010771992818 0.532728285077951 0.5980161579892279 0.532728285077951 0.5980161579892279 0.703619153674833 0.4492010771992818 0.703619153674833
16 0.17271091865251909 0.24543430014017695 0.17150870558432285 0.3418230037041325 0.20310126185634816 0.3453875702886095 0.24331006943909536 0.3453875702886095 0.2591063475751079 0.3453875702886095 0.24761808553426967 0.2990483406673136 0.23325781276331523 0.27053194396840274 0.2131535185321282 0.2491446124499933 0.20022925112623183 0.24558004586551627 0.18586897835527727 0.2491446124499933 0.1743807163144391 0.2473623631519811
16 0.5210053531228961 0.4102449905633395 0.531951530223243 0.3721217176895082 0.5520559340146167 0.35429895275557577 0.5750323485361066 0.34004068641766766 0.583648490286642 0.34004068641766766 0.5807764795565256 0.4220254459068285
16 0.713105891722537 0.47706013532948655 0.7444835014972576 0.49688107222703526 0.7660239106536892 0.5182683357569922 0.7832564132751332 0.5378734179773895 0.7775121726945277 0.5717366305587894 0.6999667873795227 0.5770835144297313
16 0.3739885297427439 0.5842125796102328 0.38547679178358185 0.6127290442975962 0.3969649442642336 0.6358986251140178 0.4156333426905491 0.6644150218129288 0.43717375184698076 0.6804555374488489 0.4472258989625743 0.6822377867468612 0.44291788286739997 0.5735189478452543
1 0.7705475763016159 0.2632628062360801 0.9071184919210054 0.2632628062360801 0.9071184919210054 0.4576726057906459 0.7705475763016159 0.4576726057906459
1 0.2499012567324955 0.7220489977728286 0.3700269299820467 0.7220489977728286 0.3700269299820467 0.9192873051224945 0.2499012567324955 0.9192873051224945
8 0.24092459605026928 0.07172605790645879 0.3915709156193896 0.07172605790645879 0.3915709156193896 0.1368708240534521 0.24092459605026928 0.1368708240534521
8 0.18348294434470375 0.15412026726057906 0.23360861759425494 0.15412026726057906 0.23360861759425494 0.2259688195991091 0.18348294434470375 0.2259688195991091
28 0.19605924596050273 0.3590089086859688 0.36573608617594255 0.3590089086859688 0.36573608617594255 0.4113251670378619 0.19605924596050273 0.4113251670378619
24 0.46392511229154243 0.3549450377765853 0.49055663008889167 0.35583113379939924 0.5016984576571873 0.3777931175810298 0.4997322292612458 0.3908076598161526 0.49055663008889167 0.41114285296880493 0.46368507535959286 0.4095160313107843
24 0.17858488313906176 0.42991278782020753 0.1779294653398703 0.45675520554685783 0.18907131790979864 0.46570267812240773 0.20545638786509543 0.4665161354949815 0.2152874298382735 0.46570267812240773 0.2257738646090104 0.4567552055468578 0.22577386460901036 0.42584574918967694
15 0.2535737910254247 0.4371222919389124 0.2495706416988272 0.45067198503509537 0.24483965966059296 0.4637700113571436 0.24665926920472298 0.4786746875464054 0.25866868941947724 0.4899660984598913 0.27358949601085486 0.47912637154986604 0.2768647848607774 0.46331836181233443 0.2757730219108032 0.45383358353673653 0.27249773306088065 0.44976866871615134 0.2703141932784132 0.4357673260751593
15 0.5346328344419617 0.26406399219984505 0.5297512909757102 0.2856257028235074 0.5278952105096695 0.30635793487163787 0.5402692690964245 0.3163401119936138 0.5489311195478105 0.321715139456691 0.560686437442598 0.30482220855482384 0.560686437442598 0.29560790923702646 0.5563555358185486 0.2810185531646086 0.5532620211718599 0.26719707489636935
25 0.9128725314183125 0.6517149220489978 0.9603770197486536 0.6517149220489978 0.9603770197486536 0.7078396436525614 0.9128725314183125 0.7078396436525614
24 0.7705385996409335 0.7524721603563475 0.8353859964093358 0.7524721603563475 0.8353859964093358 0.8015144766146993 0.7705385996409335 0.8015144766146993