2 0.6411609498680739 0.036585365853658534 0.9485488126649076 0.036585365853658534 0.9485488126649076 0.29115853658536583 0.6411609498680739 0.29115853658536583
2 0.04221635883905013 0.4969512195121951 0.2836411609498681 0.4969512195121951 0.2836411609498681 0.8262195121951219 0.04221635883905013 0.8262195121951219
2 0.6345646437994723 0.5609756097560976 0.8535620052770448 0.5609756097560976 0.8535620052770448 0.8414634146341463 0.6345646437994723 0.8414634146341463
29 0.1741424802110818 0.2225609756097561 0.29023746701846964 0.2225609756097561 0.29023746701846964 0.35365853658536583 0.1741424802110818 0.35365853658536583
6 0.1741424802110818 0.053353658536585365 0.5197889182058048 0.053353658536585365 0.5197889182058048 0.22713414634146342 0.1741424802110818 0.22713414634146342
0 0.521484375 0.9061100657393293 0.6266490765171504 0.9100609756097561 0.6279683377308707 0.8841463414634146 0.6279683377308707 0.8399390243902439 0.521484375 0.8406625142911586 0.529296875 0.8384057021722561 0.529296875 0.7549036537728658 0.5263671875 0.7470048113567073 0.5224609375 0.7582888719512195 0.5146484375 0.7379775628810976 0.4931640625 0.740234375 0.4951171875 0.7470048113567073 0.4853515625 0.740234375 0.3271484375 0.740234375 0.3232421875 0.7492616234756098 0.294921875 0.7526468416539634 0.2978515625 0.9072384717987805
0 0.7229551451187335 0.8490853658536586 0.8575197889182058 0.8490853658536586 0.8575197889182058 0.948170731707317 0.7229551451187335 0.948170731707317
0 0.026385224274406333 0.8475609756097561 0.16490765171503957 0.8475609756097561 0.16490765171503957 0.9557926829268293 0.026385224274406333 0.9557926829268293
27 0.03825857519788918 0.3704268292682927 0.20580474934036938 0.3704268292682927 0.20580474934036938 0.4969512195121951 0.03825857519788918 0.4969512195121951
27 0.6860158311345647 0.42835365853658536 0.8535620052770448 0.42835365853658536 0.8535620052770448 0.5594512195121951 0.6860158311345647 0.5594512195121951
17 0.21372031662269128 0.37347560975609756 0.2862796833773087 0.37347560975609756 0.2862796833773087 0.49085365853658536 0.21372031662269128 0.49085365853658536
26 0.5290237467018469 0.6615853658536586 0.6358839050131926 0.6615853658536586 0.6358839050131926 0.8323170731707317 0.5290237467018469 0.8323170731707317
7 0.29155672823219 0.4268292682926829 0.525065963060686 0.4268292682926829 0.525065963060686 0.7347560975609756 0.29155672823219 0.7347560975609756
7 0.2955145118733509 0.23323170731707318 0.5277044854881267 0.23323170731707318 0.5277044854881267 0.42378048780487804 0.2955145118733509 0.42378048780487804
5 0.5329815303430079 0.14786585365853658 0.6345646437994723 0.14786585365853658 0.6345646437994723 0.6554878048780488 0.5329815303430079 0.6554878048780488
5 0.637203166226913 0.29878048780487804 0.679419525065963 0.29878048780487804 0.679419525065963 0.5442073170731707 0.637203166226913 0.5442073170731707
5 0.679419525065963 0.2926829268292683 0.7150395778364116 0.2926829268292683 0.7150395778364116 0.4192073170731707 0.679419525065963 0.4192073170731707
27 0.7176781002638523 0.30335365853658536 0.8482849604221636 0.30335365853658536 0.8482849604221636 0.4192073170731707 0.7176781002638523 0.4192073170731707
22 0.036939313984168866 0.042682926829268296 0.16490765171503957 0.042682926829268296 0.16490765171503957 0.18597560975609756 0.036939313984168866 0.18597560975609756
4 0.3603562005277045 0.2661204268292683 0.5098021108179419 0.2661204268292683 0.5098021108179419 0.3677820121951219 0.3603562005277045 0.3677820121951219
16 0.6379341328306833 0.2161598381597245 0.6605462849229045 0.2231306151476608 0.6710985765613996 0.23010132565734098 0.6846660058303558 0.24578554064106964 0.6982332050766061 0.2649550776405102 0.6982332050766061 0.27541124312241466 0.6997407738918366 0.29283811911399943 0.636426679026806 0.2893527306200313
16 0.6373915976054527 0.5644599319750425 0.6364266790268059 0.6309194734637878 0.6635611925306593 0.6274341514480757 0.6771286217996155 0.6134925974722032 0.6861733446228804 0.6012938374606988 0.6952182974688511 0.582124233983002 0.6967256362613757 0.5751535234733219 0.6967256362613754 0.5664400854775297
16 0.5638899014124635 0.13763066368235946 0.6258742723769577 0.1325108466957694 0.630396748799943 0.22138788766154857 0.6032621202847366 0.21267448290488436 0.5927098286462414 0.1952476069132997 0.5821574219963931 0.18653416891750738 0.568590222750143 0.16736459867893866 0.568590222750143 0.149937722687354
16 0.15114960740567873 0.4838850190830564 0.16157148509016464 0.4549080525400853 0.1781537069555226 0.43748117654850077 0.18870599859401782 0.43399578805453254 0.19775083642863558 0.4339957880545326 0.202273312851621 0.4967325815111908
1 0.8107849604221636 0.10713414634146341 0.9503759894459103 0.10713414634146341 0.9503759894459103 0.21789634146341463 0.8107849604221636 0.21789634146341463
1 0.7222031662269128 0.6167301829268292 0.8523878627968338 0.6167301829268292 0.8523878627968338 0.7285137195121951 0.7222031662269128 0.7285137195121951
1 0.0399604221635884 0.6014786585365853 0.17098944591029025 0.6014786585365853 0.17098944591029025 0.725015243902439 0.0399604221635884 0.725015243902439
8 0.364122691292876 0.4947713414634147 0.47701187335092354 0.4947713414634147 0.47701187335092354 0.5577286585365854 0.364122691292876 0.5577286585365854
8 0.46965699208443273 0.5622865853658536 0.526754617414248 0.5622865853658536 0.526754617414248 0.7250304878048781 0.46965699208443273 0.7250304878048781
8 0.4394986807387863 0.6820503048780489 0.5177044854881266 0.6820503048780489 0.5177044854881266 0.7354801829268293 0.4394986807387863 0.7354801829268293
8 0.4093403693931398 0.6058307926829268 0.44836411609498683 0.6058307926829268 0.44836411609498683 0.6483460365853658 0.4093403693931398 0.6483460365853658
28 0.29062005277044856 0.5818749999999999 0.3292744063324538 0.5818749999999999 0.3292744063324538 0.7354725609756098 0.29062005277044856 0.7354725609756098
12 0.24350263852242746 0.5796951219512195 0.28103562005277044 0.5796951219512195 0.28103562005277044 0.8260975609756098 0.24350263852242746 0.8260975609756098
12 0.6336213720316624 0.03310975609756098 0.6895712401055409 0.03310975609756098 0.6895712401055409 0.21442073170731707 0.6336213720316624 0.21442073170731707
12 0.6373878627968338 0.7865929878048781 0.749868073878628 0.7865929878048781 0.749868073878628 0.8313338414634145 0.6373878627968338 0.8313338414634145
25 0.3320118733509235 0.049794207317073166 0.3671701846965699 0.049794207317073166 0.3671701846965699 0.09169969512195121 0.3320118733509235 0.09169969512195121
24 0.17897757255936675 0.2421798780487805 0.21244722955145118 0.2421798780487805 0.21244722955145118 0.29660060975609753 0.17897757255936675 0.29660060975609753
24 0.16062664907651716 0.3765625 0.18992744063324538 0.3765625 0.18992744063324538 0.40413871951219515 0.16062664907651716 0.40413871951219515
24 0.8143667546174141 0.4345655487804878 0.8460290237467017 0.4345655487804878 0.8460290237467017 0.46409298780487807 0.8143667546174141 0.46409298780487807
24 0.6870382585751978 0.3723170731707317 0.7167612137203165 0.3723170731707317 0.7167612137203165 0.41432926829268285 0.6870382585751978 0.41432926829268285
15 0.7494788918205805 0.37089939024390245 0.7706266490765171 0.37089939024390245 0.7706266490765171 0.41092987804878045 0.7494788918205805 0.41092987804878045
15 0.766622691292876 0.44447408536585364 0.7970712401055409 0.44447408536585364 0.7970712401055409 0.4856478658536585 0.766622691292876 0.4856478658536585
15 0.11777044854881266 0.3822256097560976 0.14879947229551452 0.3822256097560976 0.14879947229551452 0.42451219512195126 0.11777044854881266 0.42451219512195126
21 0.1761873350923483 0.04980945121951219 0.21734828496042216 0.04980945121951219 0.21734828496042216 0.30326981707317074 0.1761873350923483 0.30326981707317074
21 0.17753957783641158 0.04510670731707317 0.4672889182058047 0.04510670731707317 0.4672889182058047 0.09022865853658536 0.17753957783641158 0.09022865853658536
19 0.4703034300791556 0.050038109756097564 0.5187203166226912 0.050038109756097564 0.5187203166226912 0.09767530487804879 0.4703034300791556 0.09767530487804879
32 0.1754749340369393 0.3021036585365854 0.22056728232189973 0.3021036585365854 0.22056728232189973 0.356890243902439 0.1754749340369393 0.356890243902439