2 0.09328335832083957 0.5886501901140684 0.33316341829085455 0.5886501901140684 0.33316341829085455 0.8463561470215463 0.09328335832083957 0.8463561470215463
30 0.3364917541229385 0.585830164765526 0.47142428785607193 0.585830164765526 0.47142428785607193 0.6717363751584284 0.3364917541229385 0.6717363751584284
0 0.09994752623688156 0.8562167300380228 0.3348350824587706 0.8562167300380228 0.3348350824587706 0.9562040557667935 0.09994752623688156 0.9562040557667935
0 0.6063568215892053 0.854809885931559 0.8728935532233884 0.854809885931559 0.8728935532233884 0.9576108998732572 0.6063568215892053 0.9576108998732572
0 0.7946026986506747 0.2506653992395438 0.9561919040479759 0.2506653992395438 0.9561919040479759 0.47739543726235745 0.7946026986506747 0.47739543726235745
0 0.8895652173913042 0.48444233206590614 0.9561919040479759 0.48444233206590614 0.9561919040479759 0.5745690747782002 0.8895652173913042 0.5745690747782002
14 0.8828860569715142 0.12674904942965778 0.956184407796102 0.12674904942965778 0.956184407796102 0.2450380228136882 0.8828860569715142 0.2450380228136882
2 0.5497301349325338 0.023948035487959436 0.8795652173913044 0.023948035487959436 0.8795652173913044 0.24363117870722437 0.5497301349325338 0.24363117870722437
12 0.4980809595202399 0.13519011406844106 0.5547226386806596 0.13519011406844106 0.5547226386806596 0.2379911280101394 0.4980809595202399 0.2379911280101394
27 0.34649175412293853 0.026755386565272495 0.5480509745127435 0.026755386565272495 0.5480509745127435 0.13096324461343473 0.34649175412293853 0.13096324461343473
27 0.34815592203898055 0.6844106463878327 0.46476761619190404 0.6844106463878327 0.46476761619190404 0.8491761723700887 0.34815592203898055 0.8491761723700887
27 0.47810344827586204 0.6872306717363752 0.6030359820089956 0.6872306717363752 0.6030359820089956 0.8435424588086184 0.47810344827586204 0.8435424588086184
30 0.47976011994003 0.5956970849176172 0.6080359820089954 0.5956970849176172 0.6080359820089954 0.673149556400507 0.47976011994003 0.673149556400507
2 0.6163568215892055 0.5928707224334602 0.8745577211394303 0.5928707224334602 0.8745577211394303 0.8449493029150823 0.6163568215892055 0.8449493029150823
7 0.4964242878560719 0.24925855513307987 0.7862743628185906 0.24925855513307987 0.7862743628185906 0.48584917617237006 0.4964242878560719 0.48584917617237006
3 0.29485757121439277 0.25489226869455006 0.49641679160419794 0.25489226869455006 0.49641679160419794 0.48865652724968306 0.29485757121439277 0.48865652724968306
29 0.2615367316341829 0.1323764258555133 0.4097976011994003 0.1323764258555133 0.4097976011994003 0.247851711026616 0.2615367316341829 0.247851711026616
6 0.09494752623688157 0.13659695817490494 0.28985007496251874 0.13659695817490494 0.28985007496251874 0.47458174904942974 0.09494752623688157 0.47458174904942974
5 0.1782383808095952 0.48443599493029155 0.6296776611694153 0.48443599493029155 0.6296776611694153 0.585830164765526 0.1782383808095952 0.585830164765526
26 0.6363493253373314 0.49148288973384024 0.8778935532233884 0.49148288973384024 0.8778935532233884 0.5830164765525983 0.6363493253373314 0.5830164765525983
18 0.4314542728635682 0.8534093789607097 0.514752623688156 0.8534093789607097 0.514752623688156 0.8843852978453739 0.4314542728635682 0.8843852978453739
4 0.302856071964018 0.3172877059569075 0.4335457271364318 0.3172877059569075 0.4335457271364318 0.46281368821292773 0.302856071964018 0.46281368821292773
16 0.5502248418027315 0.19687368137503053 0.5834445057792415 0.20248723256521373 0.6134245355147047 0.2126297250153255 0.61742181181824 0.23291467767345433 0.6214192406080914 0.25489005111361773 0.5494670472539265 0.25150927403373824
16 0.4188947513474818 0.07968364618012017 0.41798259898483525 0.1336874439526052 0.48457069575673817 0.13137300073195265 0.4836585433940915 0.1259726135972686 0.4827463910314449 0.1113144535799744 0.47727340726280093 0.10591406644529035 0.4681517444508062 0.09742777954118813 0.45994223400145806 0.0935703643635198 0.4562935549581073 0.08739847653545671 0.44534758742081937 0.07736918824459645 0.4353137722461781 0.07582623100245187 0.43075294084018073 0.07891216020161228 0.4243677351161258 0.07428328847517832 0.415246072304131 0.07042587329751006
16 0.18264367059826536 0.5108843581336889 0.22004247420889086 0.5185991884890256 0.2382857998328803 0.5340288491996988 0.25561697309422327 0.5579447820996033 0.2629143311809247 0.5726029715466396 0.2629143311809247 0.5818607444292497 0.18081936587297212 0.5795462717788549
16 0.2602386126097959 0.5911628131787665 0.3358876336768825 0.5895463943714576 0.33679978603952926 0.6458646795092087 0.3121713242842491 0.6396927916811456 0.29392799866025965 0.6335209332828248 0.2793332824868566 0.6227202178729411 0.26838731494956863 0.6111479723399362 0.26382648354357124 0.6026616118614784
16 0.5248107553351828 0.5863425032273376 0.5995037028620832 0.5864312700442975 0.5922063447753817 0.6018609307549706 0.5794360029200362 0.6196050346862964 0.5602805249334001 0.6358061960903486 0.5465980307154079 0.6412065832250327 0.5356520631781201 0.6427495257523062 0.5283547050914185 0.6427495257523062
16 0.5339339326705409 0.7801189632747811 0.5374763679034134 0.7692436337980794 0.5456858783527616 0.7599857726262425 0.5557196935274028 0.7499565579097377 0.5657535087020441 0.7430131399585532 0.5757873238766854 0.7345268971990645 0.5849089866886802 0.7322123951189274 0.5949428714560858 0.729897951898275 0.6040645342680806 0.7283549799412591 0.6068009913560204 0.7854447069129046
16 0.3377856199603404 0.7290236777896343 0.34136061744552654 0.7846440552361391 0.4079487838101939 0.7784721968378184 0.39973927336084575 0.7576421489924611 0.3860567791428537 0.7452984321958195 0.371462132562215 0.7321832147057988 0.3577796383442228 0.7306402427487831 0.3404484650828799 0.7267828275711147
8 0.5502248875562219 0.3320595690747782 0.6159220389805098 0.3320595690747782 0.6159220389805098 0.4273067173637516 0.5502248875562219 0.4273067173637516
8 0.6151874062968515 0.4419138149556401 0.7758170914542729 0.4419138149556401 0.7758170914542729 0.4864765525982256 0.6151874062968515 0.4864765525982256
8 0.730127436281859 0.39544359949302915 0.7778185907046476 0.39544359949302915 0.7778185907046476 0.47464512040557666 0.730127436281859 0.47464512040557666
8 0.6576611694152923 0.3658618504435994 0.6978710644677661 0.3658618504435994 0.6978710644677661 0.4188529784537389 0.6576611694152923 0.4188529784537389
28 0.6201874062968515 0.24545627376425855 0.7758245877061469 0.24545627376425855 0.7758245877061469 0.2853168567807351 0.6201874062968515 0.2853168567807351
1 0.6551724137931034 0.10815589353612165 0.7798200899550225 0.10815589353612165 0.7798200899550225 0.24644486692015208 0.6551724137931034 0.24644486692015208
1 0.7226311844077961 0.6763814955640052 0.8777586206896553 0.6763814955640052 0.8777586206896553 0.7721609632446135 0.7226311844077961 0.7721609632446135
1 0.09045727136431786 0.6679277566539924 0.25416041979010495 0.6679277566539924 0.25416041979010495 0.7738466413181241 0.09045727136431786 0.7738466413181241
12 0.8250824587706147 0.023662864385297838 0.8817541229385307 0.023662864385297838 0.8817541229385307 0.14163498098859315 0.8250824587706147 0.14163498098859315
12 0.6826611694152924 0.5876615969581749 0.8737706146926537 0.5876615969581749 0.8737706146926537 0.6250887198986058 0.6826611694152924 0.6250887198986058
12 0.3378260869565217 0.5876615969581749 0.47200899550224884 0.5876615969581749 0.47200899550224884 0.6301584283903675 0.3378260869565217 0.6301584283903675
12 0.4252923538230885 0.5834410646387832 0.47401799100449776 0.5834410646387832 0.47401799100449776 0.6707287705956907 0.4252923538230885 0.6707287705956907
15 0.3775787106446777 0.6898225602027883 0.4153148425787106 0.6898225602027883 0.4153148425787106 0.7280735107731306 0.3775787106446777 0.7280735107731306
15 0.5355697151424288 0.6931558935361216 0.570127436281859 0.6931558935361216 0.570127436281859 0.7267427122940431 0.5355697151424288 0.7267427122940431