0 0.6216346153846154 0.09381147540983607 0.8518565088757397 0.09381147540983607 0.8518565088757397 0.20688524590163937 0.6216346153846154 0.20688524590163937
0 0.39974112426035496 0.2577459016393443 0.6204659763313609 0.2577459016393443 0.6204659763313609 0.3745081967213115 0.39974112426035496 0.3745081967213115
27 0.04963757396449703 0.7358811475409835 0.14453402366863904 0.7358811475409835 0.14453402366863904 0.9466188524590163 0.04963757396449703 0.9466188524590163
27 0.6840902366863906 0.5195696721311476 0.8492233727810652 0.5195696721311476 0.8492233727810652 0.651454918032787 0.6840902366863906 0.651454918032787
2 0.15647928994082838 0.6356967213114754 0.3982840236686391 0.6356967213114754 0.3982840236686391 0.9630327868852459 0.15647928994082838 0.9630327868852459
2 0.7350369822485207 0.6653073770491802 0.9701701183431953 0.6653073770491802 0.9701701183431953 0.9685040983606558 0.7350369822485207 0.9685040983606558
2 0.6249186390532544 0.2076434426229508 0.8465902366863904 0.2076434426229508 0.8465902366863904 0.5002254098360656 0.6249186390532544 0.5002254098360656
29 0.25838017751479286 0.25775614754098364 0.39564349112426034 0.25775614754098364 0.39564349112426034 0.3890881147540984 0.25838017751479286 0.3890881147540984
7 0.39974112426035496 0.642530737704918 0.6204659763313609 0.642530737704918 0.6204659763313609 0.9521004098360656 0.39974112426035496 0.9521004098360656
3 0.3931656804733728 0.37613729508196725 0.6191420118343196 0.37613729508196725 0.6191420118343196 0.6386987704918032 0.3931656804733728 0.6386987704918032
4 0.4243860946745563 0.4057377049180328 0.5731286982248521 0.4057377049180328 0.5731286982248521 0.5822131147540983 0.4243860946745563 0.5822131147540983
6 0.25673816568047336 0.40118852459016396 0.3995931952662722 0.40118852459016396 0.3995931952662722 0.6332377049180328 0.25673816568047336 0.6332377049180328
31 0.6282026627218935 0.6584631147540985 0.7295784023668639 0.6584631147540985 0.7295784023668639 0.8063319672131147 0.6282026627218935 0.8063319672131147
1 0.18277366863905326 0.7768647540983606 0.3220192307692308 0.7768647540983606 0.3220192307692308 0.950266393442623 0.18277366863905326 0.950266393442623
1 0.6249186390532544 0.25091188524590163 0.7558801775147929 0.25091188524590163 0.7558801775147929 0.4182274590163935 0.6249186390532544 0.4182274590163935
1 0.838594674556213 0.6949077868852458 0.9662278106508875 0.6949077868852458 0.9662278106508875 0.8646413934426229 0.838594674556213 0.8646413934426229
8 0.44246301775147934 0.6812397540983607 0.5310576923076923 0.6812397540983607 0.5310576923076923 0.7480225409836067 0.44246301775147934 0.7480225409836067
8 0.40466715976331363 0.7518135245901639 0.4534985207100592 0.7518135245901639 0.4534985207100592 0.851875 0.40466715976331363 0.851875
16 0.6249177871292788 0.4968123878937602 0.6244040365630719 0.5731096245922052 0.6743630089201323 0.5749317112534589 0.6743630089201323 0.5439569330671347 0.6638453199708442 0.5202703625148275 0.6559570031068203 0.5111601377250556 0.6388658839443714 0.49658379196252017
16 0.6282050981088974 0.6653005481851991 0.6322923534270954 0.729805532679582 0.6506982589362921 0.7243394117068187 0.6559570031068204 0.7115850831000381 0.6585863751920844 0.7061189621272749 0.6691040641413729 0.6897206687144839 0.6691040641413728 0.6878985125477308 0.6743630089201322 0.678788287757959 0.6809365394374085 0.6551016477001524
16 0.5690335004757613 0.9271402567462192 0.6230893505204396 0.9302304780545645 0.6270335089524515 0.8518824892581266 0.6059982313579907 0.8591706968921439 0.5941658563660704 0.8737471121601783 0.5810187953315181 0.8883233884172146 0.5678717342969657 0.9083659941635113 0.5639275758649542 0.9174762189532832
16 0.3471400093515009 0.6402550108445798 0.3509452272268521 0.6733220972796964 0.36672166034666875 0.7006527716490123 0.38118340742385304 0.7134071002557928 0.3930157824157735 0.7225173250455647 0.3969599408477853 0.6423473885988711 0.3522599132694844 0.6332371638090992
16 0.11429812860490982 0.822729797733056 0.14848046723392289 0.8245518148888107 0.14979515327655502 0.8773911464716876 0.1313892477673586 0.8773911464716876 0.12350103120745037 0.8664589045261608 0.11692750069017414 0.8555266625806344 0.11692750069017414 0.8537046454248796 0.11561281464754206 0.848238454946617
12 0.679164201183432 0.4489959016393443 0.8469304733727812 0.4489959016393443 0.8469304733727812 0.5038729508196721 0.679164201183432 0.5038729508196721
12 0.34221153846153846 0.7176639344262294 0.39465236686390537 0.7176639344262294 0.39465236686390537 0.9484426229508196 0.34221153846153846 0.9484426229508196
12 0.7366863905325443 0.904375 0.9639349112426034 0.904375 0.9639349112426034 0.9521004098360656 0.7366863905325443 0.9521004098360656
28 0.41124260355029585 0.9248770491803279 0.549792899408284 0.9248770491803279 0.549792899408284 0.9630327868852459 0.41124260355029585 0.9630327868852459
28 0.2485207100591716 0.6311475409836066 0.3341715976331361 0.6311475409836066 0.3341715976331361 0.6769672131147542 0.2485207100591716 0.6769672131147542
28 0.8205103550295857 0.29645491803278684 0.8482470414201183 0.29645491803278684 0.8482470414201183 0.4073155737704918 0.8205103550295857 0.4073155737704918
24 0.268801775147929 0.40260245901639347 0.2970266272189349 0.40260245901639347 0.2970266272189349 0.48268442622950813 0.268801775147929 0.48268442622950813
24 0.10460059171597633 0.9127561475409837 0.133801775147929 0.9127561475409837 0.133801775147929 0.942407786885246 0.10460059171597633 0.942407786885246
24 0.6902440828402368 0.5235758196721312 0.7237204142011835 0.5235758196721312 0.7237204142011835 0.5626536885245903 0.6902440828402368 0.5626536885245903
15 0.7452883518562915 0.5340855625746721 0.7700295185756328 0.535292266685751 0.7692702405636828 0.5710665517451268 0.7631963640167609 0.5857971656822009 0.7525671669468172 0.5857971656822009 0.7434564100512143 0.5773796892057416 0.7434564100512141 0.5594925266072067
15 0.057140036527874104 0.8430715472357021 0.05787015798891316 0.8761207697213129 0.0867209557372325 0.8761207697213128 0.09507249254566527 0.8624424457052424 0.09203558323459424 0.8529726793077793 0.08064710815270057 0.8424508236777817
21 0.25838017751479286 0.39024590163934425 0.3023002958579882 0.39024590163934425 0.3023002958579882 0.631516393442623 0.25838017751479286 0.631516393442623
21 0.26167899408284023 0.5815061475409835 0.3995931952662722 0.5815061475409835 0.3995931952662722 0.6369774590163935 0.26167899408284023 0.6369774590163935
16 0.30326183431952664 0.3161577868852459 0.3529215976331361 0.3161577868852459 0.3529215976331361 0.38494877049180326 0.30326183431952664 0.38494877049180326
16 0.6815310650887575 0.5927971311475411 0.7280251479289941 0.5927971311475411 0.7280251479289941 0.6469569672131147 0.6815310650887575 0.6469569672131147
28 0.7354215976331362 0.7391598360655738 0.756560650887574 0.7391598360655738 0.756560650887574 0.8621106557377048 0.7354215976331362 0.8621106557377048
25 0.3286094674556213 0.5840061475409836 0.3729881656804733 0.5840061475409836 0.3729881656804733 0.6337807377049179 0.3286094674556213 0.6337807377049179
32 0.3581878698224852 0.3174385245901639 0.3936760355029586 0.3174385245901639 0.3936760355029586 0.3739139344262295 0.3581878698224852 0.3739139344262295
19 0.352189349112426 0.3964344262295082 0.39366863905325444 0.3964344262295082 0.39366863905325444 0.47479508196721315 0.352189349112426 0.47479508196721315