3 0.04482500000000002 0.11530815109343939 0.339475 0.11530815109343939 0.339475 0.4636580516898609 0.04482500000000002 0.4636580516898609
4 0.13554999999999998 0.15949304174950296 0.30688333333333334 0.15949304174950296 0.30688333333333334 0.34698807157057654 0.13554999999999998 0.34698807157057654
27 0.3577833333333333 0.1130914512922465 0.5098166666666667 0.1130914512922465 0.5098166666666667 0.3947017892644135 0.3577833333333333 0.3947017892644135
27 0.513325 0.11088469184890655 0.6623749999999999 0.11088469184890655 0.6623749999999999 0.3841053677932405 0.513325 0.3841053677932405
7 0.044816666666666664 0.4753578528827037 0.3365166666666667 0.4753578528827037 0.3365166666666667 0.7570874751491053 0.044816666666666664 0.7570874751491053
2 0.6711999999999999 0.10289264413518885 0.9774333333333334 0.10289264413518885 0.9774333333333334 0.4894333996023857 0.6711999999999999 0.4894333996023857
2 0.5542166666666666 0.5013618290258449 0.8770833333333333 0.5013618290258449 0.8770833333333333 0.8688568588469185 0.5542166666666666 0.8688568588469185
1 0.5570416666666667 0.6157057654075546 0.738425 0.6157057654075546 0.738425 0.8110139165009941 0.5570416666666667 0.8110139165009941
1 0.76 0.10457256461232604 0.9255666666666668 0.10457256461232604 0.9255666666666668 0.3347117296222664 0.76 0.3347117296222664
6 0.3526500000000001 0.4946421471172962 0.5478833333333334 0.4946421471172962 0.5478833333333334 0.7800695825049702 0.3526500000000001 0.7800695825049702
29 0.35829166666666673 0.78551689860835 0.5366083333333334 0.78551689860835 0.5366083333333334 0.9334493041749502 0.35829166666666673 0.9334493041749502
0 0.041158333333333345 0.7720576540755468 0.34607499999999997 0.7720576540755468 0.34607499999999997 0.9455566600397615 0.041158333333333345 0.9455566600397615
8 0.15954999999999997 0.47950298210735587 0.27391666666666664 0.47950298210735587 0.27391666666666664 0.5634393638170975 0.15954999999999997 0.5634393638170975
8 0.2751333333333333 0.5551789264413519 0.3415666666666667 0.5551789264413519 0.3415666666666667 0.702037773359841 0.2751333333333333 0.702037773359841
16 0.06692350262944805 0.10657404230380267 0.14542903162415963 0.09950327799490603 0.14098527979075948 0.14723138382206336 0.12172928553440056 0.17021166284434866 0.118766746642366 0.17728242715324535 0.10395439121010366 0.19142412435296496 0.08025464512034472 0.20203035510727316 0.07136725446284801 0.20910122056532565
16 0.44481478090639476 0.38038436218895405 0.4890756324489238 0.38233678367629126 0.49500059722368933 0.31162839882684873 0.45056353092690266 0.33814404314538965 0.4446385661521369 0.3558211393577502
16 0.6003703364619504 0.36492158330669205 0.6149806536231535 0.33814404314538965 0.6446053644876781 0.3080929660978224 0.6623802588119752 0.3151637641231043 0.6623802588119753 0.378801350947265
16 0.6651851512767653 0.395847141071216 0.6712676494694716 0.48839936095045516 0.7423670007480522 0.4830961781405305 0.7379232489146523 0.46011596655101583 0.7334794970812522 0.44774198571580914 0.7260733193651212 0.4371357549615011 0.7157047157662589 0.4212263413972682 0.6979299344512655 0.4088524279948323 0.6875613308524032 0.40001387988865184
16 0.555925892017506 0.495250719600043 0.5527688060113733 0.5820879573894125 0.5779497650424975 0.5820879573894125 0.5912809075333947 0.5697141114197471 0.6031308370829256 0.5555723130708715 0.6060932629656569 0.5520368803418453 0.6105370147990571 0.543198332235665 0.6179431925151881 0.5343597841294847 0.6238680442806501 0.5202181206461504 0.6268305831726849 0.5131472551880978 0.6268305831726849 0.5007732743528912 0.5409188764618419 0.5007732743528912
16 0.4096295957212096 0.7713717710690071 0.4816694547327927 0.7623943522420453 0.4831506676741585 0.827799621714334 0.4816694547327929 0.8613861314909272 0.48018824179142733 0.8666891794353109 0.4461197790935027 0.8401735351167698 0.42982621071987487 0.8313349870105895 0.42242003300374353 0.8171933909600257 0.41945760712101254 0.7995162947476651
28 0.04666666666666667 0.48421471172962227 0.0732 0.48421471172962227 0.0732 0.7111332007952286 0.04666666666666667 0.7111332007952286
28 0.7855583333333332 0.4554870775347913 0.9442083333333333 0.4554870775347913 0.9442083333333333 0.4972365805168986 0.7855583333333332 0.4972365805168986
28 0.8281416666666667 0.6101093439363817 0.8730916666666667 0.6101093439363817 0.8730916666666667 0.7305666003976143 0.8281416666666667 0.7305666003976143
12 0.6651833333333333 0.11530815109343938 0.7294166666666666 0.11530815109343938 0.7294166666666666 0.3098608349900597 0.6651833333333333 0.3098608349900597
12 0.8244499999999999 0.5040854870775348 0.8745833333333334 0.5040854870775348 0.8745833333333334 0.6121371769383699 0.8244499999999999 0.6121371769383699
12 0.83555 0.7360337972166997 0.8716166666666667 0.7360337972166997 0.8716166666666667 0.8490159045725646 0.83555 0.8490159045725646
15 0.37555 0.24566600397614316 0.42885 0.24566600397614316 0.42885 0.2853479125248509 0.37555 0.2853479125248509
15 0.5331333333333333 0.24421471172962228 0.5837666666666667 0.24421471172962228 0.5837666666666667 0.28648111332007953 0.5331333333333333 0.28648111332007953
24 0.364825 0.8699502982107356 0.40994166666666665 0.8699502982107356 0.40994166666666665 0.9275844930417495 0.364825 0.9275844930417495
24 0.3575166666666667 0.6632107355864811 0.4019166666666667 0.6632107355864811 0.4019166666666667 0.760685884691849 0.3575166666666667 0.760685884691849
24 0.36833333333333335 0.3217097415506958 0.4028666666666667 0.3217097415506958 0.4028666666666667 0.374910536779324 0.36833333333333335 0.374910536779324
24 0.5319333333333334 0.3202783300198807 0.5703 0.3202783300198807 0.5703 0.3760636182902584 0.5319333333333334 0.3760636182902584
25 0.486225 0.6388170974155071 0.5414416666666667 0.6388170974155071 0.5414416666666667 0.715934393638171 0.486225 0.715934393638171
21 0.34851666666666664 0.4956858846918489 0.40465 0.4956858846918489 0.40465 0.7707554671968191 0.34851666666666664 0.7707554671968191
21 0.48555 0.5997415506958251 0.5409166666666667 0.5997415506958251 0.5409166666666667 0.7742942345924453 0.48555 0.7742942345924453
19 0.48383333333333334 0.49770377733598414 0.5409333333333334 0.49770377733598414 0.5409333333333334 0.6026143141153082 0.48383333333333334 0.6026143141153082
32 0.358925 0.7957256461232605 0.41734166666666667 0.7957256461232605 0.41734166666666667 0.8682107355864812 0.358925 0.8682107355864812