14 0.10777460770328103 0.2055433376455369 0.20129814550641942 0.2055433376455369 0.20129814550641942 0.359346701164295 0.10777460770328103 0.359346701164295
2 0.20288159771754635 0.1667399741267788 0.45332382310984304 0.1667399741267788 0.45332382310984304 0.3924062095730919 0.20288159771754635 0.3924062095730919
2 0.20763908701854494 0.7416946959896508 0.5056276747503566 0.7416946959896508 0.5056276747503566 0.9515523932729626 0.20763908701854494 0.9515523932729626
2 0.698994293865906 0.08049805950840881 0.9256562054208274 0.08049805950840881 0.9256562054208274 0.3866688227684347 0.698994293865906 0.3866688227684347
0 0.09194008559201142 0.8279430789133247 0.19813124108416547 0.8279430789133247 0.19813124108416547 0.9573091849935317 0.09194008559201142 0.9573091849935317
0 0.1283808844507846 0.38666235446313063 0.2805492154065621 0.38666235446313063 0.2805492154065621 0.7330789133247089 0.1283808844507846 0.7330789133247089
30 0.502453637660485 0.7316429495472185 0.6308416547788873 0.7316429495472185 0.6308416547788873 0.8480724450194048 0.502453637660485 0.8480724450194048
27 0.5040442225392298 0.848065976714101 0.6990085592011412 0.848065976714101 0.6990085592011412 0.9529948253557567 0.5040442225392298 0.9529948253557567
27 0.45808131241084166 0.16673350582147475 0.5737874465049929 0.16673350582147475 0.5737874465049929 0.28459896507115134 0.45808131241084166 0.28459896507115134
26 0.28213266761768907 0.40103492884864167 0.5056276747503566 0.40103492884864167 0.5056276747503566 0.5045278137128072 0.28213266761768907 0.5045278137128072
5 0.5103780313837376 0.398163001293661 0.7941012838801711 0.398163001293661 0.7941012838801711 0.5045278137128072 0.5103780313837376 0.5045278137128072
7 0.2805492154065621 0.5160219922380337 0.6039015691868759 0.5160219922380337 0.6039015691868759 0.7316364812419147 0.2805492154065621 0.7316364812419147
3 0.6070684736091299 0.5117205692108667 0.8226319543509272 0.5117205692108667 0.8226319543509272 0.7215782664941784 0.6070684736091299 0.7215782664941784
6 0.7830099857346647 0.5145860284605434 0.9335948644793152 0.5145860284605434 0.9335948644793152 0.8466300129366107 0.7830099857346647 0.8466300129366107
29 0.6355991440798859 0.7330789133247089 0.7830028530670471 0.7330789133247089 0.7830028530670471 0.8394437257438551 0.6355991440798859 0.8394437257438551
4 0.6590513552068473 0.5545472186287193 0.8204350927246791 0.5545472186287193 0.8204350927246791 0.6738357050452781 0.6590513552068473 0.6738357050452781
16 0.7018544500462509 0.3303147925031036 0.696828893937368 0.39604470152552784 0.7652912519505326 0.3908685041748647 0.761487852101092 0.36498745160262763 0.7481755173568374 0.3494588595506376 0.7367653178085155 0.3408318420265587 0.7234532732450689 0.33393020167972737 0.7120427835159389 0.3322048245024796
16 0.5140275361137735 0.7356619248877521 0.5903321021585841 0.735949205138024 0.5922338020833048 0.7894366874597458 0.5751182125800134 0.7877113102824979 0.5522975233025614 0.7859859331052503 0.5408871786638351 0.7721826524115876 0.53328023387455 0.7583794375368453 0.5294768340251091 0.7549286831823498
16 0.7232524528993179 0.3971539473112105 0.7938171860925499 0.3960447015255277 0.7938171860925499 0.4685116618915754 0.7595860070859675 0.4702371048877434 0.7310600729439503 0.446081429492754 0.7215514282299446 0.4271020172673483 0.706337538651374 0.40122096469511137
16 0.3808844072502452 0.38206123493518634 0.4572110761625036 0.3839669296469536 0.45721107616250367 0.3201269868049849 0.43439038688505127 0.32530318415564813 0.421078197231201 0.3408318420265586 0.40396260772790965 0.3511842367278852 0.39635580802902826 0.37016364895329074 0.3906505631644632 0.37879066647736975 0.37543667358589217 0.38396692964695345
1 0.24060627674750357 0.24622897800776194 0.3568830242510699 0.24622897800776194 0.3568830242510699 0.38913971539456665 0.24060627674750357 0.38913971539456665
1 0.7731811697574893 0.1772380336351876 0.9350356633380885 0.1772380336351876 0.9350356633380885 0.2769922380336352 0.7731811697574893 0.2769922380336352
1 0.3190656205420827 0.8176002587322122 0.4348573466476462 0.8176002587322122 0.4348573466476462 0.9550776196636481 0.3190656205420827 0.9550776196636481
12 0.20495007132667617 0.7442884864165589 0.2503994293865906 0.7442884864165589 0.2503994293865906 0.8584540750323416 0.20495007132667617 0.8584540750323416
12 0.40466476462196865 0.15998059508408796 0.45958630527817407 0.15998059508408796 0.45958630527817407 0.3252975420439845 0.40466476462196865 0.3252975420439845
12 0.5924893009985736 0.7335058214747736 0.6326462196861626 0.7335058214747736 0.6326462196861626 0.8429236739974126 0.5924893009985736 0.8429236739974126
8 0.3000427960057061 0.5178978007761967 0.35878744650499284 0.5178978007761967 0.35878744650499284 0.5892949547218629 0.3000427960057061 0.5892949547218629
8 0.3024322396576319 0.5114294954721863 0.45959343794579166 0.5114294954721863 0.45959343794579166 0.5547800776196636 0.3024322396576319 0.5547800776196636
8 0.4712339514978602 0.5567141009055627 0.5166405135520685 0.5567141009055627 0.5166405135520685 0.6565847347994825 0.4712339514978602 0.6565847347994825
8 0.3856348074179743 0.5804204398447607 0.41964336661911555 0.5804204398447607 0.41964336661911555 0.616888745148771 0.3856348074179743 0.616888745148771
12 0.7755563480741797 0.34755498059508405 0.9312339514978603 0.34755498059508405 0.9312339514978603 0.39604139715394565 0.7755563480741797 0.39604139715394565
28 0.2810342368045649 0.6860737386804656 0.5033309557774608 0.6860737386804656 0.5033309557774608 0.7273285899094437 0.2810342368045649 0.7273285899094437
25 0.8844793152639087 0.6315071151358345 0.929358059914408 0.6315071151358345 0.929358059914408 0.6654915912031049 0.8844793152639087 0.6654915912031049
24 0.6922610556348073 0.8058279430789135 0.7788944365192582 0.8058279430789135 0.7788944365192582 0.841856403622251 0.6922610556348073 0.841856403622251
24 0.5247503566333809 0.9253557567917206 0.5614407988587732 0.9253557567917206 0.5614407988587732 0.9514618369987063 0.5247503566333809 0.9514618369987063
24 0.5837874465049928 0.226862871927555 0.6097646219686162 0.226862871927555 0.6097646219686162 0.2560608020698577 0.5837874465049928 0.2560608020698577
24 0.5288801711840229 0.2965782664941785 0.563644793152639 0.2965782664941785 0.563644793152639 0.3238098318240621 0.5288801711840229 0.3238098318240621
15 0.5233808844507846 0.24304010349288488 0.5515691868758915 0.24304010349288488 0.5515691868758915 0.274993531694696 0.5233808844507846 0.274993531694696
15 0.5714407988587732 0.9091655886157827 0.6020827389443651 0.9091655886157827 0.6020827389443651 0.944443725743855 0.5714407988587732 0.944443725743855