2 0.7006099518459069 0.158784289276808 0.9416693418940609 0.158784289276808 0.9416693418940609 0.39094139650872817 0.7006099518459069 0.39094139650872817
2 0.1578892455858748 0.7752992518703241 0.4976163723916533 0.7752992518703241 0.4976163723916533 0.9855486284289278 0.1578892455858748 0.9855486284289278
2 0.1578892455858748 0.15659600997506234 0.4370064205457464 0.15659600997506234 0.4370064205457464 0.3920324189526184 0.1578892455858748 0.3920324189526184
27 0.5004333868378812 0.8826059850374065 0.6935634028892457 0.8826059850374065 0.6935634028892457 0.9833541147132169 0.5004333868378812 0.9833541147132169
27 0.43841091492776885 0.15550498753117206 0.5681059390048153 0.15550498753117206 0.5681059390048153 0.2715773067331671 0.43841091492776885 0.2715773067331671
27 0.5652889245585874 0.1554925187032419 0.6992054574638844 0.1554925187032419 0.6992054574638844 0.3109912718204489 0.5652889245585874 0.3109912718204489
0 0.03947833065810594 0.8618142144638403 0.15930176565008025 0.8618142144638403 0.15930176565008025 0.9910286783042395 0.03947833065810594 0.9910286783042395
0 0.08881219903691814 0.3975062344139651 0.26078651685393256 0.3975062344139651 0.26078651685393256 0.7720199501246884 0.08881219903691814 0.7720199501246884
4 0.5596548956661316 0.623852867830424 0.7519662921348315 0.623852867830424 0.7519662921348315 0.7263715710723193 0.5596548956661316 0.7263715710723193
1 0.21025682182985556 0.26761845386533667 0.3232584269662921 0.26761845386533667 0.3232584269662921 0.38667082294264343 0.21025682182985556 0.38667082294264343
1 0.7815810593900482 0.20104114713216956 0.9390609951845906 0.20104114713216956 0.9390609951845906 0.29432044887780545 0.7815810593900482 0.29432044887780545
1 0.2888121990369181 0.859002493765586 0.40094703049759234 0.859002493765586 0.40094703049759234 0.979650872817955 0.2888121990369181 0.979650872817955
12 0.16311396468699838 0.7757793017456358 0.21014446227929373 0.7757793017456358 0.21014446227929373 0.8819763092269327 0.16311396468699838 0.8819763092269327
12 0.7730016051364367 0.3519513715710723 0.9379133226324239 0.3519513715710723 0.9379133226324239 0.3857793017456359 0.7730016051364367 0.3857793017456359
12 0.16025682182985554 0.1577805486284289 0.43293739967897277 0.1577805486284289 0.43293739967897277 0.1948877805486284 0.16025682182985554 0.1948877805486284
8 0.2845264847512039 0.5782917705735661 0.32439807383627606 0.5782917705735661 0.32439807383627606 0.6503117206982545 0.2845264847512039 0.6503117206982545
8 0.2788202247191011 0.5749688279301746 0.43636436597110756 0.5749688279301746 0.43636436597110756 0.6112406483790525 0.2788202247191011 0.6112406483790525
12 0.5759069020866773 0.7824438902743142 0.6260192616372392 0.7824438902743142 0.6260192616372392 0.879351620947631 0.5759069020866773 0.879351620947631
28 0.2588121990369181 0.7380673316708231 0.4832102728731942 0.7380673316708231 0.4832102728731942 0.7737281795511222 0.2588121990369181 0.7737281795511222
15 0.6612597813001605 0.1982421875 0.6713169642857143 0.1943359375 0.6713169642857143 0.1728515625 0.6449168589486356 0.169921875 0.6436597110754414 0.1923828125 0.652459746187801 0.19921875
15 0.5355449939807384 0.2587890625 0.5380592897271268 0.2373046875 0.5292592546147673 0.23046875 0.5141734801364366 0.232421875 0.5078877407704655 0.2392578125 0.5078877407704655 0.2568359375
15 0.5883452046548957 0.9697265625 0.5883452046548957 0.9462890625 0.5820594652889246 0.94140625 0.5669736908105939 0.94140625 0.5606879514446228 0.9462890625 0.5606879514446228 0.9677734375
24 0.5430878812199037 0.9775390625 0.5430878812199037 0.9619140625 0.5342878461075441 0.955078125 0.5217163673756019 0.953125 0.5078877407704655 0.9599609375 0.5091448886436597 0.978515625
24 0.5984023876404494 0.2431640625 0.6059452748796148 0.2353515625 0.6034309791332263 0.2236328125 0.5946309440208668 0.216796875 0.5795451695425361 0.216796875 0.573259430176565 0.2236328125 0.5757737259229535 0.2412109375
24 0.5405735854735152 0.3017578125 0.550630768459069 0.2939453125 0.5481164727126806 0.2822265625 0.5217163673756019 0.279296875 0.5129163322632424 0.2861328125 0.5129163322632424 0.2958984375 0.5242306631219904 0.302734375
14 0.14834344903691815 0.3623046875 0.15588633627608348 0.3037109375 0.15337204052969503 0.2353515625 0.08925749899678972 0.232421875 0.08548605537720706 0.3583984375 0.08925749899678972 0.36328125
25 0.9353180176565008 0.6904296875 0.9340608697833066 0.658203125 0.8925749899678973 0.6611328125 0.8963464335874799 0.69140625
24 0.6922391653290529 0.8434289276807979 0.7816292134831462 0.8434289276807979 0.7816292134831462 0.8807356608478804 0.6922391653290529 0.8807356608478804
7 0.25776886035312996 0.4012967581047382 0.5513483146067416 0.4012967581047382 0.5513483146067416 0.733790523690773 0.25776886035312996 0.733790523690773
3 0.5535874799357945 0.5654364089775561 0.7700080256821831 0.5654364089775561 0.7700080256821831 0.7731920199501245 0.5535874799357945 0.7731920199501245
5 0.5615088282504013 0.4413154613466334 0.8217656500802568 0.4413154613466334 0.8217656500802568 0.5286346633416459 0.5615088282504013 0.5286346633416459
0 0.7054574638844302 0.06482543640897756 0.9337399678972713 0.06482543640897756 0.9337399678972713 0.15352867830423939 0.7054574638844302 0.15352867830423939
6 0.7648715890850722 0.5299314214463839 0.9390128410914927 0.5299314214463839 0.9390128410914927 0.8873004987531172 0.7648715890850722 0.8873004987531172
16 0.6275361155698234 0.20229426433915212 0.6981781701444623 0.20229426433915212 0.6981781701444623 0.2520448877805486 0.6275361155698234 0.2520448877805486
16 0.3621027287319422 0.3315461346633416 0.4351685393258427 0.3315461346633416 0.4351685393258427 0.3874563591022444 0.3621027287319422 0.3874563591022444
16 0.4981219903691814 0.8813965087281795 0.567207062600321 0.8813965087281795 0.567207062600321 0.9340399002493766 0.4981219903691814 0.9340399002493766
16 0.6922471910112359 0.3315461346633416 0.7636757624398074 0.3315461346633416 0.7636757624398074 0.3874314214463841 0.6922471910112359 0.3874314214463841
16 0.4347351524879615 0.21870324189526183 0.5069983948635635 0.21870324189526183 0.5069983948635635 0.27423940149625936 0.4347351524879615 0.27423940149625936
21 0.7619983948635634 0.5357793017456359 0.9503290529695023 0.5357793017456359 0.9503290529695023 0.577711970074813 0.7619983948635634 0.577711970074813
21 0.8887078651685393 0.539064837905237 0.9423996789727127 0.539064837905237 0.9423996789727127 0.877568578553616 0.8887078651685393 0.877568578553616
21 0.6915088282504013 0.8424750623441397 0.9381219903691814 0.8424750623441397 0.9381219903691814 0.8808915211970075 0.6915088282504013 0.8808915211970075
19 0.6976805778491172 0.538503740648379 0.7607463884430177 0.538503740648379 0.7607463884430177 0.5743142144638405 0.6976805778491172 0.5743142144638405
32 0.6297752808988765 0.8411533665835411 0.6881701444622793 0.8411533665835411 0.6881701444622793 0.8807418952618454 0.6297752808988765 0.8807418952618454