29 0.2673359375 0.047706855791962176 0.41663281249999995 0.047706855791962176 0.41663281249999995 0.19224586288416073 0.2673359375 0.19224586288416073
0 0.41647656250000004 0.14440898345153666 0.6370546874999999 0.14440898345153666 0.6370546874999999 0.3006028368794326 0.41647656250000004 0.3006028368794326
0 0.741765625 0.11432624113475177 0.9858593750000001 0.11432624113475177 0.9858593750000001 0.21976359338061463 0.741765625 0.21976359338061463
0 0.1295390625 0.3228014184397163 0.2632421875 0.3228014184397163 0.2632421875 0.46570921985815605 0.1295390625 0.46570921985815605
27 0.6394921874999999 0.22393617021276593 0.7427265625 0.22393617021276593 0.7427265625 0.45195035460992905 0.6394921874999999 0.45195035460992905
27 0.6380703125 0.6559219858156028 0.7449921875 0.6559219858156028 0.7449921875 0.8905082742316784 0.6380703125 0.8905082742316784
27 0.03153125 0.6989007092198581 0.13259375 0.6989007092198581 0.13259375 0.9266312056737589 0.03153125 0.9266312056737589
2 0.7389218750000001 0.5678132387706856 0.9824531249999999 0.5678132387706856 0.9824531249999999 0.9283569739952718 0.7389218750000001 0.9283569739952718
2 0.741765625 0.2217966903073286 0.9824531249999999 0.2217966903073286 0.9824531249999999 0.5637352245862883 0.741765625 0.5637352245862883
2 0.13664062500000002 0.4775531914893617 0.41776562500000003 0.4775531914893617 0.41776562500000003 0.7959219858156027 0.13664062500000002 0.7959219858156027
23 0.32557031249999996 0.8171158392434987 0.44389843749999996 0.8171158392434987 0.44389843749999996 0.9163120567375888 0.32557031249999996 0.9163120567375888
7 0.4150625 0.5506028368794326 0.63478125 0.5506028368794326 0.63478125 0.9249054373522458 0.4150625 0.9249054373522458
3 0.420734375 0.2991725768321513 0.633640625 0.2991725768321513 0.633640625 0.5603073286052009 0.420734375 0.5603073286052009
4 0.45767187500000006 0.3399881796690307 0.575703125 0.3399881796690307 0.575703125 0.5516903073286052 0.45767187500000006 0.5516903073286052
6 0.260234375 0.19386524822695034 0.420046875 0.19386524822695034 0.420046875 0.4743144208037825 0.260234375 0.4743144208037825
1 0.18778125 0.6236879432624113 0.3211875 0.6236879432624113 0.3211875 0.7873286052009457 0.18778125 0.7873286052009457
1 0.7431796875000001 0.6881678486997636 0.8586015625000002 0.6881678486997636 0.8586015625000002 0.8715957446808511 0.7431796875000001 0.8715957446808511
1 0.851140625 0.2819739952718676 0.9756406250000002 0.2819739952718676 0.9756406250000002 0.46228132387706855 0.851140625 0.46228132387706855
16 0.3653408830816095 0.17451106976776154 0.3723221395191641 0.15441951914470878 0.38595629141564186 0.13206156287997423 0.4086797912264988 0.12346235650200772 0.4098159488803871 0.19053619249284207 0.35641567231490984 0.1853766489840407
16 0.3677774222203382 0.47774966583490325 0.4189052967947665 0.474309970162369 0.41436066617921297 0.5499830125311699 0.3939094816761326 0.5499830125311698 0.3791391721257666 0.5310647847423388 0.3700498242113873 0.5138663719864056
16 0.09964014178888067 0.7064885423674656 0.1394062664578803 0.7082084230071019 0.1359977934962153 0.7684028676528677 0.11100189169430916 0.7580837806352649 0.10304870143381824 0.7512044548969345 0.0996401417888807 0.7408853678793319 0.09168695152838979 0.7202473250576026 0.09623166882721565 0.7082084230071019
16 0.32272724671797315 0.8214055464494722 0.3246028245896736 0.9008305933881621 0.38482004707848094 0.9008305933881622 0.3745945415102134 0.8629941378104996 0.3564156723149098 0.8423560949887704 0.3348284168412137 0.8182782908877692
16 0.6494317921725187 0.5678057183815591 0.6995405714688132 0.5637417296145686 0.693859696516099 0.6067377615044015 0.6768170716579563 0.6239361742603345 0.6575021314920371 0.6394147719833695 0.6518212565393225 0.6394147719833695 0.6563658871548761 0.5671815565005791
16 0.6508522467179731 0.4001719337264978 0.6461403815866085 0.45195204670100353 0.6893150659005457 0.46399094875150443 0.671136196705242 0.4209949168616716 0.6540935718470993 0.40379650410573864
16 0.741761337627064 0.466795617371458 0.7438513267533663 0.5413838061532033 0.7858899400966879 0.5413838061532033 0.7756642611618751 0.49838777426337044 0.7654387555936075 0.4794695464745394 0.7563493209959559 0.4743099701623688
12 0.378125 0.5592080378250591 0.4135 0.5592080378250591 0.4135 0.7907683215130024 0.378125 0.7907683215130024
12 0.8000078125 0.5635106382978724 0.9816171875 0.5635106382978724 0.9816171875 0.622210401891253 0.8000078125 0.622210401891253
12 0.8014140624999999 0.4947281323877068 0.9759296875000001 0.4947281323877068 0.9759296875000001 0.5654609929078014 0.8014140624999999 0.5654609929078014
28 0.7431796875 0.2217966903073286 0.7691328125 0.2217966903073286 0.7691328125 0.4209929078014184 0.7431796875 0.4209929078014184
28 0.2389140625 0.4732505910165485 0.34646093749999995 0.4732505910165485 0.34646093749999995 0.5069858156028368 0.2389140625 0.5069858156028368
28 0.41364062499999993 0.6408747044917258 0.436234375 0.6408747044917258 0.436234375 0.807966903073286 0.41364062499999993 0.807966903073286
8 0.50596875 0.6150945626477542 0.589625 0.6150945626477542 0.589625 0.6858510638297871 0.50596875 0.6858510638297871
8 0.5869375 0.6709692671394799 0.63053125 0.6709692671394799 0.63053125 0.782174940898345 0.5869375 0.782174940898345
28 0.9548359374999998 0.6989007092198581 0.9804765625 0.6989007092198581 0.9804765625 0.854385342789598 0.9548359374999998 0.854385342789598
15 0.6934609375 0.3399881796690307 0.7282265625 0.3399881796690307 0.7282265625 0.3762765957446809 0.6934609375 0.3762765957446809
15 0.650859375 0.7397399527186761 0.686203125 0.7397399527186761 0.686203125 0.7804491725768321 0.650859375 0.7804491725768321
24 0.2630703125 0.20244680851063832 0.3044296875 0.20244680851063832 0.3044296875 0.2834160756501182 0.2630703125 0.2834160756501182
25 0.26449218750000003 0.31421985815602843 0.2987578125 0.31421985815602843 0.2987578125 0.37972813238770686 0.26449218750000003 0.37972813238770686
24 0.70340625 0.4001654846335697 0.73390625 0.4001654846335697 0.73390625 0.44678486997635936 0.70340625 0.44678486997635936
24 0.035796875 0.7096572104018912 0.062421875 0.7096572104018912 0.062421875 0.758096926713948 0.035796875 0.758096926713948
15 0.042898437500000004 0.7827186761229316 0.08172656250000002 0.7827186761229316 0.08172656250000002 0.8268794326241135 0.042898437500000004 0.8268794326241135
24 0.648015625 0.6623758865248227 0.677109375 0.6623758865248227 0.677109375 0.7133687943262412 0.648015625 0.7133687943262412
21 0.2659140625 0.19429078014184398 0.30074218750000004 0.19429078014184398 0.30074218750000004 0.4693971631205674 0.2659140625 0.4693971631205674
21 0.26449218750000003 0.4139243498817967 0.35300781249999996 0.4139243498817967 0.35300781249999996 0.4693853427895981 0.26449218750000003 0.4693853427895981
19 0.35510156249999997 0.41212765957446806 0.40749218750000005 0.41212765957446806 0.40749218750000005 0.4636643026004728 0.35510156249999997 0.4636643026004728
32 0.2675078125 0.1207565011820331 0.3014921875 0.1207565011820331 0.3014921875 0.17423167848699764 0.2675078125 0.17423167848699764