2 0.15044894366197184 0.17719491525423728 0.489762323943662 0.17719491525423728 0.489762323943662 0.4221949152542373 0.15044894366197184 0.4221949152542373
2 0.1536443661971831 0.6902966101694916 0.49135563380281694 0.6902966101694916 0.49135563380281694 0.9460762711864408 0.1536443661971831 0.9460762711864408
27 0.4961531690140845 0.819728813559322 0.6914172535211267 0.819728813559322 0.6914172535211267 0.9414576271186439 0.4961531690140845 0.9414576271186439
27 0.4945598591549296 0.180271186440678 0.6882218309859155 0.180271186440678 0.6882218309859155 0.302 0.4945598591549296 0.302
0 0.07683098591549296 0.42217796610169495 0.24968309859154927 0.42217796610169495 0.24968309859154927 0.6841271186440678 0.07683098591549296 0.6841271186440678
0 0.03201584507042253 0.7996864406779662 0.15365316901408452 0.7996864406779662 0.15365316901408452 0.9476016949152543 0.03201584507042253 0.9476016949152543
14 0.6146038732394367 0.06625423728813559 0.6866285211267605 0.06625423728813559 0.6866285211267605 0.1679491525423729 0.6146038732394367 0.1679491525423729
26 0.6898239436619719 0.06316949152542373 0.9427112676056338 0.06316949152542373 0.9427112676056338 0.30045762711864404 0.6898239436619719 0.30045762711864404
7 0.2576848591549296 0.42988983050847457 0.526575704225352 0.42988983050847457 0.526575704225352 0.6795 0.2576848591549296 0.6795
3 0.5297711267605634 0.4329830508474576 0.8146654929577465 0.4329830508474576 0.8146654929577465 0.6810508474576271 0.5297711267605634 0.6810508474576271
30 0.4977552816901409 0.6887542372881356 0.6161883802816901 0.6887542372881356 0.6161883802816901 0.8151101694915254 0.4977552816901409 0.8151101694915254
29 0.6226056338028169 0.6902966101694915 0.7634507042253521 0.6902966101694915 0.7634507042253521 0.8135677966101695 0.6226056338028169 0.8135677966101695
6 0.7730457746478874 0.43605932203389824 0.9379049295774649 0.43605932203389824 0.9379049295774649 0.8166525423728814 0.7730457746478874 0.8166525423728814
5 0.4977640845070423 0.3066271186440678 0.8178697183098591 0.3066271186440678 0.8178697183098591 0.42527118644067796 0.4977640845070423 0.42527118644067796
4 0.6540580985915493 0.5025338983050848 0.8232306338028169 0.5025338983050848 0.8232306338028169 0.612957627118644 0.6540580985915493 0.612957627118644
2 0.4141725352112676 0.34153389830508474 0.4958274647887324 0.34153389830508474 0.4958274647887324 0.4196864406779661 0.4141725352112676 0.4196864406779661
2 0.7376848591549295 0.3076186440677966 0.8197095070422535 0.3076186440677966 0.8197095070422535 0.38916101694915256 0.7376848591549295 0.38916101694915256
2 0.5021919014084507 0.6805 0.5679841549295774 0.6805 0.5679841549295774 0.7468898305084745 0.5021919014084507 0.7468898305084745
1 0.25119718309859157 0.2724067796610169 0.38147887323943663 0.2724067796610169 0.38147887323943663 0.4187457627118644 0.25119718309859157 0.4187457627118644
1 0.28128521126760564 0.7843983050847457 0.4028697183098592 0.7843983050847457 0.4028697183098592 0.9341101694915255 0.28128521126760564 0.9341101694915255
8 0.26122359154929575 0.43984745762711863 0.29986795774647884 0.43984745762711863 0.29986795774647884 0.5218135593220339 0.26122359154929575 0.5218135593220339
8 0.2612147887323944 0.4366271186440677 0.4122359154929577 0.4366271186440677 0.4122359154929577 0.4831694915254237 0.2612147887323944 0.4831694915254237
8 0.4334771126760563 0.48332203389830514 0.4818045774647888 0.48332203389830514 0.4818045774647888 0.5939661016949153 0.4334771126760563 0.5939661016949153
28 0.2578785211267606 0.644322033898305 0.47377640845070423 0.644322033898305 0.47377640845070423 0.6815762711864407 0.2578785211267606 0.6815762711864407
12 0.15403169014084506 0.690271186440678 0.20656690140845071 0.690271186440678 0.20656690140845071 0.8225762711864407 0.15403169014084506 0.8225762711864407
12 0.5670510563380282 0.6866101694915254 0.6141813380281691 0.6866101694915254 0.6141813380281691 0.8098983050847458 0.5670510563380282 0.8098983050847458
12 0.15783450704225352 0.18498305084745764 0.20452464788732394 0.18498305084745764 0.20452464788732394 0.3008135593220339 0.15783450704225352 0.3008135593220339
24 0.5085827464788732 0.18622033898305085 0.5481073943661973 0.18622033898305085 0.5481073943661973 0.2136779661016949 0.5085827464788732 0.2136779661016949
24 0.506056338028169 0.9031525423728813 0.5430281690140845 0.9031525423728813 0.5430281690140845 0.9380677966101694 0.506056338028169 0.9380677966101694
15 0.5619806338028169 0.8872457627118644 0.5928433098591549 0.8872457627118644 0.5928433098591549 0.9361101694915254 0.5619806338028169 0.9361101694915254
15 0.5683274647887324 0.19111016949152543 0.6030105633802818 0.19111016949152543 0.6030105633802818 0.2322796610169492 0.5683274647887324 0.2322796610169492
25 0.8885739436619718 0.572822033898305 0.9354049295774647 0.572822033898305 0.9354049295774647 0.6190084745762712 0.8885739436619718 0.6190084745762712
24 0.6814260563380282 0.7698050847457627 0.7575176056338029 0.7698050847457627 0.7575176056338029 0.8167033898305084 0.6814260563380282 0.8167033898305084