14 0.8532294429708224 0.17151055408970975 0.9239588859416445 0.17151055408970975 0.9239588859416445 0.30782981530343007 0.8532294429708224 0.30782981530343007
14 0.3153514588859416 0.8340633245382586 0.38608090185676397 0.8340633245382586 0.38608090185676397 0.9527968337730871 0.3153514588859416 0.9527968337730871
0 0.7545026525198939 0.30782981530343007 0.9313328912466843 0.30782981530343007 0.9313328912466843 0.6889511873350922 0.7545026525198939 0.6889511873350922
0 0.7633355437665783 0.6948087071240105 0.9239588859416445 0.6948087071240105 0.9239588859416445 0.8252704485488127 0.7633355437665783 0.8252704485488127
26 0.5113461538461539 0.5907387862796833 0.7618633952254641 0.5907387862796833 0.7618633952254641 0.8208707124010555 0.5113461538461539 0.8208707124010555
2 0.057473474801061 0.5834036939313985 0.3006167108753316 0.5834036939313985 0.3006167108753316 0.9630606860158312 0.057473474801061 0.9630606860158312
2 0.5172480106100795 0.052777044854881244 0.8502851458885942 0.052777044854881244 0.8502851458885942 0.30782981530343007 0.5172480106100795 0.30782981530343007
12 0.47009283819628656 0.17149736147757255 0.5157692307692308 0.17149736147757255 0.5157692307692308 0.30195910290237465 0.47009283819628656 0.30195910290237465
27 0.31683687002652516 0.04544195250659631 0.5069297082228117 0.04544195250659631 0.5069297082228117 0.15978232189973615 0.31683687002652516 0.15978232189973615
7 0.4612466843501326 0.31369393139841695 0.753023872679045 0.31369393139841695 0.753023872679045 0.5746174142480212 0.4612466843501326 0.5746174142480212
3 0.2328315649867374 0.3151583113456464 0.4671419098143236 0.3151583113456464 0.4671419098143236 0.5687467018469657 0.2328315649867374 0.5687467018469657
6 0.06484084880636605 0.17150395778364116 0.2298806366047745 0.17150395778364116 0.2298806366047745 0.4558839050131926 0.06484084880636605 0.4558839050131926
29 0.22988063660477456 0.18176121372031662 0.38314323607427053 0.18176121372031662 0.38314323607427053 0.30929419525065965 0.22988063660477456 0.30929419525065965
27 0.30356100795755975 0.6948021108179421 0.5113461538461539 0.6948021108179421 0.5113461538461539 0.8340633245382586 0.30356100795755975 0.8340633245382586
4 0.31210875331564986 0.36103562005277046 0.4286074270557029 0.36103562005277046 0.4286074270557029 0.5235290237467018 0.31210875331564986 0.5235290237467018
8 0.48452917771883286 0.3874274406332453 0.5545954907161804 0.3874274406332453 0.5545954907161804 0.5165039577836411 0.48452917771883286 0.5165039577836411
8 0.5618899204244031 0.5193469656992084 0.7561472148541114 0.5193469656992084 0.7561472148541114 0.5692810026385224 0.5618899204244031 0.5692810026385224
8 0.7033554376657823 0.45118733509234826 0.7526127320954907 0.45118733509234826 0.7526127320954907 0.5622427440633244 0.7033554376657823 0.5622427440633244
1 0.6414655172413792 0.1499538258575198 0.750842175066313 0.1499538258575198 0.750842175066313 0.31062664907651716 0.6414655172413792 0.31062664907651716
1 0.057911140583554385 0.7348350923482849 0.22041777188328912 0.7348350923482849 0.22041777188328912 0.8508113456464381 0.057911140583554385 0.8508113456464381
12 0.057911140583554385 0.5853166226912929 0.23455570291777192 0.5853166226912929 0.23455570291777192 0.6326253298153035 0.057911140583554385 0.6326253298153035
12 0.8006233421750664 0.05321240105540896 0.8481034482758621 0.05321240105540896 0.8481034482758621 0.17515171503957783 0.8006233421750664 0.17515171503957783
16 0.2413793103448276 0.58311345646438 0.30705570291777184 0.58311345646438 0.30705570291777184 0.662532981530343 0.2413793103448276 0.662532981530343
16 0.2988527851458886 0.6974406332453825 0.3795557029177719 0.6974406332453825 0.3795557029177719 0.7698680738786281 0.2988527851458886 0.7698680738786281
16 0.5176790450928382 0.23571240105540894 0.5934880636604775 0.23571240105540894 0.5934880636604775 0.3123878627968338 0.5176790450928382 0.3123878627968338
16 0.1816976127320955 0.4885620052770449 0.27522546419098143 0.4885620052770449 0.27522546419098143 0.5639973614775725 0.1816976127320955 0.5639973614775725
21 0.05791114058355438 0.1679881266490765 0.11036472148541114 0.1679881266490765 0.11036472148541114 0.3843865435356201 0.05791114058355438 0.3843865435356201
21 0.05792440318302385 0.1732651715039578 0.3165318302387268 0.1732651715039578 0.3165318302387268 0.22093007915567284 0.05792440318302385 0.22093007915567284
19 0.06544429708222811 0.3883839050131926 0.1162002652519894 0.3883839050131926 0.1162002652519894 0.4407717678100264 0.06544429708222811 0.4407717678100264
32 0.3286339522546419 0.17832453825857522 0.38184350132626 0.17832453825857522 0.38184350132626 0.22426121372031663 0.3286339522546419 0.22426121372031663