0 0.03554531490015362 0.06382396449704139 0.17142857142857143 0.06382396449704139 0.17142857142857143 0.3243417159763314 0.03554531490015362 0.3243417159763314
2 0.1364900153609831 0.049023668639053254 0.41014592933947774 0.049023668639053254 0.41014592933947774 0.32094674556213015 0.1364900153609831 0.32094674556213015
2 0.6653456221198157 0.04903106508875739 0.9174193548387097 0.04903106508875739 0.9174193548387097 0.3260281065088757 0.6653456221198157 0.3260281065088757
2 0.12551459293394776 0.5942603550295857 0.4628110599078341 0.5942603550295857 0.4628110599078341 0.8773372781065087 0.12551459293394776 0.8773372781065087
0 0.12552227342549926 0.8774260355029587 0.4593010752688172 0.8774260355029587 0.4593010752688172 0.9737278106508875 0.12552227342549926 0.9737278106508875
0 0.07723502304147466 0.3300961538461538 0.2205837173579109 0.3300961538461538 0.2205837173579109 0.589844674556213 0.07723502304147466 0.589844674556213
6 0.6730491551459293 0.6048150887573964 0.9075652841781875 0.6048150887573964 0.9075652841781875 0.8637943786982247 0.6730491551459293 0.8637943786982247
27 0.46126728110599075 0.6808949704142011 0.5856758832565284 0.6808949704142011 0.5856758832565284 0.8671819526627219 0.46126728110599075 0.8671819526627219
29 0.5819662058371736 0.7125961538461539 0.6804608294930876 0.7125961538461539 0.6804608294930876 0.8790310650887574 0.5819662058371736 0.8790310650887574
3 0.21330261136712747 0.3258579881656805 0.45579109062980033 0.3258579881656805 0.45579109062980033 0.5949112426035503 0.21330261136712747 0.5949112426035503
7 0.42615751961696974 0.2476754031338535 0.6488669298330313 0.23470428755755707 0.6664194247494714 0.3497010326778434 0.9121542196647208 0.33955422120427936 0.9156649329118625 0.6033703518452885 0.6734403155841202 0.6050614548351607 0.6769508949163534 0.7116025559831989 0.5891884203341541 0.7132937234845149 0.5821673955845965 0.6642509626408979 0.46281037658684165 0.6541042156787775 0.46105515387817964 0.5966058108629125
8 0.6719278033794163 0.5371893491124261 0.7699769585253456 0.5371893491124261 0.7699769585253456 0.5864497041420118 0.6719278033794163 0.5864497041420118
8 0.7684869431643625 0.5435355029585799 0.8595007680491551 0.5435355029585799 0.8595007680491551 0.5881508875739645 0.7684869431643625 0.5881508875739645
8 0.8474807987711214 0.4421005917159764 0.910399385560676 0.4421005917159764 0.910399385560676 0.5492603550295857 0.8474807987711214 0.5492603550295857
4 0.27034562211981567 0.38292899408284026 0.4470122887864823 0.38292899408284026 0.4470122887864823 0.5188165680473373 0.27034562211981567 0.5188165680473373
1 0.12991551459293396 0.70625 0.32590629800307225 0.70625 0.32590629800307225 0.8265902366863905 0.12991551459293396 0.8265902366863905
1 0.7421582181259601 0.11453402366863905 0.9139093701996926 0.11453402366863905 0.9139093701996926 0.22117603550295856 0.7421582181259601 0.22117603550295856
1 0.1891551459293395 0.15680473372781065 0.32414746543778805 0.15680473372781065 0.32414746543778805 0.3277218934911243 0.1891551459293395 0.3277218934911243
27 0.40201996927803385 0.05959319526627219 0.5365360983102918 0.05959319526627219 0.5365360983102918 0.24147189349112427 0.40201996927803385 0.24147189349112427
27 0.524915514592934 0.05960059171597634 0.6523809523809524 0.05960059171597634 0.6523809523809524 0.22963017751479292 0.524915514592934 0.22963017751479292
16 0.40201996927803385 0.12299556213017752 0.44526113671274964 0.12299556213017752 0.44526113671274964 0.16706360946745563 0.40201996927803385 0.16706360946745563
16 0.3756835637480799 0.2730325443786982 0.42594470046082955 0.2730325443786982 0.42594470046082955 0.3243343195266272 0.3756835637480799 0.3243343195266272
16 0.6565821812596006 0.24767751479289943 0.6945084485407066 0.24767751479289943 0.6945084485407066 0.30235207100591716 0.6565821812596006 0.30235207100591716
16 0.45249615975422436 0.7485133136094675 0.4961674347158218 0.7485133136094675 0.4961674347158218 0.7995340236686391 0.45249615975422436 0.7995340236686391
25 0.8714669738863288 0.6749556213017751 0.910284178187404 0.6749556213017751 0.910284178187404 0.7307544378698225 0.8714669738863288 0.7307544378698225
24 0.692342549923195 0.8216272189349113 0.7660291858678956 0.8216272189349113 0.7660291858678956 0.8612721893491124 0.692342549923195 0.8612721893491124
15 0.4279339477726574 0.0647707100591716 0.457073732718894 0.0647707100591716 0.457073732718894 0.10824704142011835 0.4279339477726574 0.10824704142011835
15 0.5570890937019969 0.06946005917159763 0.5944930875576037 0.06946005917159763 0.5944930875576037 0.10917899408284025 0.5570890937019969 0.10917899408284025
15 0.49982334869431644 0.8145931952662722 0.5311443932411674 0.8145931952662722 0.5311443932411674 0.8499334319526628 0.49982334869431644 0.8499334319526628
24 0.5412596006144392 0.7559245562130178 0.5730568356374808 0.7559245562130178 0.5730568356374808 0.786087278106509 0.5412596006144392 0.786087278106509
24 0.544915514592934 0.19502958579881652 0.5691551459293395 0.19502958579881652 0.5691551459293395 0.22281065088757396 0.544915514592934 0.22281065088757396
24 0.49738863287250384 0.138698224852071 0.5262672811059907 0.138698224852071 0.5262672811059907 0.16553254437869824 0.49738863287250384 0.16553254437869824
12 0.2865821812596006 0.05421597633136096 0.40638248847926267 0.05421597633136096 0.40638248847926267 0.09791420118343194 0.2865821812596006 0.09791420118343194
12 0.2865975422427035 0.5517529585798816 0.43758064516129036 0.5517529585798816 0.43758064516129036 0.5927144970414201 0.2865975422427035 0.5927144970414201
12 0.13183563748079877 0.6068860946745562 0.2679800307219662 0.6068860946745562 0.2679800307219662 0.6368417159763313 0.13183563748079877 0.6368417159763313
12 0.7593625192012289 0.2830251479289941 0.910284178187404 0.2830251479289941 0.910284178187404 0.3157322485207101 0.7593625192012289 0.3157322485207101
28 0.6496927803379416 0.32880177514792897 0.8469278033794163 0.32880177514792897 0.8469278033794163 0.3570562130177515 0.6496927803379416 0.3570562130177515
28 0.2792780337941628 0.595155325443787 0.4015207373271889 0.595155325443787 0.4015207373271889 0.6264423076923077 0.2792780337941628 0.6264423076923077
28 0.16473118279569893 0.05186390532544379 0.28162826420890935 0.05186390532544379 0.28162826420890935 0.08476331360946746 0.16473118279569893 0.08476331360946746
21 0.6829032258064517 0.8165754437869822 0.9121505376344087 0.8165754437869822 0.9121505376344087 0.8670636094674558 0.6829032258064517 0.8670636094674558
21 0.8650384024577574 0.6010207100591716 0.9174193548387097 0.6010207100591716 0.9174193548387097 0.8636834319526627 0.8650384024577574 0.8636834319526627
19 0.676405529953917 0.6766346153846153 0.734347158218126 0.6766346153846153 0.734347158218126 0.7204068047337279 0.676405529953917 0.7204068047337279
32 0.5999462365591398 0.8069600591715976 0.6614362519201229 0.8069600591715976 0.6614362519201229 0.8623002958579883 0.5999462365591398 0.8623002958579883