14 0.09515570934256055 0.191044776119403 0.16089965397923875 0.191044776119403 0.16089965397923875 0.33880597014925373 0.09515570934256055 0.33880597014925373
27 0.4342560553633218 0.14626865671641792 0.5622837370242214 0.14626865671641792 0.5622837370242214 0.2716417910447761 0.4342560553633218 0.2716417910447761
27 0.5674740484429066 0.15074626865671642 0.6833910034602076 0.15074626865671642 0.6833910034602076 0.3 0.5674740484429066 0.3
27 0.4982698961937716 0.8208955223880597 0.6799307958477508 0.8208955223880597 0.6799307958477508 0.9223880597014925 0.4982698961937716 0.9223880597014925
2 0.17128027681660898 0.14626865671641792 0.43079584775086505 0.14626865671641792 0.43079584775086505 0.3761194029850746 0.17128027681660898 0.3761194029850746
2 0.6799307958477508 0.058208955223880594 0.916955017301038 0.058208955223880594 0.916955017301038 0.3746268656716418 0.6799307958477508 0.3746268656716418
2 0.16262975778546712 0.7134328358208956 0.4913494809688581 0.7134328358208956 0.4913494809688581 0.9253731343283582 0.16262975778546712 0.9253731343283582
0 0.04671280276816609 0.8029850746268656 0.16262975778546712 0.8029850746268656 0.16262975778546712 0.9328358208955224 0.04671280276816609 0.9328358208955224
0 0.09342560553633218 0.373134328358209 0.25432525951557095 0.373134328358209 0.25432525951557095 0.7104477611940299 0.09342560553633218 0.7104477611940299
26 0.25432525951557095 0.37910447761194027 0.5207612456747405 0.37910447761194027 0.5207612456747405 0.48208955223880595 0.25432525951557095 0.48208955223880595
31 0.4342560553633218 0.27761194029850744 0.5501730103806228 0.27761194029850744 0.5501730103806228 0.3701492537313433 0.4342560553633218 0.3701492537313433
7 0.2577854671280277 0.4880597014925373 0.5346020761245674 0.4880597014925373 0.5346020761245674 0.7 0.2577854671280277 0.7
5 0.5294117647058824 0.37910447761194027 0.7802768166089965 0.37910447761194027 0.7802768166089965 0.48208955223880595 0.5294117647058824 0.48208955223880595
3 0.5363321799307958 0.48955223880597015 0.8148788927335641 0.48955223880597015 0.8148788927335641 0.6955223880597015 0.5363321799307958 0.6955223880597015
29 0.6176470588235294 0.7134328358208956 0.7491349480968859 0.7134328358208956 0.7491349480968859 0.8134328358208955 0.6176470588235294 0.8134328358208955
30 0.49480968858131485 0.7119402985074627 0.6141868512110726 0.7119402985074627 0.6141868512110726 0.817910447761194 0.49480968858131485 0.817910447761194
6 0.7549480968858132 0.48503731343283585 0.9279584775086506 0.48503731343283585 0.9279584775086506 0.820365671641791 0.7549480968858132 0.820365671641791
4 0.6431055363321799 0.5377462686567164 0.8074134948096886 0.5377462686567164 0.8074134948096886 0.6386417910447761 0.6431055363321799 0.6386417910447761
2 0.6752335640138408 0.30533582089552236 0.7540397923875433 0.30533582089552236 0.7540397923875433 0.36905223880597016 0.6752335640138408 0.36905223880597016
2 0.7024307958477508 0.38422388059701484 0.7817214532871973 0.38422388059701484 0.7817214532871973 0.44923880597014926 0.7024307958477508 0.44923880597014926
2 0.50469723183391 0.6997835820895523 0.5682093425605537 0.6997835820895523 0.5682093425605537 0.7580671641791045 0.50469723183391 0.7580671641791045
2 0.49728373702422146 0.82344776119403 0.5602941176470587 0.82344776119403 0.5602941176470587 0.8758059701492537 0.49728373702422146 0.8758059701492537
2 0.35639273356401385 0.30958955223880597 0.42585640138408304 0.30958955223880597 0.42585640138408304 0.3690373134328358 0.35639273356401385 0.3690373134328358
8 0.44614186851211074 0.5289179104477612 0.49140138408304496 0.5289179104477612 0.49140138408304496 0.6293507462686566 0.44614186851211074 0.6293507462686566
8 0.2808391003460208 0.49147761194029854 0.4339705882352941 0.49147761194029854 0.4339705882352941 0.5267611940298508 0.2808391003460208 0.5267611940298508
8 0.2791782006920415 0.492910447761194 0.32179065743944635 0.492910447761194 0.32179065743944635 0.5774776119402985 0.2791782006920415 0.5774776119402985
12 0.7567214532871972 0.3330298507462687 0.8733823529411766 0.3330298507462687 0.8733823529411766 0.37807462686567167 0.7567214532871972 0.37807462686567167
1 0.7700692041522491 0.16449253731343286 0.91878892733564 0.16449253731343286 0.91878892733564 0.25702985074626866 0.7700692041522491 0.25702985074626866
1 0.20570934256055362 0.23939552238805972 0.3177854671280277 0.23939552238805972 0.3177854671280277 0.3711417910447761 0.20570934256055362 0.3711417910447761
12 0.3826903114186851 0.14577611940298507 0.4286245674740484 0.14577611940298507 0.4286245674740484 0.3112089552238806 0.3826903114186851 0.3112089552238806
1 0.2875173010380623 0.7939701492537314 0.407257785467128 0.7939701492537314 0.407257785467128 0.9290149253731345 0.2875173010380623 0.9290149253731345
28 0.26414359861591696 0.6729776119402985 0.4660294117647059 0.6729776119402985 0.4660294117647059 0.7007835820895522 0.26414359861591696 0.7007835820895522
12 0.56969723183391 0.7147462686567164 0.612932525951557 0.7147462686567164 0.612932525951557 0.8206567164179105 0.56969723183391 0.8206567164179105
19 0.8707698961937715 0.48358955223880595 0.9200605536332179 0.48358955223880595 0.9200605536332179 0.5342611940298508 0.8707698961937715 0.5342611940298508
32 0.6211591695501729 0.7773805970149255 0.6760726643598616 0.7773805970149255 0.6760726643598616 0.8161119402985075 0.6211591695501729 0.8161119402985075