10 0.2226576576576577 0.16874745417515272 0.5263873873873873 0.16874745417515272 0.5263873873873873 0.3404175152749491 0.2226576576576577 0.3404175152749491
0 0.11840540540540541 0.7884725050916497 0.2110720720720721 0.7884725050916497 0.2110720720720721 0.9557637474541751 0.11840540540540541 0.9557637474541751
0 0.5341171171171171 0.17602851323828922 0.6795405405405406 0.17602851323828922 0.6795405405405406 0.3447861507128309 0.5341171171171171 0.3447861507128309
2 0.22521621621621624 0.3622301425661914 0.48905405405405405 0.3622301425661914 0.48905405405405405 0.6400916496945009 0.22521621621621624 0.6400916496945009
2 0.22909009009009007 0.6619144602851323 0.48262162162162164 0.6619144602851323 0.48262162162162164 0.9514052953156823 0.22909009009009007 0.9514052953156823
27 0.49421621621621625 0.3564052953156822 0.6743963963963965 0.3564052953156822 0.6743963963963965 0.4975254582484725 0.49421621621621625 0.4975254582484725
27 0.4864774774774775 0.8030244399185337 0.6653783783783783 0.8030244399185337 0.6653783783783783 0.9441446028513238 0.4864774774774775 0.9441446028513238
3 0.4942072072072072 0.5077189409368635 0.7580450450450451 0.5077189409368635 0.7580450450450451 0.7928513238289207 0.4942072072072072 0.7928513238289207
7 0.685972972972973 0.18038696537678206 0.9356486486486486 0.18038696537678206 0.9356486486486486 0.5018940936863544 0.685972972972973 0.5018940936863544
6 0.7580450450450451 0.5135336048879837 0.9356486486486486 0.5135336048879837 0.9356486486486486 0.7855702647657842 0.7580450450450451 0.7855702647657842
12 0.17890090090090088 0.4931568228105906 0.22780180180180182 0.4931568228105906 0.22780180180180182 0.6459063136456211 0.17890090090090088 0.6459063136456211
12 0.18146846846846845 0.6575458248472505 0.2277927927927928 0.6575458248472505 0.2277927927927928 0.7826578411405295 0.18146846846846845 0.7826578411405295
4 0.572972972972973 0.6340835030549898 0.704864864864865 0.6340835030549898 0.704864864864865 0.7891751527494909 0.572972972972973 0.7891751527494909
16 0.48828125 0.7362704461558045 0.4873046875 0.6623122454175153 0.4140625 0.6612083916751528 0.421875 0.6943240039460286 0.4404296875 0.7197126400203666 0.4638671875 0.735166592413442
16 0.48828125 0.6369236093431772 0.4853515625 0.5585499936354379 0.4443359375 0.5740039460285132 0.421875 0.6016002895875764 0.4140625 0.6258850719195519 0.4150390625 0.6380274630855397
16 0.58984375 0.5044611602596741 0.61328125 0.502253452774949 0.6123046875 0.4260875445519348 0.5732421875 0.44374920442973526 0.5546875 0.4757609629582485 0.5556640625 0.5055650140020367
16 0.9453125 0.44043764320264767 0.9443359375 0.34219466013238287 0.9208984375 0.34219466013238287 0.8818359375 0.3642717349796334 0.861328125 0.39186807853869654 0.849609375 0.4293991057790224 0.8505859375 0.44154149694501016
16 0.494140625 0.8687328952393075 0.5068359375 0.86542133401222 0.53515625 0.8378249904531568 0.5439453125 0.8036055244399185 0.482421875 0.8069170856670062 0.482421875 0.8665251877545825
1 0.2886936936936937 0.36251527494908353 0.4218288288288288 0.36251527494908353 0.4218288288288288 0.5320264765784114 0.2886936936936937 0.5320264765784114
1 0.29270270270270266 0.7562830957230142 0.4202342342342343 0.7562830957230142 0.4202342342342343 0.9394806517311609 0.29270270270270266 0.9394806517311609
8 0.7171171171171171 0.17244399185336048 0.875027027027027 0.17244399185336048 0.875027027027027 0.23505091649694504 0.7171171171171171 0.23505091649694504
8 0.8712792792792793 0.2674847250509165 0.9374774774774774 0.2674847250509165 0.9374774774774774 0.33825865580448067 0.8712792792792793 0.33825865580448067
28 0.7551531531531531 0.45078411405295316 0.9038378378378378 0.45078411405295316 0.9038378378378378 0.49943991853360487 0.7551531531531531 0.49943991853360487
25 0.8831081081081081 0.6260896130346233 0.9353423423423424 0.6260896130346233 0.9353423423423424 0.6760692464358452 0.8831081081081081 0.6760692464358452
24 0.6762876244525503 0.4304553129360792 0.6472179302664597 0.4256210085229908 0.6403779792001063 0.4420576509040543 0.6412329567757487 0.46236171468589926 0.6480729078421021 0.4816989323382528 0.6754325816463003 0.4816989323382527 0.6762876244525503 0.4265878915352979 0.6754325816463003 0.4352896173491676
24 0.49036693316348995 0.9107080360029881 0.49292729356967807 0.9428373008231742 0.5438569672578318 0.9428373008231742 0.5430485714869043 0.9144976314914776 0.5309224498930616 0.9035274942837128 0.5099038514657293 0.9016990508991023
24 0.7591981981981981 0.7290631364562118 0.8276126126126125 0.7290631364562118 0.8276126126126125 0.7847454175152749 0.7591981981981981 0.7847454175152749
15 0.5671801801801802 0.36580448065173116 0.5931801801801801 0.36580448065173116 0.5931801801801801 0.4190835030549898 0.5671801801801802 0.4190835030549898
15 0.5601081081081082 0.8867209775967413 0.5899459459459458 0.8867209775967413 0.5899459459459458 0.9319348268839105 0.5601081081081082 0.9319348268839105
21 0.8211081081081082 0.5062627291242363 0.9317927927927928 0.5062627291242363 0.9317927927927928 0.5688085539714868 0.8211081081081082 0.5688085539714868
21 0.8790270270270271 0.5120773930753564 0.9369369369369369 0.5120773930753564 0.9369369369369369 0.7913849287169042 0.8790270270270271 0.7913849287169042
21 0.8249639639639639 0.7332077393075356 0.9304954954954954 0.7332077393075356 0.9304954954954954 0.7913951120162934 0.8249639639639639 0.7913951120162934