0 0.17477477477477477 0.1411229135053111 0.28468468468468466 0.1411229135053111 0.28468468468468466 0.23975720789074356 0.17477477477477477 0.23975720789074356
0 0.6 0.04552352048558422 0.8576576576576577 0.04552352048558422 0.8576576576576577 0.1426403641881639 0.6 0.1426403641881639
0 0.06126126126126126 0.834597875569044 0.17117117117117117 0.834597875569044 0.17117117117117117 0.9484066767830045 0.06126126126126126 0.9484066767830045
0 0.1009009009009009 0.44309559939301973 0.25405405405405407 0.44309559939301973 0.25405405405405407 0.7435508345978755 0.1009009009009009 0.7435508345978755
2 0.1783783783783784 0.24279210925644917 0.4666666666666667 0.24279210925644917 0.4666666666666667 0.44157814871016693 0.1783783783783784 0.44157814871016693
27 0.2918918918918919 0.1426403641881639 0.46846846846846846 0.1426403641881639 0.46846846846846846 0.23823975720789076 0.2918918918918919 0.23823975720789076
27 0.4774774774774775 0.14871016691957512 0.6558558558558558 0.14871016691957512 0.6558558558558558 0.23975720789074356 0.4774774774774775 0.23975720789074356
27 0.47927927927927927 0.8512898330804249 0.6558558558558558 0.8512898330804249 0.6558558558558558 0.9484066767830045 0.47927927927927927 0.9484066767830045
2 0.16396396396396395 0.7541729893778453 0.47927927927927927 0.7541729893778453 0.47927927927927927 0.9544764795144158 0.16396396396396395 0.9544764795144158
2 0.6666666666666666 0.1471927162367223 0.8864864864864865 0.1471927162367223 0.8864864864864865 0.4339908952959029 0.6666666666666666 0.4339908952959029
26 0.25765765765765763 0.44916540212443096 0.47387387387387386 0.44916540212443096 0.47387387387387386 0.5417298937784522 0.25765765765765763 0.5417298937784522
30 0.46846846846846846 0.2473444613050076 0.5873873873873874 0.2473444613050076 0.5873873873873874 0.33839150227617604 0.46846846846846846 0.33839150227617604
5 0.4828828828828829 0.44916540212443096 0.7603603603603604 0.44916540212443096 0.7603603603603604 0.5417298937784522 0.4828828828828829 0.5417298937784522
7 0.25405405405405407 0.5462822458270106 0.5315315315315315 0.5462822458270106 0.5315315315315315 0.7496206373292867 0.25405405405405407 0.7496206373292867
3 0.5369369369369369 0.5508345978755691 0.8018018018018018 0.5508345978755691 0.8018018018018018 0.7435508345978755 0.5369369369369369 0.7435508345978755
30 0.4828828828828829 0.7541729893778453 0.6018018018018018 0.7541729893778453 0.6018018018018018 0.849772382397572 0.4828828828828829 0.849772382397572
29 0.6036036036036037 0.7481031866464339 0.7315315315315315 0.7481031866464339 0.7315315315315315 0.8512898330804249 0.6036036036036037 0.8512898330804249
6 0.7387387387387387 0.5523520485584219 0.8900900900900901 0.5523520485584219 0.8900900900900901 0.8558421851289834 0.7387387387387387 0.8558421851289834
4 0.6234234234234234 0.5922306525037937 0.7955675675675675 0.5922306525037937 0.7955675675675675 0.7013353566009105 0.6234234234234234 0.7013353566009105
2 0.6543063063063063 0.34078148710166917 0.7317477477477478 0.34078148710166917 0.7317477477477478 0.3994916540212443 0.6543063063063063 0.3994916540212443
2 0.6800450450450449 0.4469878603945372 0.7605675675675676 0.4469878603945372 0.7605675675675676 0.5139833080424886 0.6800450450450449 0.5139833080424886
1 0.7441981981981982 0.2279514415781487 0.885927927927928 0.2279514415781487 0.885927927927928 0.31784522003034904 0.7441981981981982 0.31784522003034904
1 0.2424684684684685 0.3191047040971169 0.33900900900900904 0.3191047040971169 0.33900900900900904 0.43418816388467374 0.2424684684684685 0.43418816388467374
1 0.28886486486486485 0.8231411229135054 0.39841441441441444 0.8231411229135054 0.39841441441441444 0.9495144157814871 0.28886486486486485 0.9495144157814871
12 0.6668018018018018 0.3972230652503794 0.8886936936936937 0.3972230652503794 0.8886936936936937 0.4382852807283763 0.6668018018018018 0.4382852807283763
12 0.16931531531531532 0.7525417298937784 0.21374774774774774 0.7525417298937784 0.21374774774774774 0.8540743550834599 0.16931531531531532 0.8540743550834599
12 0.5513513513513514 0.7502200303490135 0.5984864864864864 0.7502200303490135 0.5984864864864864 0.8531487101669194 0.5513513513513514 0.8531487101669194
8 0.42264864864864865 0.5727389984825493 0.47490090090090087 0.5727389984825493 0.47490090090090087 0.6683839150227617 0.42264864864864865 0.6683839150227617
8 0.26307207207207206 0.5510546282245826 0.30813513513513513 0.5510546282245826 0.30813513513513513 0.6215402124430957 0.26307207207207206 0.6215402124430957
8 0.26307207207207206 0.5532169954476479 0.4131441441441442 0.5532169954476479 0.4131441441441442 0.5868437025796661 0.26307207207207206 0.5868437025796661
8 0.3402792792792793 0.6095827010622156 0.3801891891891892 0.6095827010622156 0.3801891891891892 0.6475644916540213 0.3402792792792793 0.6475644916540213
28 0.2759369369369369 0.7136342943854325 0.441972972972973 0.7136342943854325 0.441972972972973 0.7429666160849773 0.2759369369369369 0.7429666160849773
12 0.46126126126126127 0.3039301972685888 0.58609009009009 0.3039301972685888 0.58609009009009 0.337040971168437 0.46126126126126127 0.337040971168437
12 0.5410630630630631 0.24973444613050075 0.5922702702702702 0.24973444613050075 0.5922702702702702 0.33184370257966617 0.5410630630630631 0.33184370257966617
24 0.6934504504504505 0.8165933232169954 0.7520270270270271 0.8165933232169954 0.7520270270270271 0.8513277693474963 0.6934504504504505 0.8513277693474963
24 0.4955225225225225 0.9231107738998483 0.5326936936936937 0.9231107738998483 0.5326936936936937 0.9508801213960546 0.4955225225225225 0.9508801213960546
24 0.42310810810810806 0.14815629742033382 0.4546936936936937 0.14815629742033382 0.4546936936936937 0.17275417298937784 0.42310810810810806 0.17275417298937784
24 0.6084864864864864 0.14977996965098633 0.6462162162162163 0.14977996965098633 0.6462162162162163 0.17665402124430957 0.6084864864864864 0.17665402124430957
15 0.5544144144144144 0.15628983308042488 0.5859819819819819 0.15628983308042488 0.5859819819819819 0.18577389984825493 0.5544144144144144 0.18577389984825493
15 0.3777297297297297 0.15385432473444613 0.40756756756756757 0.15385432473444613 0.40756756756756757 0.18641881638846738 0.3777297297297297 0.18641881638846738
15 0.5457297297297298 0.9092943854324734 0.5751711711711712 0.9092943854324734 0.5751711711711712 0.9443626707132017 0.5457297297297298 0.9443626707132017
16 0.3999279279279279 0.3734142640364188 0.46702702702702703 0.3734142640364188 0.46702702702702703 0.44148710166919575 0.3999279279279279 0.44148710166919575
16 0.5978738738738738 0.19044764795144156 0.6578018018018018 0.19044764795144156 0.6578018018018018 0.23977996965098633 0.5978738738738738 0.23977996965098633
16 0.40765765765765766 0.19044764795144156 0.46935135135135136 0.19044764795144156 0.46935135135135136 0.23977996965098633 0.40765765765765766 0.23977996965098633
16 0.48103603603603606 0.7539757207890745 0.5489099099099098 0.7539757207890745 0.5489099099099098 0.8057814871016693 0.48103603603603606 0.8057814871016693
16 0.4810450450450451 0.8507435508345979 0.545045045045045 0.8507435508345979 0.545045045045045 0.9053414264036419 0.4810450450450451 0.9053414264036419