2 0.048265460030165915 0.09859154929577464 0.29716440422322776 0.09859154929577464 0.29716440422322776 0.5230516431924882 0.048265460030165915 0.5230516431924882
2 0.541892911010558 0.09859154929577461 0.8345776772247361 0.09859154929577461 0.8345776772247361 0.5264788732394365 0.541892911010558 0.5264788732394365
27 0.2991855203619909 0.10285211267605635 0.41342383107088987 0.10285211267605635 0.41342383107088987 0.3915610328638498 0.2991855203619909 0.3915610328638498
27 0.41710407239819 0.10072769953051644 0.5395475113122172 0.10072769953051644 0.5395475113122172 0.37791079812206574 0.41710407239819 0.37791079812206574
29 0.04552790346907993 0.5317957746478874 0.14801659125188535 0.5317957746478874 0.14801659125188535 0.7826173708920189 0.04552790346907993 0.7826173708920189
6 0.14973604826546003 0.5296596244131455 0.3553016591251885 0.5296596244131455 0.3553016591251885 0.784330985915493 0.14973604826546003 0.784330985915493
23 0.1620739064856712 0.7921478873239436 0.3585897435897436 0.7921478873239436 0.3585897435897436 0.9397300469483568 0.1620739064856712 0.9397300469483568
3 0.3554072398190045 0.5360680751173709 0.5867043740573152 0.5360680751173709 0.5867043740573152 0.9260915492957746 0.3554072398190045 0.9260915492957746
7 0.5857616892911011 0.5403403755868544 0.8312820512820512 0.5403403755868544 0.8312820512820512 0.9363262910798122 0.5857616892911011 0.9363262910798122
8 0.5953619909502262 0.623556338028169 0.6459351432880844 0.623556338028169 0.6459351432880844 0.7740962441314554 0.5953619909502262 0.7740962441314554
8 0.6406108597285068 0.546725352112676 0.7347737556561086 0.546725352112676 0.7347737556561086 0.6272183098591549 0.6406108597285068 0.6272183098591549
0 0.8298416289592762 0.09857981220657278 0.9925113122171946 0.09857981220657278 0.9925113122171946 0.5332981220657277 0.8298416289592762 0.5332981220657277
0 0.8380618401206636 0.5317957746478873 0.9914102564102565 0.5317957746478873 0.9914102564102565 0.9277816901408451 0.8380618401206636 0.9277816901408451
4 0.39653846153846156 0.5936971830985914 0.5176093514328809 0.5936971830985914 0.5176093514328809 0.7740962441314554 0.39653846153846156 0.7740962441314554
1 0.08297134238310709 0.2970422535211268 0.21615384615384617 0.2970422535211268 0.21615384615384617 0.5093896713615024 0.08297134238310709 0.5093896713615024
1 0.6255279034690799 0.3055985915492958 0.7753469079939668 0.3055985915492958 0.7753469079939668 0.5213497652582159 0.6255279034690799 0.5213497652582159
16 0.3033031674208145 0.4229694835680751 0.35639517345399696 0.4229694835680751 0.35639517345399696 0.5025704225352112 0.3033031674208145 0.5025704225352112
16 0.4760708898944193 0.4272300469483568 0.5406410256410257 0.4272300469483568 0.5406410256410257 0.5128169014084507 0.4760708898944193 0.5128169014084507
16 0.15933634992458523 0.7985446009389672 0.22588235294117645 0.7985446009389672 0.22588235294117645 0.891924882629108 0.15933634992458523 0.891924882629108
16 0.09763197586726999 0.6214319248826291 0.14800904977375567 0.6214319248826291 0.14800904977375567 0.7057981220657276 0.09763197586726999 0.7057981220657276
28 0.6378733031674207 0.10713615023474178 0.8304826546003017 0.10713615023474178 0.8304826546003017 0.16272300469483567 0.6378733031674207 0.16272300469483567
12 0.5377752639517345 0.10286384976525821 0.5837028657616893 0.10286384976525821 0.5837028657616893 0.35399061032863854 0.5377752639517345 0.35399061032863854
12 0.24433634992458522 0.10713615023474178 0.28646304675716444 0.10713615023474178 0.28646304675716444 0.3761971830985915 0.24433634992458522 0.3761971830985915
28 0.5857616892911011 0.8646948356807512 0.8293815987933635 0.8646948356807512 0.8293815987933635 0.9329107981220657 0.5857616892911011 0.9329107981220657
28 0.11271493212669684 0.105 0.20420814479638008 0.105 0.20420814479638008 0.15077464788732392 0.11271493212669684 0.15077464788732392
15 0.43357466063348415 0.24370892018779344 0.47731523378582197 0.24370892018779344 0.47731523378582197 0.28568075117370895 0.43357466063348415 0.28568075117370895
15 0.31153092006033184 0.23944835680751173 0.34898190045248867 0.23944835680751173 0.34898190045248867 0.2839788732394366 0.31153092006033184 0.2839788732394366
24 0.3046681749622926 0.31625586854460097 0.3413046757164404 0.31625586854460097 0.3413046757164404 0.37618544600938963 0.3046681749622926 0.37618544600938963
24 0.43082956259426847 0.3162676056338028 0.4652488687782806 0.3162676056338028 0.4652488687782806 0.37960093896713615 0.43082956259426847 0.37960093896713615
24 0.15521116138763197 0.5424765258215962 0.2294343891402715 0.5424765258215962 0.2294343891402715 0.6016079812206573 0.15521116138763197 0.6016079812206573
25 0.22514328808446452 0.711056338028169 0.27769230769230774 0.711056338028169 0.27769230769230774 0.7809154929577465 0.22514328808446452 0.7809154929577465
21 0.1526395173453997 0.7028169014084508 0.35432880844645553 0.7028169014084508 0.35432880844645553 0.7847887323943662 0.1526395173453997 0.7847887323943662
21 0.15113122171945703 0.5314671361502348 0.27710407239819007 0.5314671361502348 0.27710407239819007 0.6027582159624413 0.15113122171945703 0.6027582159624413
19 0.27603318250377074 0.5380868544600939 0.34659125188536954 0.5380868544600939 0.34659125188536954 0.611631455399061 0.27603318250377074 0.611631455399061
32 0.10052790346907993 0.7078169014084508 0.13935143288084464 0.7078169014084508 0.13935143288084464 0.7736854460093896 0.10052790346907993 0.7736854460093896