0 0.05547095761381477 0.009783519553072629 0.3906514913657771 0.009783519553072629 0.3906514913657771 0.1309427374301676 0.05547095761381477 0.1309427374301676
2 0.058084772370486655 0.13546787709497204 0.38646781789638934 0.13546787709497204 0.38646781789638934 0.40104050279329606 0.058084772370486655 0.40104050279329606
2 0.5185792778649921 0.12150139664804468 0.8175902668759811 0.12150139664804468 0.8175902668759811 0.40104050279329606 0.5185792778649921 0.40104050279329606
0 0.7383516483516483 0.4124720670391061 0.915934065934066 0.4124720670391061 0.915934065934066 0.6972206703910614 0.7383516483516483 0.6972206703910614
2 0.06855572998430141 0.6964664804469274 0.43251177394034535 0.6964664804469274 0.43251177394034535 0.9598743016759776 0.06855572998430141 0.9598743016759776
27 0.43484301412872844 0.784909217877095 0.5727237048665621 0.784909217877095 0.5727237048665621 0.9654539106145251 0.43484301412872844 0.9654539106145251
7 0.05807692307692308 0.4124790502793296 0.45134222919937206 0.4124790502793296 0.45134222919937206 0.6860405027932961 0.05807692307692308 0.6860405027932961
3 0.4531632653061224 0.4054958100558659 0.7464285714285714 0.4054958100558659 0.7464285714285714 0.7046717877094972 0.4531632653061224 0.7046717877094972
6 0.5709105180533751 0.6918086592178772 0.8510675039246468 0.6918086592178772 0.8510675039246468 0.8946717877094973 0.5709105180533751 0.8946717877094973
29 0.560447409733124 0.8943296089385475 0.8385164835164836 0.8943296089385475 0.8385164835164836 0.98036312849162 0.560447409733124 0.98036312849162
4 0.4897959183673469 0.4799860335195531 0.6773626373626374 0.4799860335195531 0.6773626373626374 0.6096787709497207 0.4897959183673469 0.6096787709497207
8 0.08947409733124018 0.5358519553072626 0.13532967032967033 0.5358519553072626 0.13532967032967033 0.6152653631284917 0.08947409733124018 0.6152653631284917
8 0.12087127158555731 0.6312918994413408 0.22531397174254317 0.6312918994413408 0.22531397174254317 0.6841829608938548 0.12087127158555731 0.6841829608938548
8 0.21507849293563577 0.6336103351955307 0.3215934065934066 0.6336103351955307 0.3215934065934066 0.6897695530726257 0.21507849293563577 0.6897695530726257
27 0.3825196232339089 0.13081703910614523 0.5204003139717426 0.13081703910614523 0.5204003139717426 0.30789804469273746 0.3825196232339089 0.30789804469273746
1 0.6232417582417582 0.19366620111731842 0.8071193092621664 0.19366620111731842 0.8071193092621664 0.3209427374301676 0.6232417582417582 0.3209427374301676
1 0.11303767660910517 0.8105237430167597 0.2546232339089482 0.8105237430167597 0.2546232339089482 0.9598673184357541 0.11303767660910517 0.9598673184357541
1 0.058084772370486655 0.16341480446927373 0.27764521193092623 0.16341480446927373 0.27764521193092623 0.2911382681564246 0.058084772370486655 0.2911382681564246
28 0.13991365777080064 0.40931564245810054 0.36435635792778653 0.40931564245810054 0.36435635792778653 0.44381284916201125 0.13991365777080064 0.44381284916201125
25 0.7906200941915228 0.7641340782122905 0.8305729984301413 0.7641340782122905 0.8305729984301413 0.8170111731843575 0.7906200941915228 0.8170111731843575
24 0.7833516483516483 0.8985614525139665 0.8270722135007847 0.8985614525139665 0.8270722135007847 0.9597625698324022 0.7833516483516483 0.9597625698324022
24 0.575596546310832 0.7150209497206703 0.6190659340659341 0.7150209497206703 0.6190659340659341 0.7540013966480447 0.575596546310832 0.7540013966480447
24 0.4753532182103611 0.2678002793296089 0.5191208791208791 0.2678002793296089 0.5191208791208791 0.30820530726256984 0.4753532182103611 0.30820530726256984
12 0.3819907770800628 0.7353515625 0.380893102433281 0.6953125 0.21953492935635793 0.6962890625 0.22063260400313972 0.736328125
12 0.678362931711146 0.4521484375 0.7025117739403454 0.4501953125 0.7014140992935636 0.4140625 0.5312745290423861 0.4150390625 0.5312745290423861 0.4501953125 0.5367629022762951 0.453125
12 0.8056931907378336 0.3994140625 0.8045955160910518 0.359375 0.636651295133438 0.3603515625 0.6399443190737834 0.400390625
12 0.23929307299843014 0.3994140625 0.2436837715855573 0.3974609375 0.24039074764521193 0.359375 0.07244652668759811 0.3623046875 0.0735442013343799 0.400390625
24 0.5598140698587127 0.8837890625 0.5642047684458399 0.8779296875 0.5620094191522763 0.8427734375 0.5301768543956044 0.841796875 0.5290791797488226 0.8818359375
24 0.6125024529042387 0.7568359375 0.6146978021978022 0.7158203125 0.5806698881475667 0.71484375 0.5773768642072213 0.7548828125
15 0.43248381083202514 0.1748046875 0.4368745094191523 0.1435546875 0.40723729395604397 0.140625 0.4039442700156986 0.1708984375
15 0.4873675431711146 0.9541015625 0.48956289246467816 0.9189453125 0.45773032770800626 0.916015625 0.45663265306122447 0.9541015625
8 0.34686518838304553 0.6005859375 0.3479628630298273 0.552734375 0.29088378139717425 0.552734375 0.2853954081632653 0.5576171875 0.28868843210361067 0.599609375
8 0.8122792386185244 0.5634765625 0.8474048273155416 0.5361328125 0.829842032967033 0.5205078125 0.8265490090266876 0.509765625 0.8045955160910518 0.501953125 0.777153649921507 0.5224609375 0.7903257456828885 0.5478515625 0.8067908653846154 0.564453125
8 0.8210606357927787 0.6650390625 0.8517955259026687 0.6357421875 0.8561862244897959 0.6240234375 0.8111815639717426 0.599609375 0.7837396978021978 0.6357421875 0.7815443485086342 0.6474609375
8 0.12952560832025117 0.0888671875 0.1394046801412873 0.087890625 0.14489305337519623 0.0791015625 0.14050235478806908 0.0400390625 0.12403723508634223 0.03515625 0.1174511872056515 0.041015625 0.08452094780219781 0.04296875 0.083423273155416 0.0810546875 0.10427909144427001 0.08984375
21 0.7880769230769231 0.6922625698324022 0.8447959183673471 0.6922625698324022 0.8447959183673471 0.887094972067039 0.7880769230769231 0.887094972067039
19 0.5792150706436421 0.817918994413408 0.633563579277865 0.817918994413408 0.633563579277865 0.8690642458100558 0.5792150706436421 0.8690642458100558
32 0.5777864992150705 0.9026606145251396 0.6318524332810047 0.9026606145251396 0.6318524332810047 0.950467877094972 0.5777864992150705 0.950467877094972