7 0.38160519125683057 0.36286177105831535 0.5500887978142077 0.36286177105831535 0.5500887978142077 0.7717818574514039 0.38160519125683057 0.7717818574514039
3 0.35701502732240437 0.08782937365010798 0.610198087431694 0.08782937365010798 0.610198087431694 0.361414686825054 0.35701502732240437 0.361414686825054
6 0.14935792349726779 0.0878401727861771 0.3570081967213115 0.0878401727861771 0.3570081967213115 0.31246220302375816 0.14935792349726779 0.31246220302375816
29 0.14845628415300544 0.31678185745140386 0.279603825136612 0.31678185745140386 0.279603825136612 0.4074946004319654 0.14845628415300544 0.4074946004319654
2 0.05009562841530055 0.41181425485961126 0.24408469945355193 0.41181425485961126 0.24408469945355193 0.7660259179265659 0.05009562841530055 0.7660259179265659
2 0.6739480874316941 0.40029157667386617 0.85974043715847 0.40029157667386617 0.85974043715847 0.7732289416846653 0.6739480874316941 0.7732289416846653
2 0.773224043715847 0.08927645788336935 0.9672131147540983 0.08927645788336935 0.9672131147540983 0.38877969762419007 0.773224043715847 0.38877969762419007
27 0.25137295081967215 0.547159827213823 0.3460860655737705 0.547159827213823 0.3460860655737705 0.7689092872570195 0.25137295081967215 0.7689092872570195
27 0.5619330601092896 0.5485961123110151 0.6593784153005465 0.5485961123110151 0.6593784153005465 0.7688984881209503 0.5619330601092896 0.7688984881209503
5 0.6129303278688525 0.08927645788336933 0.7231352459016394 0.08927645788336933 0.7231352459016394 0.27789416846652265 0.6129303278688525 0.27789416846652265
0 0.05190573770491803 0.7876241900647949 0.1429849726775956 0.7876241900647949 0.1429849726775956 0.9172138228941685 0.05190573770491803 0.9172138228941685
0 0.3579303278688524 0.7876241900647949 0.5482718579234973 0.7876241900647949 0.5482718579234973 0.9172138228941685 0.3579303278688524 0.9172138228941685
12 0.05191939890710383 0.3542224622030237 0.1357035519125683 0.3542224622030237 0.1357035519125683 0.4132505399568034 0.05191939890710383 0.4132505399568034
12 0.1557308743169399 0.7746544276457883 0.2386133879781421 0.7746544276457883 0.2386133879781421 0.8250431965442765 0.1557308743169399 0.8250431965442765
12 0.669405737704918 0.777548596112311 0.7723155737704916 0.777548596112311 0.7723155737704916 0.8279373650107992 0.669405737704918 0.8279373650107992
12 0.7331489071038252 0.0878401727861771 0.7732172131147541 0.0878401727861771 0.7732172131147541 0.2908639308855292 0.7331489071038252 0.2908639308855292
29 0.2468123861566484 0.5212383009359252 0.24681238615664836 0.4089272858171346 0.2896174863387978 0.4089272858171346 0.2887067395264116 0.30957523398128156 0.35792349726775957 0.312455003599712 0.3816029143897996 0.5356371490280778
29 0.8743101092896175 0.40316414686825053 0.9681215846994536 0.40316414686825053 0.9681215846994536 0.5385205183585313 0.8743101092896175 0.5385205183585313
4 0.4278688524590164 0.08033477321814253 0.5345628415300546 0.08033477321814253 0.5345628415300546 0.2809179265658747 0.4278688524590164 0.2809179265658747
16 0.298828125 0.6932286042116631 0.296875 0.6716134584233261 0.2802734375 0.633014983801296 0.2607421875 0.6175755939524838 0.2421875 0.6222074109071274 0.2451171875 0.6947725431965442
16 0.658203125 0.6222074109071274 0.658203125 0.5419225836933045 0.6142578125 0.5403786447084233 0.61328125 0.5728013633909287 0.623046875 0.5975043871490281 0.6435546875 0.6206634719222462
16 0.6737704667888704 0.3935205200063487 0.7301528880888256 0.38808708820706694 0.7192257406387961 0.4330251316195115 0.7050204156067501 0.46586440256778083 0.6897224758707239 0.4796915334224691 0.6733317546956795 0.48833345724032623
16 0.7325136361877775 0.2963282953843185 0.7334310656708422 0.381173588712369 0.7902521990639882 0.3829019471028819 0.7858814067779916 0.3535193929356385 0.7673051227249109 0.3120381981695123 0.7509144015498667 0.2982111332474702
16 0.18743166897466274 0.408639310503109 0.24717292077700703 0.4070993601659403 0.24389482656250963 0.5108024459802254 0.2296895015304636 0.5056173048760404 0.22204053166245052 0.4935185983445113 0.21548425986593653 0.4848766745266541 0.2056498104874061 0.4745063263856378 0.198000757251874 0.4572224787499236 0.19362996496587734 0.4451238381510407 0.18925908931236177 0.43302513161951156 0.18488821365884608 0.4105561428796124
1 0.048094262295081965 0.5144708423326134 0.17313524590163934 0.5144708423326134 0.17313524590163934 0.6680777537796976 0.048094262295081965 0.6680777537796976
1 0.8404439890710381 0.158110151187905 0.9653756830601092 0.158110151187905 0.9653756830601092 0.3120410367170626 0.8404439890710381 0.3120410367170626
8 0.41147540983606556 0.4194384449244061 0.4933060109289617 0.4194384449244061 0.4933060109289617 0.4814254859611231 0.41147540983606556 0.4814254859611231
8 0.5057377049180328 0.5555183585313175 0.5479508196721311 0.5555183585313175 0.5479508196721311 0.7354967602591793 0.5057377049180328 0.7354967602591793
1 0.7366120218579235 0.5274298056155508 0.8593715846994535 0.5274298056155508 0.8593715846994535 0.6749892008639309 0.7366120218579235 0.6749892008639309
28 0.3582035519125683 0.5468574514038878 0.3796653005464481 0.5468574514038878 0.3796653005464481 0.7095572354211663 0.3582035519125683 0.7095572354211663
25 0.1508743169398907 0.17390928725701943 0.18724043715846994 0.17390928725701943 0.18724043715846994 0.23088552915766736 0.1508743169398907 0.23088552915766736
24 0.1505122950819672 0.31684665226781855 0.18405054644808744 0.31684665226781855 0.18405054644808744 0.39796976241900645 0.1505122950819672 0.39796976241900645
24 0.5549248633879781 0.44535637149028073 0.5916598360655737 0.44535637149028073 0.5916598360655737 0.5107991360691144 0.5549248633879781 0.5107991360691144
24 0.31994535519125683 0.624611231101512 0.34797814207650274 0.624611231101512 0.34797814207650274 0.6870950323974082 0.31994535519125683 0.6870950323974082
15 0.5740505464480874 0.5706263498920087 0.5938456284153005 0.5706263498920087 0.5938456284153005 0.6196976241900648 0.5740505464480874 0.6196976241900648
15 0.262568306010929 0.5555075593952483 0.2889617486338798 0.5555075593952483 0.2889617486338798 0.6127861771058315 0.262568306010929 0.6127861771058315
21 0.14935792349726776 0.0835097192224622 0.18487704918032785 0.0835097192224622 0.18487704918032785 0.31389848812095034 0.14935792349726776 0.31389848812095034
21 0.14936475409836064 0.08639308855291576 0.35336748633879783 0.08639308855291576 0.35336748633879783 0.14254859611231102 0.14936475409836064 0.14254859611231102
21 0.31693989071038253 0.14254859611231102 0.319672131147541 0.22894168466522677 0.326047358834244 0.2447804175665947 0.3351548269581056 0.25197984161267095 0.3442622950819672 0.24622030237580994 0.35336976320582875 0.23758099352051837 0.3561020036429872 0.22318214542836576 0.35792349726775957 0.14110871130309577
16 0.6147540983606558 0.07055075593952484 0.6885245901639344 0.07055075593952484 0.6885245901639344 0.1843088552915767 0.6147540983606558 0.1843088552915767
12 0.6985382513661202 0.0878401727861771 0.725860655737705 0.0878401727861771 0.725860655737705 0.2779049676025918 0.6985382513661202 0.2779049676025918