1 0.21490214239690722 0.720703125 0.21156169458762886 0.8955078125 0.38192453286082473 0.8984375 0.3830380154639175 0.7216796875
10 0.632458118556701 0.2587890625 0.632458118556701 0.3603515625 0.5522873711340206 0.3662109375 0.5522873711340206 0.7490234375 0.5578547841494845 0.759765625 0.632458118556701 0.7646484375 0.632458118556701 0.8994140625 0.6380255315721649 0.904296875 0.7627355831185567 0.90234375 0.7683029961340206 0.8974609375 0.7683029961340206 0.2607421875
12 0.5467199581185567 0.783203125 0.5433795103092783 0.8974609375 0.6023940882731958 0.8984375 0.6035075708762887 0.7900390625 0.5868053318298969 0.78515625 0.5734435405927835 0.79296875 0.5689896101804124 0.78515625
2 0.10466736469072165 0.5654296875 0.10689432989690721 0.9013671875 0.0946460212628866 0.90625 0.5411525451030927 0.8974609375 0.5411525451030927 0.5654296875 0.5266772712628865 0.55078125 0.37524363724226806 0.54296875 0.3529739851804124 0.546875 0.35408746778350514 0.5537109375 0.3440661243556701 0.55859375 0.3329312983247423 0.552734375 0.3217964722938144 0.55859375 0.3173425418814433 0.546875 0.3062077158505155 0.55859375 0.30175378543814435 0.546875 0.2928459246134021 0.556640625 0.28616502899484536 0.546875 0.2616684117268041 0.544921875 0.2505335856958763 0.546875 0.2494201030927835 0.5595703125 0.241625724871134 0.5625
11 0.2761436855670103 0.1669921875 0.2761436855670103 0.4931640625 0.26946278994845363 0.5009765625 0.2761436855670103 0.5380859375 0.36856274162371133 0.54296875 0.5378120972938144 0.5390625 0.5389255798969073 0.2529296875 0.5021806539948453 0.248046875 0.3774706024484536 0.25390625 0.36967622422680413 0.2333984375 0.3830380154639175 0.2255859375 0.3841514980670103 0.169921875 0.3440661243556701 0.162109375
8 0.34330927835051545 0.36438517179023505 0.4208969072164948 0.36438517179023505 0.4208969072164948 0.4305877034358047 0.34330927835051545 0.4305877034358047
8 0.42060824742268044 0.36890596745027127 0.4827319587628866 0.36890596745027127 0.4827319587628866 0.4269710669077758 0.42060824742268044 0.4269710669077758
16 0.35875257731958765 0.5384267631103075 0.4724226804123711 0.5384267631103075 0.4724226804123711 0.6404159132007233 0.35875257731958765 0.6404159132007233
27 0.38223244076579477 0.09594444790397014 0.48531105020112836 0.08870899236723255 0.48531105020112825 0.16829907227409377 0.5141730923001168 0.09232673738628808 0.7285766313827056 0.09232673738628808 0.7409460330578503 0.22437391306121407 0.3884172202461054 0.2207561680421586 0.38429398149740657 0.09413560989581575 0.38429398149740657 0.10137106543255346 0.39666338317255134 0.1067976484597633 0.38429398149740657 0.1067976484597633 0.38429398149740657 0.10498877595023558 0.38429398149740657 0.10137106543255346 0.39666338317255134 0.09775332041349787 0.3739861205538733 0.10498877595023558 0.38017090003418336 0.1104153934788189 0.39254030170932813 0.11222426598834669 0.39254030170932813 0.10860658997203808 0.3904787609777166 0.1104153934788189
15 0.5340103092783505 0.1021609403254973 0.5945670103092784 0.1021609403254973 0.5945670103092784 0.16648282097649186 0.5340103092783505 0.16648282097649186
12 0.5360824742268041 0.25733273056057865 0.6042886597938145 0.25733273056057865 0.6042886597938145 0.34078661844484626 0.5360824742268041 0.34078661844484626
12 0.26805154639175255 0.10711573236889692 0.36955670103092786 0.10711573236889692 0.36955670103092786 0.15997287522603976 0.26805154639175255 0.15997287522603976
16 0.380659793814433 0.16831826401446656 0.4599587628865979 0.16831826401446656 0.4599587628865979 0.23508137432188064 0.380659793814433 0.23508137432188064
24 0.4028556701030928 0.10849909584086799 0.44568041237113404 0.10849909584086799 0.44568041237113404 0.1363110307414105 0.4028556701030928 0.1363110307414105