0 0.20172413793103447 0.032357473035439135 0.3586206896551724 0.032357473035439135 0.3586206896551724 0.14021571648690292 0.20172413793103447 0.14021571648690292
0 0.6379310344827587 0.1016949152542373 0.8172413793103448 0.1016949152542373 0.8172413793103448 0.20030816640986132 0.6379310344827587 0.20030816640986132
0 0.0603448275862069 0.8320493066255779 0.17586206896551723 0.8320493066255779 0.17586206896551723 0.9491525423728814 0.0603448275862069 0.9491525423728814
27 0.43275862068965515 0.8351309707241911 0.6206896551724138 0.8351309707241911 0.6206896551724138 0.9399075500770416 0.43275862068965515 0.9399075500770416
27 0.1706896551724138 0.600924499229584 0.3413793103448276 0.600924499229584 0.3413793103448276 0.7087827426810478 0.1706896551724138 0.7087827426810478
27 0.5568965517241379 0.7164869029275809 0.6879310344827586 0.7164869029275809 0.6879310344827586 0.8181818181818182 0.5568965517241379 0.8181818181818182
2 0.1896551724137931 0.7195685670261941 0.4224137931034483 0.7195685670261941 0.4224137931034483 0.938366718027735 0.1896551724137931 0.938366718027735
2 0.1879310344827586 0.14637904468412943 0.42758620689655175 0.14637904468412943 0.42758620689655175 0.35285053929121724 0.1879310344827586 0.35285053929121724
2 0.1879310344827586 0.3682588597842835 0.4189655172413793 0.3682588597842835 0.4189655172413793 0.5947611710323575 0.1879310344827586 0.5947611710323575
12 0.13275862068965516 0.47919876733436056 0.18448275862068966 0.47919876733436056 0.18448275862068966 0.5901386748844376 0.13275862068965516 0.5901386748844376
12 0.13275862068965516 0.14637904468412943 0.18620689655172415 0.14637904468412943 0.18620689655172415 0.3605546995377504 0.13275862068965516 0.3605546995377504
12 0.1413793103448276 0.7211093990755008 0.18620689655172415 0.7211093990755008 0.18620689655172415 0.8258859784283513 0.1413793103448276 0.8258859784283513
12 0.42586206896551726 0.7272727272727273 0.47758620689655173 0.7272727272727273 0.47758620689655173 0.8151001540832049 0.42586206896551726 0.8151001540832049
7 0.5327586206896552 0.22033898305084745 0.8810344827586207 0.22033898305084745 0.8810344827586207 0.4622496147919877 0.5327586206896552 0.4622496147919877
17 0.42931034482758623 0.21571648690292758 0.5137931034482759 0.21571648690292758 0.5137931034482759 0.362095531587057 0.42931034482758623 0.362095531587057
3 0.44482758620689655 0.42989214175654855 0.6879310344827586 0.42989214175654855 0.6879310344827586 0.6271186440677966 0.44482758620689655 0.6271186440677966
6 0.696551724137931 0.4761171032357473 0.8637931034482759 0.4761171032357473 0.8637931034482759 0.711864406779661 0.696551724137931 0.711864406779661
29 0.7034482758620689 0.7134052388289677 0.8689655172413793 0.7134052388289677 0.8689655172413793 0.8243451463790447 0.7034482758620689 0.8243451463790447
4 0.4241465517241379 0.48470724191063175 0.5898879310344828 0.48470724191063175 0.5898879310344828 0.5980970724191064 0.4241465517241379 0.5980970724191064
16 0.4413792652449584 0.35042923346453775 0.46182871825695215 0.3180165011669646 0.48941037567516643 0.3039246432340887 0.5130517104290983 0.30040166195205 0.5169918827854405 0.36381505624763083
16 0.34559183004958116 0.5945694902801784 0.42636656581811294 0.5910465089981399 0.4243964796399422 0.5329175530279776 0.38499415484476174 0.5417249726354347 0.3554424112483762 0.5593398118503493 0.3534723250702056 0.5769546510652638
16 0.3527093145060421 0.7158265480143947 0.42833665199628407 0.719634956218518 0.42439647963994237 0.7830482833188196 0.3869642410229329 0.7707178824293236 0.37317348746779605 0.7636720542558042 0.3554424112483764 0.7407726423249132
16 0.5552296478284878 0.7205577644690642 0.6182733073776003 0.7205577644690642 0.6123628985351471 0.7540259186602343 0.5877742946708463 0.7690152682448522 0.554858934169279 0.7746182938786945
16 0.42906399430899783 0.8280871687495917 0.49335054803150813 0.8341313439201832 0.47955979447637087 0.8605536027425551 0.45985863207878075 0.874645393480152 0.43818723319507896 0.8852142701309891
1 0.23449137931034483 0.22055469953775036 0.36578448275862074 0.22055469953775036 0.36578448275862074 0.3567642526964561 0.23449137931034483 0.3567642526964561
1 0.23449137931034483 0.3636440677966102 0.36578448275862074 0.3636440677966102 0.36578448275862074 0.5047380585516179 0.23449137931034483 0.5047380585516179
8 0.5275948275862069 0.25577812018489987 0.6002327586206896 0.25577812018489987 0.6002327586206896 0.38671802773497693 0.5275948275862069 0.38671802773497693
8 0.6063965517241379 0.22276579352850542 0.7322241379310345 0.22276579352850542 0.7322241379310345 0.2581278890600925 0.6063965517241379 0.2581278890600925
28 0.8354655172413794 0.21616332819722653 0.8918103448275863 0.21616332819722653 0.8918103448275863 0.3585362095531587 0.8354655172413794 0.3585362095531587
12 0.4192068965517241 0.20955315870570107 0.5214137931034482 0.20955315870570107 0.5214137931034482 0.25636363636363635 0.4192068965517241 0.25636363636363635
15 0.5777672413793103 0.7807318952234207 0.605198275862069 0.7807318952234207 0.605198275862069 0.8185285053929122 0.5777672413793103 0.8185285053929122
15 0.5052155172413793 0.896402157164869 0.534646551724138 0.896402157164869 0.534646551724138 0.9334591679506933 0.5052155172413793 0.9334591679506933
15 0.2435086206896552 0.6587057010785824 0.28435344827586206 0.6587057010785824 0.28435344827586206 0.7005238828967643 0.2435086206896552 0.7005238828967643
24 0.29328448275862073 0.6764946070878275 0.34237068965517237 0.6764946070878275 0.34237068965517237 0.709668721109399 0.29328448275862073 0.709668721109399
24 0.4938362068965517 0.7947072419106317 0.5426120689655172 0.7947072419106317 0.5426120689655172 0.8246147919876734 0.4938362068965517 0.8246147919876734
24 0.43409482758620693 0.9116563944530046 0.4800431034482759 0.9116563944530046 0.4800431034482759 0.9415947611710324 0.43409482758620693 0.9415947611710324
25 0.8295172413793104 0.5976810477657934 0.8805172413793104 0.5976810477657934 0.8805172413793104 0.6425346687211094 0.8295172413793104 0.6425346687211094
24 0.8295172413793104 0.7197072419106317 0.8771034482758621 0.7197072419106317 0.8771034482758621 0.7991833590138674 0.8295172413793104 0.7991833590138674
21 0.6926120689655172 0.4719414483821263 0.7317327586206898 0.4719414483821263 0.7317327586206898 0.5889830508474576 0.6926120689655172 0.5889830508474576
21 0.6950689655172414 0.4697380585516179 0.8794827586206897 0.4697380585516179 0.8794827586206897 0.5133127889060092 0.6950689655172414 0.5133127889060092
21 0.8280689655172414 0.47192604006163325 0.875551724137931 0.47192604006163325 0.875551724137931 0.8283204930662559 0.8280689655172414 0.8283204930662559
16 0.2821293103448276 0.6023189522342065 0.33856034482758623 0.6023189522342065 0.33856034482758623 0.6555546995377504 0.2821293103448276 0.6555546995377504
16 0.8009310344827586 0.37259630200308164 0.8902758620689656 0.37259630200308164 0.8902758620689656 0.4538443759630201 0.8009310344827586 0.4538443759630201
19 0.6870172413793103 0.6674730354391372 0.7397413793103449 0.6674730354391372 0.7397413793103449 0.7058705701078581 0.6870172413793103 0.7058705701078581
32 0.702551724137931 0.7758551617873652 0.749448275862069 0.7758551617873652 0.749448275862069 0.8249152542372882 0.702551724137931 0.8249152542372882
32 0.6999051724137931 0.7171648690292758 0.7460948275862068 0.7171648690292758 0.7460948275862068 0.7626502311248073 0.6999051724137931 0.7626502311248073