0 0.13911194029850749 0.05218426501035196 0.3813656716417911 0.05218426501035196 0.3813656716417911 0.16905797101449277 0.13911194029850749 0.16905797101449277
0 0.38984328358208953 0.21366459627329193 0.603410447761194 0.21366459627329193 0.603410447761194 0.3430227743271222 0.38984328358208953 0.3430227743271222
29 0.613723880597015 0.22401656314699797 0.770544776119403 0.22401656314699797 0.770544776119403 0.33805383022774327 0.613723880597015 0.33805383022774327
6 0.6107537313432836 0.34616977225672874 0.7526492537313433 0.34616977225672874 0.7526492537313433 0.6130848861283644 0.6107537313432836 0.6130848861283644
3 0.37790298507462683 0.35031055900621116 0.6010223880597015 0.35031055900621116 0.6010223880597015 0.63296066252588 0.37790298507462683 0.63296066252588
7 0.38238059701492544 0.6422360248447204 0.6117686567164179 0.6422360248447204 0.6117686567164179 0.9444306418219462 0.38238059701492544 0.9444306418219462
2 0.6107462686567164 0.6194616977225673 0.8672537313432835 0.6194616977225673 0.8672537313432835 0.9427743271221531 0.6107462686567164 0.9427743271221531
2 0.024171641791044765 0.6401656314699793 0.26436567164179103 0.6401656314699793 0.26436567164179103 0.9444306418219462 0.024171641791044765 0.9444306418219462
31 0.26299253731343286 0.6360248447204969 0.3813656716417911 0.6360248447204969 0.3813656716417911 0.792008281573499 0.26299253731343286 0.792008281573499
27 0.1480597014925373 0.4890269151138716 0.3121194029850746 0.4890269151138716 0.3121194029850746 0.6329606625258799 0.1480597014925373 0.6329606625258799
27 0.8689477611940299 0.7188405797101449 0.9794701492537313 0.7188405797101449 0.9794701492537313 0.9444306418219462 0.8689477611940299 0.9444306418219462
1 0.02567164179104478 0.6836542443064182 0.15214925373134328 0.6836542443064182 0.15214925373134328 0.8516666666666666 0.02567164179104478 0.8516666666666666
1 0.24060447761194032 0.21780538302277433 0.37539552238805973 0.21780538302277433 0.37539552238805973 0.3860869565217392 0.24060447761194032 0.3860869565217392
1 0.6883582089552238 0.7540372670807454 0.8266567164179105 0.7540372670807454 0.8266567164179105 0.9411180124223603 0.6883582089552238 0.9411180124223603
4 0.4346343283582089 0.3834265010351967 0.5771567164179104 0.3834265010351967 0.5771567164179104 0.5567391304347826 0.4346343283582089 0.5567391304347826
8 0.4755859375 0.6800352613871635 0.4755859375 0.7315120341614907 0.556640625 0.7274480784161491 0.5556640625 0.6719073498964804 0.4853515625 0.6691980460662525
8 0.5599925373134328 0.7353933747412008 0.6022164179104477 0.7353933747412008 0.6022164179104477 0.8301138716356108 0.5599925373134328 0.8301138716356108
16 0.3137313159544077 0.5407867510619865 0.36584296450968895 0.5385210249860829 0.36584296450968895 0.4739051742893226 0.3336095468824816 0.4821892544708296 0.32764038872321166 0.5037278503022443 0.3216712305639418 0.5136687844415623 0.3180896992355298 0.52692330009147
16 0.31522385326784047 0.6318840595505992 0.3753936539973708 0.6279890530248479 0.37181212266895874 0.704202628616221 0.3467416766164503 0.7008889839031149 0.3359971737133394 0.692604903721608 0.3300280155540696 0.6810073052320272 0.32525267081022863 0.6710663078901933 0.3216712305639418 0.6627822277086864 0.3180896992355298 0.6478709845059997
16 0.27194027117828823 0.6215320926768932 0.2786933100336237 0.6014800217250321 0.29182543976759245 0.5882255060751244 0.2989884113422912 0.5815983430539444 0.30973291424540206 0.5766277811805114 0.3121205410762599 0.6412435686747556
16 0.8674626592379897 0.8099378897783426 0.9078426346699449 0.8085820262627047 0.9054548256748366 0.8450319284993223 0.8982919451822631 0.8500024271702392 0.8684461543859135 0.87485466771476
16 0.37641788311858676 0.8347826102752369 0.3741998405819419 0.9262159395590963 0.44105439374933963 0.9179318593775895 0.4350852355900697 0.8947364095883635 0.4279222640153709 0.876511458470055 0.41837157452768897 0.858286507351746 0.40404563137829125 0.8483456364149443 0.39688256872146727 0.8450319284993223
28 0.23462686567164182 0.7188509316770186 0.2634626865671642 0.7188509316770186 0.2634626865671642 0.8466977225672877 0.23462686567164182 0.8466977225672877
28 0.6734328358208955 0.6153209109730848 0.7648955223880597 0.6153209109730848 0.7648955223880597 0.6528364389233954 0.6734328358208955 0.6528364389233954
28 0.1450820895522388 0.2571428571428572 0.17035074626865673 0.2571428571428572 0.17035074626865673 0.3860869565217392 0.1450820895522388 0.3860869565217392
28 0.4465746268656716 0.9031055900621118 0.5965597014925373 0.9031055900621118 0.5965597014925373 0.9427743271221531 0.4465746268656716 0.9427743271221531
12 0.14955223880597018 0.42070393374741205 0.3171940298507463 0.42070393374741205 0.3171940298507463 0.47391304347826085 0.14955223880597018 0.47391304347826085
12 0.027164179104477618 0.8824016563146998 0.2586865671641791 0.8824016563146998 0.2586865671641791 0.9427743271221531 0.027164179104477618 0.9427743271221531
12 0.6107388059701493 0.7084782608695652 0.6490820895522389 0.7084782608695652 0.6490820895522389 0.9576915113871636 0.6107388059701493 0.9576915113871636
24 0.26761194029850743 0.4963250517598344 0.30507462686567166 0.4963250517598344 0.30507462686567166 0.5360144927536231 0.26761194029850743 0.5360144927536231
24 0.8789701492537313 0.8948861283643893 0.9132089552238807 0.8948861283643893 0.9132089552238807 0.9387370600414078 0.8789701492537313 0.9387370600414078
24 0.7111865671641792 0.3624844720496894 0.7429328358208955 0.3624844720496894 0.7429328358208955 0.4568944099378882 0.7111865671641792 0.4568944099378882
25 0.6388358208955224 0.5574016563146998 0.6833731343283582 0.5574016563146998 0.6833731343283582 0.6105486542443064 0.6388358208955224 0.6105486542443064
15 0.22461194029850748 0.5050517598343685 0.24971641791044777 0.5050517598343685 0.24971641791044777 0.559254658385093 0.22461194029850748 0.559254658385093
15 0.9282462686567163 0.8294306418219461 0.9610074626865671 0.8294306418219461 0.9610074626865671 0.8630745341614907 0.9282462686567163 0.8630745341614907
21 0.6073059701492537 0.5599378881987578 0.7523656716417911 0.5599378881987578 0.7523656716417911 0.6090890269151139 0.6073059701492537 0.6090890269151139
21 0.7068059701492537 0.35518633540372674 0.7483880597014926 0.35518633540372674 0.7483880597014926 0.6072567287784679 0.7068059701492537 0.6072567287784679
19 0.6124776119402985 0.3616356107660455 0.6565074626865672 0.3616356107660455 0.6565074626865672 0.4401449275362319 0.6124776119402985 0.4401449275362319
32 0.6175820895522388 0.285175983436853 0.6531044776119402 0.285175983436853 0.6531044776119402 0.3368115942028986 0.6175820895522388 0.3368115942028986