2 0.6310679611650486 0.0755287009063444 0.9431345353675451 0.0755287009063444 0.9431345353675451 0.30060422960725075 0.6310679611650486 0.30060422960725075
2 0.047156726768377254 0.5075528700906344 0.260748959778086 0.5075528700906344 0.260748959778086 0.8217522658610272 0.047156726768377254 0.8217522658610272
2 0.6227461858529819 0.5604229607250756 0.841886269070735 0.5604229607250756 0.841886269070735 0.8202416918429003 0.6227461858529819 0.8202416918429003
27 0.038834951456310676 0.3821752265861027 0.21359223300970873 0.3821752265861027 0.21359223300970873 0.4954682779456193 0.038834951456310676 0.4954682779456193
27 0.7045769764216366 0.31419939577039274 0.8474341192787794 0.31419939577039274 0.8474341192787794 0.4350453172205438 0.7045769764216366 0.4350453172205438
27 0.6768377253814147 0.4380664652567976 0.8488210818307905 0.4380664652567976 0.8488210818307905 0.552870090634441 0.6768377253814147 0.552870090634441
0 0.27600554785020803 0.7386706948640483 0.507628294036061 0.7386706948640483 0.507628294036061 0.8867069486404834 0.27600554785020803 0.8867069486404834
0 0.038834951456310676 0.8277945619335347 0.17059639389736478 0.8277945619335347 0.17059639389736478 0.9365558912386707 0.038834951456310676 0.9365558912386707
0 0.7156726768377254 0.8262839879154078 0.8529819694868238 0.8262839879154078 0.8529819694868238 0.93202416918429 0.7156726768377254 0.93202416918429
0 0.507628294036061 0.8202416918429003 0.6213592233009708 0.8202416918429003 0.6213592233009708 0.8912386706948641 0.507628294036061 0.8912386706948641
29 0.15117891816920942 0.23413897280966767 0.27184466019417475 0.23413897280966767 0.27184466019417475 0.3806646525679758 0.15117891816920942 0.3806646525679758
6 0.15811373092926492 0.07250755287009064 0.5062413314840499 0.07250755287009064 0.5062413314840499 0.23413897280966767 0.15811373092926492 0.23413897280966767
7 0.2635228848821082 0.4214501510574018 0.5104022191400832 0.4214501510574018 0.5104022191400832 0.729607250755287 0.2635228848821082 0.729607250755287
3 0.2815533980582524 0.24018126888217523 0.5145631067961165 0.24018126888217523 0.5145631067961165 0.41842900302114805 0.2815533980582524 0.41842900302114805
5 0.5104022191400832 0.1540785498489426 0.6199722607489597 0.1540785498489426 0.6199722607489597 0.48338368580060426 0.5104022191400832 0.48338368580060426
26 0.5131761442441054 0.48338368580060426 0.6185852981969486 0.48338368580060426 0.6185852981969486 0.8172205438066465 0.5131761442441054 0.8172205438066465
4 0.33326629680998615 0.26802114803625376 0.49910540915395285 0.26802114803625376 0.49910540915395285 0.3843051359516616 0.33326629680998615 0.3843051359516616
8 0.35600554785020805 0.5058006042296073 0.4642441054091539 0.5058006042296073 0.4642441054091539 0.553595166163142 0.35600554785020805 0.553595166163142
8 0.4593203883495146 0.5648262839879155 0.5021775312066574 0.5648262839879155 0.5021775312066574 0.7189199395770393 0.4593203883495146 0.7189199395770393
8 0.4169764216366158 0.673655589123867 0.49811373092926486 0.673655589123867 0.49811373092926486 0.7203927492447131 0.4169764216366158 0.7203927492447131
8 0.39497226074895975 0.601714501510574 0.4317406380027739 0.601714501510574 0.4317406380027739 0.6451132930513596 0.39497226074895975 0.6451132930513596
28 0.2696393897364771 0.5795770392749244 0.31793342579750344 0.5795770392749244 0.31793342579750344 0.7322054380664652 0.2696393897364771 0.7322054380664652
1 0.7100000000000001 0.61095166163142 0.8422330097087378 0.61095166163142 0.8422330097087378 0.7307401812688822 0.7100000000000001 0.7307401812688822
1 0.8014493758668516 0.12211480362537765 0.9370527045769764 0.12211480362537765 0.9370527045769764 0.23622356495468277 0.8014493758668516 0.23622356495468277
1 0.04267683772538141 0.5906570996978852 0.18245492371705965 0.5906570996978852 0.18245492371705965 0.7130287009063444 0.04267683772538141 0.7130287009063444
12 0.22390429958391123 0.5795921450151057 0.26103328710124823 0.5795921450151057 0.26103328710124823 0.8163595166163143 0.22390429958391123 0.8163595166163143
12 0.6320804438280166 0.06493202416918428 0.6728848821081831 0.06493202416918428 0.6728848821081831 0.21999244712990934 0.6320804438280166 0.21999244712990934
12 0.623619972260749 0.7658912386706949 0.7392649098474341 0.7658912386706949 0.7392649098474341 0.8266767371601208 0.623619972260749 0.8266767371601208
15 0.1267810459378003 0.3942838803134309 0.12626674994495365 0.4224515085422356 0.13055822401866216 0.4264081245296198 0.1351798066392583 0.4296453657710749 0.1394712933058007 0.42856628993098783 0.1450832141598936 0.4260484371566553 0.14970480937332356 0.4220918211692711 0.1497048093733236 0.3943954612334038
15 0.7544678364032616 0.4508695845124238 0.7546458427311948 0.47291211077448686 0.7588861438500109 0.4803755692926647 0.7650835223376788 0.4832188019148565 0.7706285085220329 0.4842850005906406 0.775521152173618 0.4832188019148565 0.7784567184563509 0.48002016521489066 0.7817184808907408 0.47717694615023665 0.783349362107936 0.4736229189300348 0.7820446770423979 0.44945552976540043
15 0.7342700282610521 0.409877374295643 0.7344509549320174 0.3873012750696383 0.7353866089814695 0.38288351196480375 0.7388173246330133 0.38084454786809674 0.7428717937877446 0.37846575534165733 0.7484856229057734 0.37812592691192476 0.7522282391035817 0.3801648910086317 0.7569064617615003 0.3828835119648037 0.7594014757742502 0.3873012750696383 0.7597133763205147 0.41380777591838763 0.733515348471907 0.41482726120758523
25 0.3146393897364771 0.06898036253776435 0.3535436893203884 0.06898036253776435 0.3535436893203884 0.11546072507552871 0.3146393897364771 0.11546072507552871
24 0.15799583911234397 0.2543126888217523 0.19579056865464636 0.2543126888217523 0.19579056865464636 0.31091389728096674 0.15799583911234397 0.31091389728096674
24 0.16814147018030512 0.38564199395770393 0.1976005547850208 0.38564199395770393 0.1976005547850208 0.41197129909365554 0.16814147018030512 0.41197129909365554
24 0.802621359223301 0.43473564954682775 0.8322191400832177 0.43473564954682775 0.8322191400832177 0.4709441087613293 0.802621359223301 0.4709441087613293
16 0.5446522151986113 0.15667907429230873 0.5482579951358394 0.18025219964868475 0.5581738383823165 0.19694984025716433 0.5725968893566956 0.21364748086564386 0.5924286446241821 0.2273984503614368 0.6140631866984849 0.23427395384357297 0.6149646832636909 0.15471467684182377
16 0.6177977557428965 0.22854106730399737 0.6347963697566454 0.2323095189246084 0.6474165651496765 0.23722058748778008 0.6600367605427075 0.24802496080784545 0.6681496794333052 0.2558826630152242 0.6789670192449886 0.2706158687047392 0.6816713026170103 0.2902601429574259 0.6843756547635641 0.3010644788090116 0.6185703944263863 0.3020467150027338
16 0.6234325401206974 0.6262172515311312 0.6393035774845471 0.6241385031606477 0.6483179929403504 0.619227434597476 0.657332408396154 0.6133341298405822 0.6690511759985112 0.601547595263754 0.6771640948891086 0.588778787024724 0.6798684470356624 0.5730633826099665 0.6816713026170103 0.5652056804025878 0.6212747465729404 0.5652056804025878
16 0.21434719429234864 0.5096146666497184 0.21742890664313538 0.5288637655414214 0.22554189430826485 0.5445791699561789 0.23816208970129601 0.557347978195209 0.25258514067567506 0.5681523140467948 0.2615995561314784 0.5740455813352089 0.2625009839221523 0.5013617890813562
21 0.14899445214979198 0.06559667673716012 0.20115811373092926 0.06559667673716012 0.20115811373092926 0.3690861027190332 0.14899445214979198 0.3690861027190332
21 0.14900138696255202 0.06560422960725075 0.5070319001386963 0.06560422960725075 0.5070319001386963 0.1154833836858006 0.14900138696255202 0.1154833836858006