2 0.6109036144578313 0.13565624999999998 0.8694578313253013 0.13565624999999998 0.8694578313253013 0.33914375 0.6109036144578313 0.33914375
2 0.10048192771084337 0.6882874999999999 0.3416265060240964 0.6882874999999999 0.3416265060240964 0.9762875000000001 0.10048192771084337 0.9762875000000001
2 0.6015210843373493 0.67606875 0.8842018072289157 0.67606875 0.8842018072289157 0.8706562500000001 0.6015210843373493 0.8706562500000001
27 0.34831325301204813 0.6905125000000001 0.4742469879518072 0.6905125000000001 0.4742469879518072 0.8762125000000001 0.34831325301204813 0.8762125000000001
27 0.47692771084337343 0.69163125 0.5975 0.69163125 0.5975 0.8739937499999999 0.47692771084337343 0.8739937499999999
27 0.4112951807228916 0.1334375 0.6082228915662651 0.1334375 0.6082228915662651 0.2335125 0.4112951807228916 0.2335125
30 0.41530120481927707 0.24574375 0.6082228915662651 0.24574375 0.6082228915662651 0.34025625 0.41530120481927707 0.34025625
14 0.3483132530120482 0.8851062500000001 0.42066265060240965 0.8851062500000001 0.42066265060240965 0.97739375 0.3483132530120482 0.97739375
0 0.7957756024096385 0.33915 0.9511822289156627 0.33915 0.9511822289156627 0.5582 0.7957756024096385 0.5582
0 0.8828614457831325 0.55819375 0.9498493975903615 0.55819375 0.9498493975903615 0.6638312500000001 0.8828614457831325 0.6638312500000001
5 0.18354668674698796 0.56820625 0.597507530120482 0.56820625 0.597507530120482 0.6816187499999999 0.18354668674698796 0.6816187499999999
26 0.5988403614457831 0.56375 0.8842018072289157 0.56375 0.8842018072289157 0.668275 0.5988403614457831 0.668275
3 0.09779367469879516 0.33915000000000006 0.38850150602409633 0.33915000000000006 0.38850150602409633 0.56265 0.09779367469879516 0.56265
7 0.38984939759036147 0.34248125 0.7877409638554216 0.34248125 0.7877409638554216 0.5604187500000001 0.38984939759036147 0.5604187500000001
6 0.10583584337349398 0.13676875 0.27865210843373495 0.13676875 0.27865210843373495 0.33803124999999995 0.10583584337349398 0.33803124999999995
29 0.2826731927710843 0.13565624999999998 0.40458584337349396 0.13565624999999998 0.40458584337349396 0.28131875 0.2826731927710843 0.28131875
18 0.38583584337349397 0.09785 0.45684487951807223 0.09785 0.45684487951807223 0.12565 0.38583584337349397 0.12565
0 0.6537650602409639 0.011124999999999998 0.8078313253012048 0.011124999999999998 0.8078313253012048 0.12565 0.6537650602409639 0.12565
4 0.1260015060240964 0.41916250000000005 0.3245707831325301 0.41916250000000005 0.3245707831325301 0.5393875 0.1260015060240964 0.5393875
16 0.46116560643025 0.2809566729935425 0.4620584932418699 0.33924390873438165 0.5353966949565593 0.338420958736265 0.5344056535033098 0.3236076076219234 0.5205308463229714 0.3129091006787556 0.5126024390853612 0.3030335437337046 0.5017007562647705 0.2948039181784171 0.48782602469604824 0.2865742926231296 0.4739512175157098 0.2808135798492524
16 0.1848627174103608 0.5935878163007103 0.1845626520815663 0.6626059316510026 0.2717756609765939 0.660960000261239 0.26880246100522986 0.6453237305423108 0.26285613667411806 0.6346252235991432 0.2519545294651437 0.6239266852624453 0.24006188080291996 0.6148741097090411 0.22618707362258156 0.6091133655416339 0.21429434934874167 0.6025296713761099 0.205374900657882 0.6000607899882296
16 0.27573990240120716 0.6749503699839339 0.34214066271991916 0.6716585385979369 0.34114962126666987 0.7235051733175422 0.3272748140863314 0.7218593047148388 0.3143911239708585 0.7128066663743744 0.3044805582151334 0.7095148663819075 0.2876325510634309 0.6988162966516797 0.27871302676095505 0.6881177897085119
16 0.5367462173280674 0.6923134405029739 0.5968422480090245 0.6930244249205364 0.5988243309155233 0.7465169910299052 0.5750389579794598 0.7415792282541447 0.5601731093458721 0.7325266213072104 0.5492715021368976 0.7234740457538062 0.5423341363525365 0.7144214388068718 0.5334146120500608 0.7086607260329947
16 0.6061316961850798 0.6666036425336344 0.6870283812638002 0.6675125982565572 0.6810820569326883 0.684794799365249 0.6771178155080748 0.6954933063084167 0.6582877254498739 0.7094836760311115 0.6404486768449222 0.7168903515882822 0.6325202696073118 0.7210051643659261 0.6136901795491108 0.7218281143640426 0.6136901795491108 0.7218281143640428
12 0.4171686746987952 0.25041250000000004 0.4696385542168675 0.25041250000000004 0.4696385542168675 0.33598750000000005 0.4171686746987952 0.33598750000000005
12 0.4146611445783132 0.24 0.6081701807228915 0.24 0.6081701807228915 0.280975 0.4146611445783132 0.280975
12 0.10844126506024097 0.6816687499999999 0.2708659638554217 0.6816687499999999 0.2708659638554217 0.71778125 0.10844126506024097 0.71778125
12 0.8237951807228916 0.6754124999999999 0.8792168674698795 0.6754124999999999 0.8792168674698795 0.7727875000000001 0.8237951807228916 0.7727875000000001
1 0.6706777108433735 0.7420812500000001 0.7868524096385543 0.7420812500000001 0.7868524096385543 0.87281875 0.6706777108433735 0.87281875
1 0.680730421686747 0.20249375 0.8049322289156627 0.20249375 0.8049322289156627 0.33765625 0.680730421686747 0.33765625
8 0.5451882530120482 0.42958125 0.5941189759036145 0.42958125 0.5941189759036145 0.5260437499999999 0.5451882530120482 0.5260437499999999
8 0.6104367469879518 0.51916875 0.7687801204819277 0.51916875 0.7687801204819277 0.55773125 0.6104367469879518 0.55773125
8 0.7259036144578314 0.48583750000000003 0.7687951807228915 0.48583750000000003 0.7687951807228915 0.5560624999999999 0.7259036144578314 0.5560624999999999
1 0.10090361445783133 0.7941687499999999 0.26283132530120484 0.7941687499999999 0.26283132530120484 0.88783125 0.10090361445783133 0.88783125
28 0.580323795180723 0.34 0.7788328313253011 0.34 0.7788328313253011 0.37599999999999995 0.580323795180723 0.37599999999999995
15 0.39599397590361446 0.8315625 0.4248795180722891 0.8315625 0.4248795180722891 0.8675875 0.39599397590361446 0.8675875
15 0.4989081325301205 0.775025 0.5315436746987952 0.775025 0.5315436746987952 0.80405 0.4989081325301205 0.80405
15 0.5177484939759036 0.1446125 0.5442996987951808 0.1446125 0.5442996987951808 0.1764125 0.5177484939759036 0.1764125
24 0.5554442771084337 0.13258124999999998 0.5988027108433734 0.13258124999999998 0.5988027108433734 0.16774375 0.5554442771084337 0.16774375
24 0.3090286144578313 0.1349875 0.39705572289156627 0.1349875 0.39705572289156627 0.1687125 0.3090286144578313 0.1687125
24 0.4409262048192771 0.77983125 0.470097891566265 0.77983125 0.470097891566265 0.8059687500000001 0.4409262048192771 0.8059687500000001
25 0.10465361445783133 0.2216 0.14778614457831324 0.2216 0.14778614457831324 0.25635 0.10465361445783133 0.25635
21 0.11094126506024095 0.13833125 0.14990210843373494 0.13833125 0.14990210843373494 0.33301875 0.11094126506024095 0.33301875
21 0.10593373493975902 0.13416875 0.4068975903614458 0.13416875 0.4068975903614458 0.17478125 0.10593373493975902 0.17478125
21 0.11595632530120482 0.30500625 0.20009789156626506 0.30500625 0.20009789156626506 0.33801875 0.11595632530120482 0.33801875
24 0.4802560240963855 0.7069437500000001 0.5170632530120483 0.7069437500000001 0.5170632530120483 0.73610625 0.4802560240963855 0.73610625
19 0.2861972891566265 0.28826250000000003 0.34542921686746986 0.28826250000000003 0.34542921686746986 0.3303875 0.2861972891566265 0.3303875
32 0.2885617469879518 0.23900625 0.4016189759036144 0.23900625 0.4016189759036144 0.28126875 0.2885617469879518 0.28126875