16 0.1797153024911032 0.0379746835443038 0.2775800711743772 0.0379746835443038 0.2775800711743772 0.10829817158931083 0.1797153024911032 0.10829817158931083
16 0.39679715302491103 0.6132208157524613 0.4750889679715303 0.6132208157524613 0.4750889679715303 0.679324894514768 0.39679715302491103 0.679324894514768
16 0.6405693950177936 0.6146272855133614 0.7224199288256228 0.6146272855133614 0.7224199288256228 0.6765119549929677 0.6405693950177936 0.6765119549929677
16 0.6441281138790036 0.45288326300984527 0.7188612099644128 0.45288326300984527 0.7188612099644128 0.5021097046413502 0.6441281138790036 0.5021097046413502
16 0.2313167259786477 0.3178621659634318 0.2597864768683274 0.3178621659634318 0.2597864768683274 0.46554149085794655 0.2313167259786477 0.46554149085794655
16 0.7064056939501779 0.870604781997187 0.8861209964412812 0.870604781997187 0.8861209964412812 0.890295358649789 0.7064056939501779 0.890295358649789
16 0.5551601423487544 0.7257383966244726 0.6281138790035588 0.7257383966244726 0.6281138790035588 0.7763713080168776 0.5551601423487544 0.7763713080168776
16 0.7384341637010676 0.5119549929676512 0.8096085409252669 0.5119549929676512 0.8096085409252669 0.5583684950773559 0.7384341637010676 0.5583684950773559
6 0.6245551601423488 0.04360056258790436 0.8736654804270463 0.04360056258790436 0.8736654804270463 0.2587904360056259 0.6245551601423488 0.2587904360056259
29 0.8718861209964412 0.04360056258790436 0.9715302491103203 0.04360056258790436 0.9715302491103203 0.2616033755274262 0.8718861209964412 0.2616033755274262
27 0.16548042704626334 0.5077355836849508 0.3914590747330961 0.5077355836849508 0.3914590747330961 0.6132208157524613 0.16548042704626334 0.6132208157524613
27 0.7402135231316725 0.5147679324894515 0.9697508896797153 0.5147679324894515 0.9697508896797153 0.6146272855133614 0.7402135231316725 0.6146272855133614
27 0.4822064056939502 0.7285513361462729 0.6156583629893239 0.7285513361462729 0.6156583629893239 0.9113924050632911 0.4822064056939502 0.9113924050632911
8 0.17615658362989323 0.17158931082981715 0.2580071174377224 0.17158931082981715 0.2580071174377224 0.27848101265822783 0.17615658362989323 0.27848101265822783
8 0.17793594306049823 0.2250351617440225 0.3914590747330961 0.2250351617440225 0.3914590747330961 0.27848101265822783 0.17793594306049823 0.27848101265822783
4 0.3309608540925267 0.3361462728551336 0.5516014234875445 0.3361462728551336 0.5516014234875445 0.45288326300984527 0.3309608540925267 0.45288326300984527
28 0.16903914590747332 0.6976090014064698 0.2099644128113879 0.6976090014064698 0.2099644128113879 0.8129395218002813 0.16903914590747332 0.8129395218002813
28 0.6263345195729537 0.7243319268635724 0.6708185053380783 0.7243319268635724 0.6708185053380783 0.8354430379746836 0.6263345195729537 0.8354430379746836
28 0.7758007117437722 0.47960618846694797 0.9145907473309609 0.47960618846694797 0.9145907473309609 0.5007032348804501 0.7758007117437722 0.5007032348804501
28 0.30604982206405695 0.03656821378340366 0.4430604982206406 0.03656821378340366 0.4430604982206406 0.07032348804500703 0.30604982206405695 0.07032348804500703
2 0.6227758007117438 0.2672292545710267 0.9697508896797153 0.2672292545710267 0.9697508896797153 0.49929676511954996 0.6227758007117438 0.49929676511954996
2 0.16548042704626334 0.6174402250351617 0.4822064056939502 0.6174402250351617 0.4822064056939502 0.9113924050632911 0.16548042704626334 0.9113924050632911
2 0.48576512455516013 0.6160337552742616 0.9697508896797153 0.6188466947960619 0.9733096085409253 0.8734177215189873 0.6227758007117438 0.8720112517580872 0.6209964412811388 0.7285513361462729 0.48576512455516013 0.7257383966244726
12 0.48576512455516013 0.6188466947960619 0.5444839857651246 0.6188466947960619 0.5444839857651246 0.7172995780590717 0.48576512455516013 0.7172995780590717
12 0.7508896797153025 0.6174402250351617 0.9644128113879004 0.6174402250351617 0.9644128113879004 0.659634317862166 0.7508896797153025 0.659634317862166
12 0.302491103202847 0.8635724331926864 0.4786476868327402 0.8635724331926864 0.4786476868327402 0.9071729957805907 0.302491103202847 0.9071729957805907
12 0.6298932384341637 0.27285513361462727 0.6832740213523132 0.27285513361462727 0.6832740213523132 0.4149085794655415 0.6298932384341637 0.4149085794655415
12 0.5836298932384342 0.3066104078762307 0.6227758007117438 0.3066104078762307 0.6227758007117438 0.4711673699015471 0.5836298932384342 0.4711673699015471
1 0.7597864768683275 0.2770745428973277 0.8879003558718861 0.2770745428973277 0.8879003558718861 0.4022503516174402 0.7597864768683275 0.4022503516174402
1 0.7864768683274022 0.7116736990154712 0.9661921708185054 0.7116736990154712 0.9661921708185054 0.8255977496483825 0.7864768683274022 0.8255977496483825
1 0.3096085409252669 0.720112517580872 0.4750889679715303 0.720112517580872 0.4750889679715303 0.8129395218002813 0.3096085409252669 0.8129395218002813
0 0.07651245551601424 0.2939521800281294 0.24733096085409254 0.2939521800281294 0.24733096085409254 0.5035161744022504 0.07651245551601424 0.5035161744022504
0 0.6174377224199288 0.8790436005625879 0.9697508896797153 0.8790436005625879 0.9697508896797153 0.980309423347398 0.6174377224199288 0.980309423347398
7 0.16725978647686832 0.0379746835443038 0.6192170818505338 0.0379746835443038 0.6192170818505338 0.29254571026722925 0.16725978647686832 0.29254571026722925
3 0.6192170818505338 0.2911392405063291 0.6156583629893239 0.6118143459915611 0.400355871886121 0.6104078762306611 0.40391459074733094 0.5021097046413502 0.2491103202846975 0.49929676511954996 0.2491103202846975 0.2911392405063291
24 0.2526690391459075 0.46272855133614627 0.30604982206405695 0.46272855133614627 0.30604982206405695 0.49507735583684953 0.2526690391459075 0.49507735583684953
24 0.8683274021352313 0.046413502109704644 0.9608540925266904 0.046413502109704644 0.9608540925266904 0.07876230661040788 0.8683274021352313 0.07876230661040788
24 0.49466192170818507 0.7383966244725738 0.5320284697508897 0.7383966244725738 0.5320284697508897 0.7735583684950773 0.49466192170818507 0.7735583684950773
24 0.7597864768683275 0.5822784810126582 0.8167259786476868 0.5822784810126582 0.8167259786476868 0.6061884669479606 0.7597864768683275 0.6061884669479606
24 0.2615658362989324 0.510548523206751 0.30782918149466193 0.510548523206751 0.30782918149466193 0.5485232067510548 0.2615658362989324 0.5485232067510548
15 0.900355871886121 0.5260196905766527 0.9501779359430605 0.5260196905766527 0.9501779359430605 0.5569620253164557 0.900355871886121 0.5569620253164557
15 0.18861209964412812 0.5625879043600562 0.24555160142348753 0.5625879043600562 0.24555160142348753 0.5949367088607594 0.18861209964412812 0.5949367088607594
15 0.5088967971530249 0.7974683544303798 0.5622775800711743 0.7974683544303798 0.5622775800711743 0.8326300984528833 0.5088967971530249 0.8326300984528833
25 0.6459074733096085 0.04360056258790436 0.7224199288256228 0.04360056258790436 0.7224199288256228 0.0759493670886076 0.6459074733096085 0.0759493670886076
21 0.6263345195729537 0.03656821378340366 0.9661921708185054 0.03656821378340366 0.9661921708185054 0.08016877637130802 0.6263345195729537 0.08016877637130802