2 0.06690647482014389 0.452900826446281 0.32682014388489206 0.452900826446281 0.32682014388489206 0.7490495867768594 0.06690647482014389 0.7490495867768594
2 0.7503669064748202 0.19048760330578512 0.9684532374100718 0.19048760330578512 0.9684532374100718 0.47126446280991735 0.7503669064748202 0.47126446280991735
2 0.5381294964028777 0.10991735537190085 0.7454676258992806 0.10991735537190085 0.7454676258992806 0.3803305785123967 0.5381294964028777 0.3803305785123967
5 0.331294964028777 0.7586694214876033 0.4447913669064748 0.7586694214876033 0.4447913669064748 0.952404958677686 0.331294964028777 0.952404958677686
12 0.2054028776978417 0.7586859504132232 0.32538848920863306 0.7586859504132232 0.32538848920863306 0.8763553719008266 0.2054028776978417 0.8763553719008266
27 0.10107194244604317 0.7462727272727273 0.21892805755395683 0.7462727272727273 0.21892805755395683 0.9573636363636364 0.10107194244604317 0.9573636363636364
27 0.633453237410072 0.47768595041322315 0.7986906474820145 0.47768595041322315 0.7986906474820145 0.5936198347107438 0.633453237410072 0.5936198347107438
7 0.331294964028777 0.4611652892561983 0.6246187050359713 0.4611652892561983 0.6246187050359713 0.747396694214876 0.331294964028777 0.747396694214876
3 0.3313021582733813 0.21322314049586777 0.5339928057553956 0.21322314049586777 0.5339928057553956 0.4464793388429752 0.3313021582733813 0.4464793388429752
29 0.18022302158273382 0.3247933884297521 0.32970503597122297 0.3247933884297521 0.32970503597122297 0.4464793388429752 0.18022302158273382 0.4464793388429752
6 0.17662589928057554 0.062396694214876036 0.33833812949640285 0.062396694214876036 0.33833812949640285 0.3108925619834711 0.17662589928057554 0.3108925619834711
4 0.36007913669064745 0.26074380165289257 0.5023381294964029 0.26074380165289257 0.5023381294964029 0.4282809917355372 0.36007913669064745 0.4282809917355372
1 0.831294964028777 0.25453719008264464 0.9655683453237409 0.25453719008264464 0.9655683453237409 0.3952148760330579 0.831294964028777 0.3952148760330579
1 0.5471294964028777 0.14917355371900823 0.6764100719424461 0.14917355371900823 0.6764100719424461 0.2877520661157024 0.5471294964028777 0.2877520661157024
8 0.4446115107913669 0.4694297520661157 0.5857769784172662 0.4694297520661157 0.5857769784172662 0.527495867768595 0.4446115107913669 0.527495867768595
8 0.410431654676259 0.5438099173553719 0.4563021582733813 0.5438099173553719 0.4563021582733813 0.6498429752066115 0.410431654676259 0.6498429752066115
8 0.5813021582733813 0.5438099173553719 0.6246258992805755 0.5438099173553719 0.6246258992805755 0.6498429752066115 0.5813021582733813 0.6498429752066115
1 0.07229496402877698 0.5541239669421487 0.21173381294964028 0.5541239669421487 0.21173381294964028 0.6779421487603305 0.07229496402877698 0.6779421487603305
0 0.33849640287769783 0.06860330578512398 0.5397482014388489 0.06860330578512398 0.5397482014388489 0.2199586776859504 0.33849640287769783 0.2199586776859504
7 0.5273381294964029 0.3764380165289256 0.7526618705035971 0.3764380165289256 0.7526618705035971 0.4696115702479339 0.5273381294964029 0.4696115702479339
16 0.22338129496402878 0.31860330578512397 0.28079136690647477 0.31860330578512397 0.28079136690647477 0.388603305785124 0.22338129496402878 0.388603305785124
16 0.264273381294964 0.47161983471074376 0.33120863309352516 0.47161983471074376 0.33120863309352516 0.5424297520661158 0.264273381294964 0.5424297520661158
16 0.6407769784172662 0.4854049586776859 0.6898992805755396 0.4854049586776859 0.6898992805755396 0.5248099173553719 0.6407769784172662 0.5248099173553719
16 0.7510791366906475 0.40551239669421485 0.8049784172661871 0.40551239669421485 0.8049784172661871 0.4674793388429752 0.7510791366906475 0.4674793388429752
16 0.6839352517985612 0.31735537190082647 0.7397769784172662 0.31735537190082647 0.7397769784172662 0.37930578512396695 0.6839352517985612 0.37930578512396695
16 0.37457553956834533 0.8572975206611569 0.44628776978417267 0.8572975206611569 0.44628776978417267 0.9304380165289255 0.37457553956834533 0.9304380165289255
16 0.16835251798561152 0.766396694214876 0.2122805755395684 0.766396694214876 0.2122805755395684 0.811388429752066 0.16835251798561152 0.811388429752066
28 0.4014388489208633 0.7235537190082645 0.6264172661870504 0.7235537190082645 0.6264172661870504 0.7424297520661156 0.4014388489208633 0.7424297520661156
12 0.642453237410072 0.060338842975206614 0.747273381294964 0.060338842975206614 0.747273381294964 0.11083471074380166 0.642453237410072 0.11083471074380166
12 0.8582805755395684 0.14709917355371901 0.9659496402877696 0.14709917355371901 0.9659496402877696 0.19184297520661156 0.8582805755395684 0.19184297520661156
28 0.3043237410071942 0.5520661157024793 0.33582014388489206 0.5520661157024793 0.33582014388489206 0.6812561983471074 0.3043237410071942 0.6812561983471074
28 0.7503525179856115 0.2524876033057851 0.7745971223021582 0.2524876033057851 0.7745971223021582 0.3819917355371901 0.7503525179856115 0.3819917355371901
28 0.726978417266187 0.1450495867768595 0.7530215827338128 0.1450495867768595 0.7530215827338128 0.27947933884297516 0.726978417266187 0.27947933884297516
25 0.28106474820143884 0.1628512396694215 0.32771223021582735 0.1628512396694215 0.32771223021582735 0.21685123966942146 0.28106474820143884 0.21685123966942146
24 0.28107194244604317 0.09060330578512396 0.32592086330935255 0.09060330578512396 0.32592086330935255 0.14457024793388432 0.28107194244604317 0.14457024793388432
24 0.10244604316546763 0.7526198347107438 0.14889208633093526 0.7526198347107438 0.14889208633093526 0.8188512396694215 0.10244604316546763 0.8188512396694215
24 0.6394316546762591 0.5487190082644628 0.6853453237410072 0.5487190082644628 0.6853453237410072 0.5927685950413223 0.6394316546762591 0.5927685950413223
15 0.697841726618705 0.5358099173553719 0.7293812949640287 0.5358099173553719 0.7293812949640287 0.5875950413223141 0.697841726618705 0.5875950413223141
15 0.11031654676258994 0.8339173553719009 0.1587769784172662 0.8339173553719009 0.1587769784172662 0.8704793388429752 0.11031654676258994 0.8704793388429752
21 0.17101438848920866 0.05996694214876033 0.2197769784172662 0.05996694214876033 0.2197769784172662 0.24525619834710743 0.17101438848920866 0.24525619834710743
21 0.2820071942446043 0.06706611570247935 0.32993525179856115 0.06706611570247935 0.32993525179856115 0.2490330578512397 0.2820071942446043 0.2490330578512397
5 0.3374676258992806 0.7588347107438017 0.44080575539568345 0.7588347107438017 0.44080575539568345 0.9526694214876034 0.3374676258992806 0.9526694214876034