16 0.20833979328165375 0.5992571785268415 0.29070413436692505 0.5992571785268415 0.29070413436692505 0.6694818976279651 0.20833979328165375 0.6694818976279651
16 0.578171834625323 0.6694756554307116 0.6443863049095607 0.6694756554307116 0.6443863049095607 0.7225343320848939 0.578171834625323 0.7225343320848939
16 0.3472222222222222 0.7646754057428214 0.4150516795865633 0.7646754057428214 0.4150516795865633 0.819294631710362 0.3472222222222222 0.819294631710362
16 0.2874677002583979 0.6788451935081149 0.3488372093023256 0.6788451935081149 0.3488372093023256 0.7428277153558053 0.2874677002583979 0.7428277153558053
16 0.44896640826873385 0.2824594257178527 0.5135658914728682 0.2824594257178527 0.5135658914728682 0.35424469413233456 0.44896640826873385 0.35424469413233456
4 0.17915374677002582 0.42488139825218474 0.330562015503876 0.42488139825218474 0.330562015503876 0.5357927590511861 0.17915374677002582 0.5357927590511861
29 0.2952842377260982 0.13975031210986266 0.4061886304909561 0.13975031210986266 0.4061886304909561 0.2895630461922597 0.2952842377260982 0.2895630461922597
6 0.13458656330749355 0.13369538077403245 0.2957235142118863 0.13369538077403245 0.2957235142118863 0.353645443196005 0.13458656330749355 0.353645443196005
0 0.6179521963824289 0.02814606741573033 0.7476291989664082 0.02814606741573033 0.7476291989664082 0.13232833957553058 0.6179521963824289 0.13232833957553058
0 0.7334625322997416 0.34599875156054927 0.8761757105943152 0.34599875156054927 0.8761757105943152 0.5682334581772783 0.7334625322997416 0.5682334581772783
0 0.8087919896640827 0.5680087390761548 0.8761692506459949 0.5680087390761548 0.8761692506459949 0.6709925093632959 0.8087919896640827 0.6709925093632959
18 0.38569121447028426 0.10335830212234706 0.4493733850129199 0.10335830212234706 0.4493733850129199 0.13714107365792758 0.38569121447028426 0.13714107365792758
27 0.404515503875969 0.13248439450686642 0.5718927648578811 0.13248439450686642 0.5718927648578811 0.24297128589263423 0.404515503875969 0.24297128589263423
27 0.4635271317829457 0.697808988764045 0.5698837209302327 0.697808988764045 0.5698837209302327 0.884538077403246 0.4635271317829457 0.884538077403246
2 0.5702390180878553 0.6735580524344569 0.809890180878553 0.6735580524344569 0.809890180878553 0.8835705368289638 0.5702390180878553 0.8835705368289638
2 0.13458010335917314 0.6844756554307118 0.35296511627906973 0.6844756554307118 0.35296511627906973 0.9855118601747815 0.13458010335917314 0.9855118601747815
2 0.5740051679586563 0.13732833957553056 0.8068733850129198 0.13732833957553056 0.8068733850129198 0.34194756554307115 0.5740051679586563 0.34194756554307115
8 0.5175193798449612 0.43456304619225966 0.5658656330749353 0.43456304619225966 0.5658656330749353 0.536123595505618 0.5175193798449612 0.536123595505618
8 0.5790245478036176 0.5376841448189763 0.7064534883720931 0.5376841448189763 0.7064534883720931 0.5768976279650436 0.5790245478036176 0.5768976279650436
8 0.6744444444444444 0.49279026217228467 0.7124806201550388 0.49279026217228467 0.7124806201550388 0.5768976279650437 0.6744444444444444 0.5768976279650437
1 0.1396124031007752 0.7960799001248441 0.2726356589147287 0.7960799001248441 0.2726356589147287 0.9010736579275905 0.1396124031007752 0.9010736579275905
1 0.6267377260981912 0.7524094881398251 0.7315568475452195 0.7524094881398251 0.7315568475452195 0.8787515605493134 0.6267377260981912 0.8787515605493134
1 0.6418023255813954 0.20770287141073654 0.7476291989664083 0.20770287141073654 0.7476291989664083 0.341960049937578 0.6418023255813954 0.341960049937578
27 0.35430232558139535 0.6953870162297129 0.4654392764857881 0.6953870162297129 0.4654392764857881 0.8884581772784022 0.35430232558139535 0.8884581772784022
14 0.3480167958656331 0.8785830212234705 0.4182364341085272 0.8785830212234705 0.4182364341085272 0.984538077403246 0.3480167958656331 0.984538077403246
28 0.5564276485788113 0.34963171036204743 0.72452842377261 0.34963171036204743 0.72452842377261 0.38370162297128585 0.5564276485788113 0.38370162297128585
12 0.13608527131782946 0.6870536828963796 0.28791989664082684 0.6870536828963796 0.28791989664082684 0.7122971285892635 0.13608527131782946 0.7122971285892635
12 0.4138695090439276 0.25634831460674157 0.4532881136950904 0.25634831460674157 0.4532881136950904 0.3526404494382023 0.4138695090439276 0.3526404494382023
12 0.40310077519379844 0.24593632958801498 0.5738501291989664 0.24593632958801498 0.5738501291989664 0.2926903870162297 0.40310077519379844 0.2926903870162297
12 0.7583914728682171 0.6849812734082397 0.8132622739018088 0.6849812734082397 0.8132622739018088 0.7722471910112361 0.7583914728682171 0.7722471910112361
25 0.13541343669250647 0.2258302122347066 0.17874677002583977 0.2258302122347066 0.17874677002583977 0.26273408239700374 0.13541343669250647 0.26273408239700374
24 0.29911498708010337 0.14425093632958802 0.4001614987080104 0.14425093632958802 0.4001614987080104 0.17869538077403244 0.29911498708010337 0.17869538077403244
24 0.4682751937984496 0.7140199750312111 0.49570413436692506 0.7140199750312111 0.49570413436692506 0.7397128589263421 0.4682751937984496 0.7397128589263421
24 0.4282235142118863 0.78541822721598 0.4587015503875969 0.78541822721598 0.4587015503875969 0.8139325842696629 0.4282235142118863 0.8139325842696629
15 0.48076227390180876 0.7798314606741573 0.508953488372093 0.7798314606741573 0.508953488372093 0.8110549313358302 0.48076227390180876 0.8110549313358302
15 0.39428294573643413 0.8387016229712858 0.4201356589147287 0.8387016229712858 0.4201356589147287 0.8710861423220974 0.39428294573643413 0.8710861423220974
15 0.500419896640827 0.14927590511860175 0.5238953488372093 0.14927590511860175 0.5238953488372093 0.1842821473158552 0.500419896640827 0.1842821473158552
24 0.5308850129198966 0.14168539325842697 0.5647739018087855 0.14168539325842697 0.5647739018087855 0.17137328339575528 0.5308850129198966 0.17137328339575528