29 0.027692307692307693 0.17740875912408757 0.11291101055806937 0.17740875912408757 0.11291101055806937 0.4005474452554745 0.027692307692307693 0.4005474452554745
27 0.02769984917043741 0.5047445255474452 0.13046003016591254 0.5047445255474452 0.13046003016591254 0.7563260340632603 0.02769984917043741 0.7563260340632603
27 0.5597209653092006 0.17518248175182483 0.6678808446455505 0.17518248175182483 0.6678808446455505 0.41469586374695866 0.5597209653092006 0.41469586374695866
6 0.10722473604826546 0.1818248175182482 0.34432880844645547 0.1818248175182482 0.34432880844645547 0.39700729927007306 0.10722473604826546 0.39700729927007306
2 0.1250452488687783 0.4074330900243309 0.348710407239819 0.4074330900243309 0.348710407239819 0.8501338199513382 0.1250452488687783 0.8501338199513382
2 0.5583484162895928 0.5379440389294404 0.7621945701357465 0.5379440389294404 0.7621945701357465 0.8820072992700729 0.5583484162895928 0.8820072992700729
2 0.7667722473604826 0.42291970802919704 0.9727752639517344 0.42291970802919704 0.9727752639517344 0.791727493917275 0.7667722473604826 0.791727493917275
3 0.3430769230769231 0.17075425790754256 0.55710407239819 0.17075425790754256 0.55710407239819 0.5368369829683698 0.3430769230769231 0.5368369829683698
7 0.34581447963800904 0.5423600973236009 0.5581975867269986 0.5423600973236009 0.5581975867269986 0.8412895377128954 0.34581447963800904 0.8412895377128954
0 0.34443438914027147 0.8498175182481751 0.560392156862745 0.8498175182481751 0.560392156862745 1.0000121654501217 0.34443438914027147 1.0000121654501217
4 0.39106334841628954 0.2570316301703163 0.5329788838612368 0.2570316301703163 0.5329788838612368 0.44656934306569346 0.39106334841628954 0.44656934306569346
8 0.42671191553544496 0.5711192214111923 0.5044494720965309 0.5711192214111923 0.5044494720965309 0.6518978102189781 0.42671191553544496 0.6518978102189781
8 0.4966365007541479 0.6374695863746959 0.5472247360482655 0.6374695863746959 0.5472247360482655 0.7634063260340632 0.4966365007541479 0.7634063260340632
1 0.21829562594268476 0.6131265206812652 0.34761689291101056 0.6131265206812652 0.34761689291101056 0.8129562043795621 0.21829562594268476 0.8129562043795621
1 0.6392458521870287 0.6485401459854014 0.7632880844645551 0.6485401459854014 0.7632880844645551 0.8218248175182483 0.6392458521870287 0.8218248175182483
1 0.7667647058823529 0.5600486618004865 0.8905203619909502 0.5600486618004865 0.8905203619909502 0.7456934306569342 0.7667647058823529 0.7456934306569342
16 0.3640702102171879 0.17220755240220403 0.36626369709045653 0.25894030476201574 0.3881989005277844 0.24831993053222035 0.40245681623251184 0.2359295276919239 0.40903736052847794 0.21822897149786133 0.4156179048244444 0.20760866479032913 0.418908218810508 0.19698839184392863 0.418908218810508 0.1845979214813689 0.4211017056837764 0.17574764338433768 0.42219844912041066 0.1651273366768055
16 0.30056215780810797 0.5091793867793396 0.34432849365312845 0.5067480914788912 0.34432849365312845 0.5846304982194084 0.3256836042018639 0.5864005943521726 0.31910305990589766 0.5722400953791118 0.3048451442011702 0.5545395391850492 0.29936134334183817 0.5439192324775171 0.2960710293557748 0.5279887048939554 0.2960710293557748 0.5085181200893921
16 0.088029592334366 0.4981198866687446 0.13155700357581507 0.4996678419923607 0.12717002982927783 0.5864005943521726 0.1118153706879161 0.5740101915118762 0.09755745498318866 0.5545395391850494 0.09536396810992018 0.5509994819640476 0.08988016725058806 0.5368389829909869 0.08878342381395386 0.5262186762834546
16 0.6645824303676527 0.4518763267639392 0.6667760845932426 0.5279887048939554 0.6821306600584434 0.5032079667356258 0.6898079477910442 0.5032079667356258 0.6930982617771076 0.4996678419923607 0.7007755495097082 0.4819672857982983 0.707356177481835 0.471346979090766 0.7095496643551037 0.4554164515072045
16 0.5647772714630426 0.545689261088018 0.5680675854491061 0.6182615819970325 0.5878093020131654 0.6129514286432665 0.5987769037318295 0.5987909296702058 0.6020671340417323 0.5899406515731745 0.6075509349010642 0.5740101915118762 0.6097445054504934 0.5687000381581101 0.613034735760396 0.5545395391850494 0.6130347357603961 0.5509994819640476
28 0.1291553544494721 0.6219829683698297 0.14936651583710409 0.6219829683698297 0.14936651583710409 0.8501338199513382 0.1291553544494721 0.8501338199513382
28 0.5583408748114631 0.6684306569343066 0.597948717948718 0.6684306569343066 0.597948717948718 0.8713746958637469 0.5583408748114631 0.8713746958637469
28 0.9477601809954751 0.5490024330900243 0.9719683257918551 0.5490024330900243 0.9719683257918551 0.7244768856447689 0.9477601809954751 0.7244768856447689
12 0.8339441930618401 0.4162773722627737 0.9697662141779788 0.4162773722627737 0.9697662141779788 0.4908272506082725 0.8339441930618401 0.4908272506082725
12 0.12779034690799398 0.40964720194647203 0.34240573152337855 0.40964720194647203 0.34240573152337855 0.47312652068126515 0.12779034690799398 0.47312652068126515
28 0.34855957767722473 0.6241970802919709 0.3709276018099547 0.6241970802919709 0.3709276018099547 0.837749391727494 0.34855957767722473 0.837749391727494
12 0.6364932126696833 0.5379440389294404 0.7602790346907993 0.5379440389294404 0.7602790346907993 0.5934914841849148 0.6364932126696833 0.5934914841849148
25 0.17360482654600304 0.17903892944038927 0.2228657616892911 0.17903892944038927 0.2228657616892911 0.23507299270072993 0.17360482654600304 0.23507299270072993
24 0.11291101055806937 0.3468734793187348 0.17894419306184012 0.3468734793187348 0.17894419306184012 0.39176399026763986 0.11291101055806937 0.39176399026763986
24 0.03776018099547511 0.5146958637469586 0.06797134238310709 0.5146958637469586 0.06797134238310709 0.5720194647201946 0.03776018099547511 0.5720194647201946
24 0.5714630467571644 0.3639659367396594 0.5965912518853694 0.3639659367396594 0.5965912518853694 0.41540145985401455 0.5714630467571644 0.41540145985401455
15 0.5724358974358974 0.30024330900243307 0.6104600301659125 0.30024330900243307 0.6104600301659125 0.3407785888077859 0.5724358974358974 0.3407785888077859
15 0.03873303167420814 0.6048418491484185 0.07028657616892911 0.6048418491484185 0.07028657616892911 0.6417274939172749 0.03873303167420814 0.6417274939172749
21 0.1140874811463047 0.17783454987834552 0.27852187028657616 0.17783454987834552 0.27852187028657616 0.23948905109489052 0.1140874811463047 0.23948905109489052
21 0.10996229260935143 0.34374695863746957 0.28400452488687783 0.34374695863746957 0.28400452488687783 0.4021897810218978 0.10996229260935143 0.4021897810218978
12 0.474660633484163 0.1731873479318735 0.5518552036199095 0.1731873479318735 0.5518552036199095 0.2218491484184915 0.474660633484163 0.2218491484184915
19 0.2799170437405732 0.18046228710462286 0.3383634992458522 0.18046228710462286 0.3383634992458522 0.24469586374695865 0.2799170437405732 0.24469586374695865
32 0.03195324283559578 0.1804744525547445 0.0686500754147813 0.1804744525547445 0.0686500754147813 0.23173965936739657 0.03195324283559578 0.23173965936739657