27 0.4190258449304175 0.625819209039548 0.6208946322067594 0.625819209039548 0.6208946322067594 0.7735781544256122 0.4190258449304175 0.7735781544256122
27 0.10398608349900597 0.49688323917137484 0.3012624254473161 0.49688323917137484 0.3012624254473161 0.6243596986817325 0.10398608349900597 0.6243596986817325
0 0.3838568588469185 0.05504708097928436 0.6132405566600398 0.05504708097928436 0.6132405566600398 0.17674199623352166 0.3838568588469185 0.17674199623352166
0 0.7768687872763419 0.06084745762711865 0.9343836978131213 0.06084745762711865 0.9343836978131213 0.16804143126177026 0.7768687872763419 0.16804143126177026
0 0.40833001988071566 0.7808286252354049 0.5811332007952287 0.7808286252354049 0.5811332007952287 0.903954802259887 0.40833001988071566 0.903954802259887
12 0.03975149105367794 0.6359510357815442 0.10704771371769384 0.6359510357815442 0.10704771371769384 0.9083050847457628 0.03975149105367794 0.9083050847457628
12 0.6315904572564612 0.13616760828625238 0.7569980119284295 0.13616760828625238 0.7569980119284295 0.18831450094161958 0.6315904572564612 0.18831450094161958
2 0.6193638170974155 0.19267419962335217 0.9175745526838966 0.19267419962335217 0.9175745526838966 0.4852919020715631 0.6193638170974155 0.4852919020715631
2 0.11009940357852882 0.6345103578154425 0.3976143141153082 0.6345103578154425 0.3976143141153082 0.9025141242937853 0.11009940357852882 0.9025141242937853
7 0.0428230616302187 0.18397363465160071 0.3807952286282307 0.18397363465160071 0.3807952286282307 0.4910922787193973 0.0428230616302187 0.4910922787193973
3 0.3853876739562624 0.19266478342749527 0.6178330019880716 0.19266478342749527 0.6178330019880716 0.5142655367231638 0.3853876739562624 0.5142655367231638
29 0.6346520874751491 0.6316007532956686 0.7830019880715706 0.6316007532956686 0.7830019880715706 0.7663276836158192 0.6346520874751491 0.7663276836158192
6 0.683590763113626 0.49978270317253365 0.6851200489371464 0.6258148631029986 0.7906407707600549 0.6214689265536724 0.7891114849365346 0.7619875416485588 0.9175714941122496 0.7576416050992322 0.9145129224652085 0.4968854121396496
10 0.5887872763419484 0.7808286252354049 0.9206361829025844 0.7808286252354049 0.9206361829025844 0.9097551789077214 0.5887872763419484 0.9097551789077214
4 0.39805168986083506 0.2682485875706215 0.5643737574552684 0.2682485875706215 0.5643737574552684 0.484406779661017 0.39805168986083506 0.484406779661017
16 0.4350498571073559 0.6884765625 0.48041050571570576 0.6494140625 0.48144142954771374 0.623046875 0.4185550757952286 0.6240234375 0.4144313804671968 0.6865234375
16 0.055669886928429425 0.2666015625 0.07938113506461232 0.263671875 0.11752531684890656 0.2373046875 0.1340200981610338 0.2177734375 0.14123656498508946 0.173828125 0.04948434393638171 0.1767578125 0.047422496272365805 0.2646484375
16 0.1690715084493042 0.6337890625 0.1711333561133201 0.6220703125 0.15876227012922464 0.5947265625 0.13917471732107356 0.576171875 0.10412330703280318 0.56640625 0.10309238320079522 0.6318359375
16 0.6145349717019066 0.18246495242297442 0.6156203138017874 0.2717454315080871 0.6474240974667855 0.2600239393044922 0.6544916498820126 0.2600239393044922 0.656258504285232 0.25667493240675165 0.6809948703373531 0.23323201187655543 0.6915961315590191 0.22318502312183072 0.6951299751678076 0.20309110948937498 0.7004305383774656 0.18802057844954276
16 0.39476014334062 0.6300878281494543 0.39476014334062 0.6970677105962899 0.3611893704700523 0.6903698245547961 0.334686150014712 0.6702757192913594 0.3187841907810381 0.6568798833313783
1 0.7360238568588469 0.2598964218455744 0.9146719681908548 0.2598964218455744 0.9146719681908548 0.39565913370998124 0.7360238568588469 0.39565913370998124
1 0.18159045725646125 0.7369774011299436 0.3209940357852883 0.7369774011299436 0.3209940357852883 0.9047175141242937 0.18159045725646125 0.9047175141242937
8 0.11088469184890658 0.4210169491525424 0.27857852882703776 0.4210169491525424 0.27857852882703776 0.4726930320150659 0.11088469184890658 0.4726930320150659
8 0.04681908548707753 0.3456873822975518 0.11071570576540755 0.3456873822975518 0.11071570576540755 0.404030131826742 0.04681908548707753 0.404030131826742
8 0.27876739562624253 0.34149717514124295 0.33864811133200795 0.34149717514124295 0.33864811133200795 0.39398305084745766 0.27876739562624253 0.39398305084745766
28 0.15728628230616304 0.18037664783427496 0.329831013916501 0.18037664783427496 0.329831013916501 0.228210922787194 0.15728628230616304 0.228210922787194
25 0.8587574552683898 0.571798493408663 0.9157554671968191 0.571798493408663 0.9157554671968191 0.6234180790960452 0.8587574552683898 0.6234180790960452
24 0.7031212723658051 0.7131638418079096 0.7810536779324055 0.7131638418079096 0.7810536779324055 0.7655555555555557 0.7031212723658051 0.7655555555555557
24 0.4173856858846918 0.7337099811676082 0.463727634194831 0.7337099811676082 0.463727634194831 0.7606779661016949 0.4173856858846918 0.7606779661016949
24 0.10357852882703777 0.496864406779661 0.1545526838966203 0.496864406779661 0.1545526838966203 0.5295762711864407 0.10357852882703777 0.5295762711864407
15 0.4862624254473161 0.7059227871939736 0.5249502982107356 0.7059227871939736 0.5249502982107356 0.7597269303201507 0.4862624254473161 0.7597269303201507
15 0.16991053677932405 0.49808851224105466 0.20659045725646122 0.49808851224105466 0.20659045725646122 0.5498964218455744 0.16991053677932405 0.5498964218455744