0 0.112158081705151 0.09298578199052131 0.34130550621669625 0.09298578199052131 0.34130550621669625 0.3775355450236967 0.112158081705151 0.3775355450236967
2 0.5079928952042628 0.09748815165876776 0.9035168738898756 0.09748815165876776 0.9035168738898756 0.45338072669826224 0.5079928952042628 0.45338072669826224
2 0.1070870337477798 0.3615481832543444 0.501651865008881 0.3615481832543444 0.501651865008881 0.9103001579778831 0.1070870337477798 0.9103001579778831
17 0.5080017761989343 0.6842733017377568 0.7330284191829486 0.6842733017377568 0.7330284191829486 0.9066903633491312 0.5080017761989343 0.9066903633491312
27 0.7414387211367672 0.6865165876777252 0.8953996447602132 0.6865165876777252 0.8953996447602132 0.9084913112164298 0.7414387211367672 0.9084913112164298
16 0.1629027700823475 0.29383886428106404 0.22968214254750952 0.32334989199419395 0.24388931317269483 0.3414099720107493 0.2438893131726948 0.35585802224524593 0.254037336432555 0.36669411159142185 0.18909004950806946 0.36669411159142185 0.1687940029883496 0.3648880622535235
16 0.5270315275310835 0.4599609375 0.6115761684058615 0.458984375 0.6126741507548845 0.4423828125 0.5994983625666075 0.4130859375 0.5720488038410302 0.384765625 0.5500891568605684 0.373046875 0.5171496863898757 0.3671875 0.5160517040408525 0.4580078125
16 0.4875041629662522 0.5439453125 0.5028759158525755 0.5400390625 0.5028759158525755 0.4658203125 0.49738600410746003 0.4609375 0.40735145148756663 0.4609375 0.4084494338365897 0.4892578125 0.43040908081705154 0.5185546875 0.4512707454484902 0.533203125
16 0.7378441385435168 0.7490234375 0.7674896619671403 0.73828125 0.7839593972024866 0.7236328125 0.7971351853907638 0.7060546875 0.8004291324378331 0.68359375 0.7334522091474245 0.6845703125
1 0.6830817051509769 0.19679304897314376 0.8979484902309058 0.19679304897314376 0.8979484902309058 0.3432069510268562 0.6830817051509769 0.3432069510268562
1 0.24156305506216696 0.7271484992101105 0.4047246891651865 0.7271484992101105 0.4047246891651865 0.9084913112164296 0.24156305506216696 0.9084913112164296
12 0.6653108348134991 0.7542338072669825 0.725417406749556 0.7542338072669825 0.725417406749556 0.9121169036334913 0.6653108348134991 0.9121169036334913
8 0.24664298401420962 0.12231437598736176 0.32760213143872113 0.12231437598736176 0.32760213143872113 0.25471563981042655 0.24664298401420962 0.25471563981042655
8 0.16291296625222024 0.45857819905213265 0.22003552397868562 0.45857819905213265 0.22003552397868562 0.5274249605055292 0.16291296625222024 0.5274249605055292
8 0.15783303730017761 0.5782069510268563 0.22206039076376555 0.5782069510268563 0.22206039076376555 0.6357898894154819 0.15783303730017761 0.6357898894154819
24 0.849538188277087 0.6830331753554503 0.8919538188277087 0.6830331753554503 0.8919538188277087 0.7360505529225908 0.849538188277087 0.7360505529225908
15 0.8384014209591474 0.7671406003159558 0.8934280639431617 0.7671406003159558 0.8934280639431617 0.8046761453396525 0.8384014209591474 0.8046761453396525
15 0.33780639431616344 0.194913112164297 0.39512433392539964 0.194913112164297 0.39512433392539964 0.23864139020537126 0.33780639431616344 0.23864139020537126
24 0.3915719360568384 0.32189573459715637 0.4499911190053286 0.32189573459715637 0.4499911190053286 0.3600631911532386 0.3915719360568384 0.3600631911532386
27 0.3390941385435169 0.10053712480252762 0.4957193605683837 0.10053712480252762 0.4957193605683837 0.36622432859399684 0.3390941385435169 0.36622432859399684
16 0.4262966252220249 0.23553712480252764 0.5102575488454707 0.23553712480252764 0.5102575488454707 0.3073380726698262 0.4262966252220249 0.3073380726698262