2 0.13646288209606988 0.1235632183908046 0.4115720524017467 0.1235632183908046 0.4115720524017467 0.4525862068965517 0.13646288209606988 0.4525862068965517
2 0.6943231441048034 0.5560344827586207 0.9650655021834061 0.5560344827586207 0.9650655021834061 0.9741379310344828 0.6943231441048034 0.9741379310344828
2 0.13864628820960698 0.6120689655172413 0.41375545851528384 0.6120689655172413 0.41375545851528384 0.9770114942528736 0.13864628820960698 0.9770114942528736
0 0.4126637554585153 0.015804597701149427 0.6910480349344978 0.015804597701149427 0.6910480349344978 0.20833333333333334 0.4126637554585153 0.20833333333333334
0 0.025109170305676855 0.6135057471264368 0.13864628820960698 0.6135057471264368 0.13864628820960698 0.9770114942528736 0.025109170305676855 0.9770114942528736
27 0.13646288209606988 0.45545977011494254 0.32860262008733626 0.45545977011494254 0.32860262008733626 0.610632183908046 0.13646288209606988 0.610632183908046
27 0.7783842794759825 0.40229885057471265 0.9661572052401747 0.40229885057471265 0.9661572052401747 0.5545977011494253 0.7783842794759825 0.5545977011494253
1 0.20851528384279475 0.1235632183908046 0.3056768558951965 0.1235632183908046 0.3056768558951965 0.3017241379310345 0.20851528384279475 0.3017241379310345
1 0.21179039301310043 0.8031609195402298 0.3078602620087336 0.8031609195402298 0.3078602620087336 0.9683908045977011 0.21179039301310043 0.9683908045977011
1 0.7860262008733624 0.8045977011494253 0.881004366812227 0.8045977011494253 0.881004366812227 0.9698275862068966 0.7860262008733624 0.9698275862068966
4 0.49563318777292575 0.27011494252873564 0.62117903930131 0.27011494252873564 0.62117903930131 0.4956896551724138 0.49563318777292575 0.4956896551724138
3 0.41375545851528384 0.21120689655172414 0.7663755458515283 0.21120689655172414 0.7663755458515283 0.5502873563218391 0.41375545851528384 0.5502873563218391
7 0.41375545851528384 0.5445402298850575 0.6910480349344978 0.5445402298850575 0.6910480349344978 0.9770114942528736 0.41375545851528384 0.9770114942528736
16 0.4344978165938865 0.8807471264367817 0.509825327510917 0.8807471264367817 0.509825327510917 0.9741379310344828 0.4344978165938865 0.9741379310344828
16 0.34170305676855894 0.6163793103448276 0.4039301310043668 0.6163793103448276 0.4039301310043668 0.7126436781609196 0.34170305676855894 0.7126436781609196
16 0.7096069868995634 0.5531609195402298 0.7751091703056768 0.5531609195402298 0.7751091703056768 0.6451149425287356 0.7096069868995634 0.6451149425287356
16 0.8438864628820961 0.4813218390804598 0.9039301310043668 0.4813218390804598 0.9039301310043668 0.5732758620689655 0.8438864628820961 0.5732758620689655
16 0.47489082969432317 0.1939655172413793 0.6255458515283843 0.1939655172413793 0.6255458515283843 0.22270114942528735 0.47489082969432317 0.22270114942528735
16 0.3395196506550218 0.3649425287356322 0.4126637554585153 0.3649425287356322 0.4126637554585153 0.4583333333333333 0.3395196506550218 0.4583333333333333
16 0.2652838427947598 0.5301724137931034 0.32860262008733626 0.5301724137931034 0.32860262008733626 0.6020114942528736 0.2652838427947598 0.6020114942528736
16 0.1222707423580786 0.6882183908045977 0.1572052401746725 0.6882183908045977 0.1572052401746725 0.9008620689655172 0.1222707423580786 0.9008620689655172
12 0.37663755458515286 0.8146551724137931 0.4104803493449782 0.8146551724137931 0.4104803493449782 0.9727011494252874 0.37663755458515286 0.9727011494252874
12 0.6899563318777293 0.7586206896551724 0.7281659388646288 0.7586206896551724 0.7281659388646288 0.9741379310344828 0.6899563318777293 0.9741379310344828
12 0.3646288209606987 0.1278735632183908 0.40611353711790393 0.1278735632183908 0.40611353711790393 0.3232758620689655 0.3646288209606987 0.3232758620689655
28 0.14847161572052403 0.41810344827586204 0.2587336244541485 0.41810344827586204 0.2587336244541485 0.4511494252873563 0.14847161572052403 0.4511494252873563
28 0.19323144104803494 0.6206896551724138 0.29585152838427947 0.6206896551724138 0.29585152838427947 0.6609195402298851 0.19323144104803494 0.6609195402298851
28 0.7751091703056768 0.5589080459770115 0.8395196506550219 0.5589080459770115 0.8395196506550219 0.5962643678160919 0.7751091703056768 0.5962643678160919
28 0.4192139737991266 0.7068965517241379 0.4443231441048035 0.7068965517241379 0.4443231441048035 0.8448275862068966 0.4192139737991266 0.8448275862068966
8 0.638646288209607 0.7902298850574713 0.6779475982532751 0.7902298850574713 0.6779475982532751 0.9568965517241379 0.638646288209607 0.9568965517241379
8 0.5917030567685589 0.9080459770114943 0.6790393013100436 0.9080459770114943 0.6790393013100436 0.9698275862068966 0.5917030567685589 0.9698275862068966
15 0.14847161572052403 0.5560344827586207 0.20087336244541484 0.5560344827586207 0.20087336244541484 0.5948275862068966 0.14847161572052403 0.5948275862068966
15 0.9093886462882096 0.45689655172413796 0.9563318777292577 0.45689655172413796 0.9563318777292577 0.5086206896551724 0.9093886462882096 0.5086206896551724
24 0.7958515283842795 0.40948275862068967 0.8275109170305677 0.40948275862068967 0.8275109170305677 0.4454022988505747 0.7958515283842795 0.4454022988505747
24 0.8951965065502183 0.11637931034482758 0.9552401746724891 0.11637931034482758 0.9552401746724891 0.14942528735632185 0.8951965065502183 0.14942528735632185
24 0.27510917030567683 0.46695402298850575 0.314410480349345 0.46695402298850575 0.314410480349345 0.5043103448275862 0.27510917030567683 0.5043103448275862
25 0.7478165938864629 0.10775862068965517 0.8024017467248908 0.10775862068965517 0.8024017467248908 0.14367816091954022 0.7478165938864629 0.14367816091954022
6 0.6910480349344978 0.09626436781609195 0.8755458515283843 0.09626436781609195 0.8755458515283843 0.3994252873563218 0.6910480349344978 0.3994252873563218
29 0.8744541484716157 0.09913793103448276 0.9617903930131004 0.09913793103448276 0.9617903930131004 0.39511494252873564 0.8744541484716157 0.39511494252873564
21 0.6921397379912664 0.09770114942528736 0.9617903930131004 0.09770114942528736 0.9617903930131004 0.15804597701149425 0.6921397379912664 0.15804597701149425
24 0.7445414847161572 0.4267241379310345 0.7652838427947598 0.4267241379310345 0.7652838427947598 0.46839080459770116 0.7445414847161572 0.46839080459770116
19 0.8205294759825328 0.32698994252873564 0.8682259825327512 0.32698994252873564 0.8682259825327512 0.39010775862068964 0.8205294759825328 0.39010775862068964
32 0.9048144104803493 0.3186566091954023 0.9538100436681223 0.3186566091954023 0.9538100436681223 0.3814295977011495 0.9048144104803493 0.3814295977011495