2 0.49101983002832855 0.017334200260078023 0.8246742209631729 0.017334200260078023 0.8246742209631729 0.245630689206762 0.49101983002832855 0.245630689206762
2 0.04406515580736544 0.629960988296489 0.29114730878186973 0.629960988296489 0.29114730878186973 0.9622886866059818 0.04406515580736544 0.9622886866059818
2 0.5555524079320113 0.6241872561768531 0.8246742209631729 0.6241872561768531 0.8246742209631729 0.8452535760728218 0.5555524079320113 0.8452535760728218
17 0.36512039660056655 0.13003250975292588 0.4973158640226629 0.13003250975292588 0.4973158640226629 0.25574122236671004 0.36512039660056655 0.25574122236671004
27 0.29429886685552403 0.01589076723016905 0.4800070821529745 0.01589076723016905 0.4800070821529745 0.1256957087126138 0.29429886685552403 0.1256957087126138
27 0.2942988668555241 0.6718725617685305 0.409185552407932 0.6718725617685305 0.409185552407932 0.8597009102730819 0.2942988668555241 0.8597009102730819
27 0.4280736543909348 0.6241872561768531 0.5445325779036827 0.6241872561768531 0.5445325779036827 0.8510273081924578 0.4280736543909348 0.8510273081924578
14 0.830970254957507 0.1285890767230169 0.8970750708215298 0.1285890767230169 0.8970750708215298 0.24129388816644995 0.830970254957507 0.24129388816644995
14 0.28643767705382434 0.8582574772431729 0.3729957507082153 0.8582574772431729 0.3729957507082153 0.9695188556566969 0.28643767705382434 0.9695188556566969
0 0.7349716713881019 0.25429778933680103 0.9049433427762039 0.25429778933680103 0.9049433427762039 0.49992847854356304 0.7349716713881019 0.49992847854356304
0 0.8293980169971671 0.5057087126137841 0.8986473087818697 0.5057087126137841 0.8986473087818697 0.6198569570871261 0.8293980169971671 0.6198569570871261
29 0.22191218130311616 0.13870611183355006 0.3604107648725212 0.13870611183355006 0.3604107648725212 0.2514109232769831 0.22191218130311616 0.2514109232769831
6 0.0456444759206799 0.13003901170351106 0.24237252124645894 0.13003901170351106 0.24237252124645894 0.49703511053315996 0.0456444759206799 0.49703511053315996
3 0.24236543909348443 0.2615214564369311 0.480014164305949 0.2615214564369311 0.480014164305949 0.495591677503251 0.24236543909348443 0.495591677503251
7 0.4831586402266289 0.2615279583875162 0.7302407932011331 0.2615279583875162 0.7302407932011331 0.5129323797139141 0.4831586402266289 0.5129323797139141
5 0.1274787535410765 0.50425877763329 0.5602832861189802 0.50425877763329 0.5602832861189802 0.6256241872561769 0.1274787535410765 0.6256241872561769
26 0.565 0.5071521456436932 0.8278328611898018 0.5071521456436932 0.8278328611898018 0.616957087126138 0.565 0.616957087126138
4 0.26251416430594904 0.32120286085825744 0.3977974504249292 0.32120286085825744 0.3977974504249292 0.46878413524057216 0.26251416430594904 0.46878413524057216
16 0.13133852691218129 0.5348309492847854 0.21220254957507081 0.5348309492847854 0.21220254957507081 0.6118270481144343 0.13133852691218129 0.6118270481144343
16 0.4804745042492917 0.62277633289987 0.540856940509915 0.62277633289987 0.540856940509915 0.6821391417425229 0.4804745042492917 0.6821391417425229
16 0.5548229461756373 0.6262418725617686 0.6295679886685552 0.6262418725617686 0.6295679886685552 0.6821326397919375 0.5548229461756373 0.6821326397919375
16 0.28888810198300285 0.7419700910273082 0.35938385269121814 0.7419700910273082 0.35938385269121814 0.7988101430429129 0.28888810198300285 0.7988101430429129
16 0.21577903682719546 0.6262418725617686 0.2867988668555241 0.6262418725617686 0.2867988668555241 0.6867620286085826 0.21577903682719546 0.6867620286085826
12 0.3652266288951841 0.13277633289986995 0.4108640226628895 0.13277633289986995 0.4108640226628895 0.2546879063719116 0.3652266288951841 0.2546879063719116
12 0.36190509915014163 0.13431079323797138 0.4931090651558074 0.13431079323797138 0.4931090651558074 0.18035760728218464 0.36190509915014163 0.18035760728218464
12 0.769929178470255 0.017048114434330297 0.8234702549575071 0.017048114434330297 0.8234702549575071 0.13161248374512352 0.769929178470255 0.13161248374512352
12 0.7682648725212464 0.6200585175552665 0.8287606232294618 0.6200585175552665 0.8287606232294618 0.7360143042912874 0.7682648725212464 0.7360143042912874
12 0.043456090651558074 0.6230949284785436 0.2145042492917847 0.6230949284785436 0.2145042492917847 0.6689466840052016 0.043456090651558074 0.6689466840052016
8 0.48464589235127475 0.33683355006501947 0.5488385269121814 0.33683355006501947 0.5488385269121814 0.45575422626788037 0.48464589235127475 0.45575422626788037
8 0.564256373937677 0.46321846553966195 0.722627478753541 0.46321846553966195 0.722627478753541 0.5081469440832249 0.564256373937677 0.5081469440832249
8 0.6770396600566573 0.41905721716514954 0.7252832861189801 0.41905721716514954 0.7252832861189801 0.509369310793238 0.6770396600566573 0.509369310793238
8 0.6073796033994334 0.40078023407022106 0.6390509915014164 0.40078023407022106 0.6390509915014164 0.4338101430429128 0.6073796033994334 0.4338101430429128
1 0.6123512747875354 0.7083745123537061 0.7372237960339943 0.7083745123537061 0.7372237960339943 0.8432509752925879 0.6123512747875354 0.8432509752925879
1 0.045120396600566576 0.7464369310793237 0.19859065155807362 0.7464369310793237 0.19859065155807362 0.8529908972691808 0.045120396600566576 0.8529908972691808
1 0.5874858356940511 0.10232119635890767 0.7173300283286119 0.10232119635890767 0.7173300283286119 0.24615734720416127 0.5874858356940511 0.24615734720416127
28 0.57421388101983 0.25764629388816646 0.7292705382436261 0.25764629388816646 0.7292705382436261 0.29247074122236677 0.57421388101983 0.29247074122236677
19 0.04851274787535411 0.43805591677503253 0.09890934844192634 0.43805591677503253 0.09890934844192634 0.4894863459037711 0.04851274787535411 0.4894863459037711
32 0.30002124645892353 0.13643042912873862 0.35788243626062327 0.13643042912873862 0.35788243626062327 0.18562418725617685 0.30002124645892353 0.18562418725617685