10 0.5855962219598583 0.005829015544041451 0.4167650531286895 0.005829015544041451 0.4167650531286895 0.11593264248704663 0.5855962219598583 0.11593264248704663
10 0.9043683589138135 0.4261658031088083 0.7591499409681228 0.4261658031088083 0.7591499409681228 0.6489637305699482 0.9043683589138135 0.6483160621761658 0.8996458087367178 0.569300518134715 0.9008264462809917 0.5077720207253886 0.9043683589138135 0.5019430051813472
12 0.4757969303423849 0.12629533678756477 0.4179456906729634 0.12629533678756477 0.4179456906729634 0.24481865284974094 0.4380165289256198 0.24481865284974094 0.44510035419126326 0.23963730569948186 0.4592680047225502 0.23963730569948186 0.46871310507674147 0.24287564766839378 0.4757969303423849 0.23704663212435234
12 0.2066115702479339 0.22862694300518135 0.14757969303423848 0.22862694300518135 0.14757969303423848 0.3180051813471503 0.2066115702479339 0.3167098445595855
4 0.6977567886658795 0.5012953367875648 0.5596221959858324 0.5012953367875648 0.5596221959858324 0.6036269430051814 0.6977567886658795 0.6036269430051814
2 0.03318402270496212 0.01112462361622526 0.03687113633884665 0.25182102549455343 0.14195387490456013 0.25586634317318074 0.14195387490456005 0.3175574377722481 0.4000518292764878 0.31553477893293436 0.40373894291037254 0.011124623616225241
2 0.4147933884297521 0.12237370466321244 0.8056316410861866 0.12237370466321244 0.8056316410861866 0.31857189119170987 0.4147933884297521 0.31857189119170987
2 0.036871310507674164 0.7969268134715025 0.4793270365997639 0.7969268134715025 0.4793270365997639 0.9830084196891191 0.036871310507674164 0.9830084196891191
17 0.25625147579693036 0.6593911917098445 0.4701003541912633 0.6593911917098445 0.4701003541912633 0.797940414507772 0.25625147579693036 0.797940414507772
12 0.03502951593860685 0.21945919689119173 0.20648170011806374 0.21945919689119173 0.20648170011806374 0.2508128238341969 0.03502951593860685 0.2508128238341969
29 0.49223140495867773 0.7959164507772021 0.8111688311688311 0.7959164507772021 0.8111688311688311 0.8869332901554405 0.49223140495867773 0.8869332901554405
6 0.49222550177095625 0.6573639896373057 0.8959681227863046 0.6573639896373057 0.8959681227863046 0.7908613989637305 0.49222550177095625 0.7908613989637305
24 0.4959149940968123 0.7301781088082901 0.5493742621015348 0.7301781088082901 0.5493742621015348 0.7908581606217617 0.4959149940968123 0.7908581606217617
24 0.5696576151121605 0.8464799222797927 0.6931759149940967 0.8464799222797927 0.6931759149940967 0.8808646373056995 0.5696576151121605 0.8808646373056995
25 0.8351357733175915 0.7008516839378238 0.8867532467532468 0.7008516839378238 0.8867532467532468 0.7352363989637307 0.8351357733175915 0.7352363989637307
21 0.6415525383707201 0.7584941709844559 0.8978099173553719 0.7584941709844559 0.8978099173553719 0.7898477979274611 0.6415525383707201 0.7898477979274611
21 0.8296044864226682 0.6563536269430053 0.8941263282172374 0.6563536269430053 0.8941263282172374 0.7888406735751295 0.8296044864226682 0.7888406735751295
21 0.5696635182998819 0.8454695595854922 0.8019539551357733 0.8454695595854922 0.8019539551357733 0.881875 0.5696635182998819 0.881875
21 0.4959149940968122 0.799964378238342 0.5512160566706021 0.799964378238342 0.5512160566706021 0.8485071243523314 0.4959149940968122 0.8485071243523314
21 0.49406729634002367 0.6998413212435234 0.5512219598583235 0.6998413212435234 0.5512219598583235 0.7868167098445596 0.49406729634002367 0.7868167098445596
8 0.044250295159386055 0.429815414507772 0.11799291617473436 0.429815414507772 0.11799291617473436 0.501622409326425 0.044250295159386055 0.501622409326425
8 0.05345926800472255 0.42476036269430056 0.3041794569067296 0.42476036269430056 0.3041794569067296 0.46319300518134715 0.05345926800472255 0.46319300518134715
8 0.3447461629279811 0.47532059585492226 0.4166469893742621 0.47532059585492226 0.4166469893742621 0.5198218911917099 0.3447461629279811 0.5198218911917099
8 0.3429043683589138 0.5258905440414507 0.41664698937426214 0.5258905440414507 0.41664698937426214 0.5744332901554404 0.3429043683589138 0.5744332901554404
28 0.15486422668240848 0.6270239637305699 0.30234946871310503 0.6270239637305699 0.30234946871310503 0.6492713730569948 0.15486422668240848 0.6492713730569948
27 0.044244391971664694 0.3266580310880829 0.2765348288075561 0.3266580310880829 0.2765348288075561 0.4085751295336788 0.044244391971664694 0.4085751295336788
27 0.5512219598583235 0.3317195595854922 0.8148465171192444 0.3317195595854922 0.8148465171192444 0.40958873056994816 0.5512219598583235 0.40958873056994816
27 0.24888017028721618 0.7928822650109634 0.029496909071077274 0.7928822650109634 0.031340465888019545 0.7170325585367003 0.14379743172150242 0.7160212291170436 0.14379743172150242 0.6583754521966036 0.2525672839211005 0.6573641227769468 0.25256728392110067 0.7908596061716499
7 0.038719008264462826 0.41868847150259064 0.4756375442739079 0.41868847150259064 0.4756375442739079 0.6553400259067358 0.038719008264462826 0.6553400259067358
3 0.4664167650531287 0.4186917098445596 0.7540082644628099 0.4186917098445596 0.7540082644628099 0.6624222797927461 0.4664167650531287 0.6624222797927461
12 0.5383175914994096 0.42172603626943006 0.7429574970484061 0.42172603626943006 0.7429574970484061 0.4409423575129534 0.5383175914994096 0.4409423575129534
1 0.5567591499409681 0.21238018134715028 0.7429574970484061 0.21238018134715028 0.7429574970484061 0.31553432642487045 0.5567591499409681 0.31553432642487045
1 0.03502361275088547 0.06472474093264248 0.2230637544273908 0.06472474093264248 0.2230637544273908 0.16484779792746113 0.03502361275088547 0.16484779792746113
1 0.14932703659976387 0.8737920984455958 0.3244628099173554 0.8737920984455958 0.3244628099173554 0.9759358808290156 0.14932703659976387 0.9759358808290156
28 0.15485832349468714 0.797940414507772 0.33737308146399053 0.797940414507772 0.33737308146399053 0.8232253886010362 0.15485832349468714 0.8232253886010362
28 0.3613400236127509 0.09405764248704662 0.3945277449822905 0.09405764248704662 0.3945277449822905 0.17091645077720205 0.3613400236127509 0.17091645077720205
28 0.5770306965761512 0.1254080310880829 0.7318949232585598 0.1254080310880829 0.7318949232585598 0.1537240932642487 0.5770306965761512 0.1537240932642487
16 0.4203246753246753 0.2730602331606217 0.5032880755608028 0.2730602331606217 0.5032880755608028 0.3175615284974093 0.4203246753246753 0.3175615284974093
16 0.3134061393152302 0.2659812176165803 0.3982113341204251 0.2659812176165803 0.3982113341204251 0.316544689119171 0.3134061393152302 0.316544689119171
16 0.20832349468713107 0.3205958549222798 0.28022432113341206 0.3205958549222798 0.28022432113341206 0.3640803108808291 0.20832349468713107 0.3640803108808291
16 0.5401593860684769 0.3650906735751295 0.6249645808736718 0.3650906735751295 0.6249645808736718 0.40554404145077716 0.5401593860684769 0.40554404145077716
16 0.022119244391971663 0.5643199481865284 0.1290495867768595 0.5643199481865284 0.1290495867768595 0.6209520725388601 0.022119244391971663 0.6209520725388601
16 0.3816174734356553 0.6462402849740932 0.4756434474616293 0.6462402849740932 0.4756434474616293 0.7048996113989637 0.3816174734356553 0.7048996113989637
16 0.18067296340023614 0.7180440414507773 0.2562573789846517 0.7180440414507773 0.2562573789846517 0.7605181347150259 0.18067296340023614 0.7605181347150259
12 0.25994096812278633 0.7686075129533679 0.379775678866588 0.7686075129533679 0.379775678866588 0.7938924870466321 0.25994096812278633 0.7938924870466321
12 0.254409681227863 0.6583775906735752 0.3871487603305785 0.6583775906735752 0.3871487603305785 0.6917519430051814 0.254409681227863 0.6917519430051814
24 0.5604427390791027 0.3307027202072539 0.6249645808736718 0.3307027202072539 0.6249645808736718 0.36306670984455963 0.5604427390791027 0.36306670984455963
24 0.21200708382526565 0.3731832901554404 0.28206611570247936 0.3731832901554404 0.28206611570247936 0.40857836787564766 0.21200708382526565 0.40857836787564766
24 0.16407319952774502 0.7605213730569949 0.21569067296340022 0.7605213730569949 0.21569067296340022 0.791875 0.16407319952774502 0.791875
15 0.08664108618654072 0.7524319948186527 0.11982880755608029 0.7524319948186527 0.11982880755608029 0.7858063471502591 0.08664108618654072 0.7858063471502591
15 0.14564344746162927 0.372169689119171 0.19173553719008266 0.372169689119171 0.19173553719008266 0.4004857512953368 0.14564344746162927 0.4004857512953368
15 0.6526210153482881 0.3317163212435233 0.6987131050767413 0.3317163212435233 0.6987131050767413 0.36003238341968913 0.6526210153482881 0.36003238341968913
0 0.48485242030696574 0.8869365284974093 0.6857969303423849 0.8869365284974093 0.6857969303423849 0.9809909326424869 0.48485242030696574 0.9809909326424869
16 0.7411038961038962 0.41768134715025906 0.7742916174734356 0.41768134715025906 0.7742916174734356 0.622979274611399 0.7411038961038962 0.622979274611399
19 0.49609799291617473 0.6538374352331605 0.5549527744982291 0.6538374352331605 0.5549527744982291 0.6895822538860104 0.49609799291617473 0.6895822538860104