12 0.22593068035943517 0.616677440206852 0.1245186136071887 0.616677440206852 0.1245186136071887 0.733678086619263 0.22593068035943517 0.733678086619263
0 0.6790757381258024 0.9140271493212669 0.23876765083440307 0.9140271493212669 0.23876765083440307 0.9915966386554622 0.6803594351732991 0.9915966386554622
4 0.8921694480102695 0.4776987718164189 0.7522464698331194 0.4776987718164189 0.7522464698331194 0.5714285714285714 0.8921694480102695 0.5701357466063348
12 0.9512195121951219 0.24369747899159663 0.8459563543003851 0.24369747899159663 0.8459563543003851 0.29993535875888816 0.9512195121951219 0.29993535875888816
12 0.8356867779204108 0.24046541693600518 0.7881899871630296 0.24046541693600518 0.7881899871630296 0.2979961215255333 0.8356867779204108 0.2979961215255333
7 0.6148908857509627 0.3878474466709761 0.24133504492939667 0.3878474466709761 0.24133504492939667 0.5824175824175825 0.6148908857509627 0.5824175824175825 0.6148908857509627 0.5054945054945055 0.6084724005134788 0.5080801551389786 0.5994865211810013 0.49903038138332256 0.6071887034659821 0.4460245636716225 0.6110397946084724 0.4421460892049127 0.6148908857509627 0.4434389140271493
10 0.9512195121951219 0.3070458952811894 0.6893453145057766 0.3070458952811894 0.6893453145057766 0.40917905623787976 0.9512195121951219 0.40917905623787976
2 0.18167522464698332 0.12197802197802197 0.574602053915276 0.12197802197802197 0.574602053915276 0.30281835811247576 0.18167522464698332 0.30281835811247576
2 0.577412634363983 0.017020049209436092 0.5802292813608801 0.30281504218455035 0.8379524815769995 0.30139670475043057 0.840769128573897 0.23898985764916497 0.9576599789451424 0.23828068893210513 0.9548433319482451 0.015601711775316423
1 0.7576765083440307 0.08864576599870717 0.9520282413350449 0.08864576599870717 0.9520282413350449 0.178710407239819 0.7576765083440307 0.178710407239819
1 0.24504492939666236 0.20069489334195217 0.4267137355584082 0.20069489334195217 0.4267137355584082 0.3013994828700711 0.24504492939666236 0.3013994828700711
1 0.24082156611039798 0.7836296056884293 0.43517329910141206 0.7836296056884293 0.43517329910141206 0.8602230122818357 0.24082156611039798 0.8602230122818357
2 0.23800667123783695 0.7368262970251703 0.4337636375222114 0.7354079595910508 0.43517196102066047 0.6105942653885194 0.6886701907414333 0.6098850966714596 0.6886701907414333 0.9091542952707107 0.23800667123783703 0.9077359578365912
28 0.640783055198973 0.7807950872656756 0.6816302952503209 0.7807950872656756 0.6816302952503209 0.8729864253393665 0.640783055198973 0.8729864253393665
28 0.3112387676508344 0.5822301228183582 0.49150834403080873 0.5822301228183582 0.49150834403080873 0.6013768584356819 0.3112387676508344 0.6013768584356819
28 0.5872721437740693 0.10283128636069813 0.6295186136071886 0.10283128636069813 0.6295186136071886 0.17091144149967677 0.5872721437740693 0.17091144149967677
12 0.7013478818998716 0.01702327084680026 0.9506161745827986 0.01702327084680026 0.9506161745827986 0.048225597931480284 0.7013478818998716 0.048225597931480284
12 0.18026957637997434 0.12268261150614092 0.440808729139923 0.12268261150614092 0.440808729139923 0.14821590174531352 0.18026957637997434 0.14821590174531352
12 0.4337612323491656 0.7034938590820944 0.5788189987163029 0.7034938590820944 0.5788189987163029 0.7346961861667745 0.4337612323491656 0.7346961861667745
12 0.4309499358151477 0.608464770523594 0.5745956354300386 0.608464770523594 0.5745956354300386 0.6403781512605041 0.4309499358151477 0.6403781512605041
27 0.23800385109114244 0.6098836457659987 0.42813222079589214 0.6098836457659987 0.42813222079589214 0.732572721396251 0.23800385109114244 0.732572721396251
27 0.1816688061617458 0.30352617970265033 0.4422079589216945 0.30352617970265033 0.4422079589216945 0.3843729799612153 0.1816688061617458 0.3843729799612153
27 0.6999422336328627 0.3013994828700711 0.956258023106547 0.3013994828700711 0.956258023106547 0.38153522947640595 0.6999422336328627 0.38153522947640595
16 0.6999293966623877 0.3070685197155786 0.7745763799743262 0.3070685197155786 0.7745763799743262 0.33898190045248866 0.6999293966623877 0.33898190045248866
16 0.5886777920410783 0.25884292178409823 0.6830295250320924 0.25884292178409823 0.6830295250320924 0.30352294764059473 0.5886777920410783 0.30352294764059473
16 0.47319640564826704 0.2574305106658048 0.5619255455712452 0.2574305106658048 0.5619255455712452 0.3042372333548804 0.47319640564826704 0.3042372333548804
16 0.36193196405648265 0.33827084680025854 0.44643774069319647 0.33827084680025854 0.44643774069319647 0.37940206851971564 0.36193196405648265 0.37940206851971564
16 0.3534852374839537 0.6531447963800906 0.4379910141206675 0.6531447963800906 0.4379910141206675 0.6935649644473175 0.3534852374839537 0.6935649644473175
16 0.36897946084724004 0.8999353587588881 0.5562836970474968 0.8999353587588881 0.5562836970474968 0.9205042016806723 0.36897946084724004 0.9205042016806723
16 0.749229781771502 0.8134195216548157 0.8956996148908858 0.8134195216548157 0.8956996148908858 0.8276018099547511 0.749229781771502 0.8276018099547511
16 0.8576636713735558 0.41557207498383975 0.9632862644415917 0.41557207498383975 0.9632862644415917 0.47301228183581123 0.8576636713735558 0.47301228183581123
3 0.6154300385109115 0.4687621202327084 0.9548395378690628 0.4687621202327084 0.9548395378690628 0.607049127343245 0.6154300385109115 0.607049127343245
5 0.6351476251604622 0.40848093083387205 0.9562516046213094 0.40848093083387205 0.9562516046213094 0.46734324499030383 0.6351476251604622 0.46734324499030383
12 0.6872593068035944 0.3900452488687783 0.9520218228498074 0.3900452488687783 0.9520218228498074 0.408480930833872 0.6872593068035944 0.408480930833872
24 0.371790757381258 0.3091984486102133 0.4253080872913993 0.3091984486102133 0.4253080872913993 0.33259857789269553 0.371790757381258 0.33259857789269553
24 0.23659820282413352 0.6616515837104072 0.29292682926829267 0.6616515837104072 0.29292682926829267 0.689311570782159 0.23659820282413352 0.689311570782159
24 0.6971181001283696 0.755261797026503 0.750635430038511 0.755261797026503 0.750635430038511 0.8148351648351648 0.6971181001283696 0.8148351648351648
24 0.8900641848523747 0.8488720103425986 0.9393581514762516 0.8488720103425986 0.9393581514762516 0.8999321266968325 0.8900641848523747 0.8999321266968325
29 0.6872593068035944 0.818377504848093 0.9548459563543005 0.818377504848093 0.9548459563543005 0.9063154492566257 0.6872593068035944 0.9063154492566257
6 0.6957060333761232 0.6035003232062056 0.953433889602054 0.6035003232062056 0.953433889602054 0.8162540400775695 0.6957060333761232 0.8162540400775695
21 0.8914634146341464 0.605633484162896 0.9506161745827985 0.605633484162896 0.9506161745827985 0.8169650937297996 0.8914634146341464 0.8169650937297996
21 0.6943068035943517 0.6474725274725275 0.7548587933247755 0.6474725274725275 0.7548587933247755 0.816961861667744 0.6943068035943517 0.816961861667744
25 0.8900577663671374 0.6708758888170653 0.950609756097561 0.6708758888170653 0.950609756097561 0.7027892695539754 0.8900577663671374 0.7027892695539754
16 0.5943196405648268 0.6070491273432449 0.674589216944801 0.6070491273432449 0.674589216944801 0.6538558500323206 0.5943196405648268 0.6538558500323206
15 0.3337804878048781 0.6971170006464125 0.3760269576379974 0.6971170006464125 0.3760269576379974 0.7254815772462833 0.3337804878048781 0.7254815772462833
15 0.29856225930680363 0.3070717517776341 0.3394094993581515 0.3070717517776341 0.3394094993581515 0.34040077569489335 0.29856225930680363 0.34040077569489335
15 0.7957060333761232 0.3510407239819005 0.8407766367137355 0.3510407239819005 0.8407766367137355 0.3751519069166128 0.7957060333761232 0.3751519069166128
24 0.7041591784338895 0.3552973497091145 0.773170731707317 0.3552973497091145 0.773170731707317 0.38153522947640595 0.7041591784338895 0.38153522947640595
0 0.40560333761232353 0.016308985132514546 0.574602053915276 0.016308985132514546 0.574602053915276 0.11417582417582417 0.40560333761232353 0.11417582417582417
0 0.07745186136071887 0.39145765998707177 0.2295571245186136 0.39145765998707177 0.2295571245186136 0.6042113768584356 0.07745186136071887 0.6042113768584356
16 0.21546854942233631 0.3900452488687783 0.24645699614890884 0.3900452488687783 0.24645699614890884 0.5744279250161604 0.21546854942233631 0.5744279250161604
8 0.2492811296534018 0.39429541047188105 0.32532734274711167 0.39429541047188105 0.32532734274711167 0.4708888170652877 0.2492811296534018 0.4708888170652877
8 0.2563157894736842 0.394295410471881 0.5069961489088575 0.394295410471881 0.5069961489088575 0.43188429217840985 0.2563157894736842 0.43188429217840985
8 0.5407894736842105 0.4354298642533937 0.6238831835686778 0.4354298642533937 0.6238831835686778 0.47939883645765996 0.5407894736842105 0.47939883645765996
8 0.5450192554557124 0.4907401422107304 0.6224775353016688 0.4907401422107304 0.6224775353016688 0.5283290239172592 0.5450192554557124 0.5283290239172592
19 0.6969448010269575 0.6047899159663865 0.7578433889602054 0.6047899159663865 0.7578433889602054 0.6431221719457013 0.6969448010269575 0.6431221719457013
32 0.6969383825417201 0.8237071751777634 0.7527663671373556 0.8237071751777634 0.7527663671373556 0.8748190045248869 0.6969383825417201 0.8748190045248869