12 0.9244186046511628 0.047402597402597405 0.877906976744186 0.047402597402597405 0.877906976744186 0.23246753246753246 0.9244186046511628 0.23246753246753246
10 0.19102990033222592 0.39155844155844155 0.08222591362126246 0.39155844155844155 0.08222591362126246 0.8714285714285714 0.08554817275747509 0.8811688311688312 0.08970099667774087 0.8850649350649351 0.10215946843853821 0.8837662337662338 0.1420265780730897 0.8863636363636364 0.17109634551495018 0.8837662337662338 0.1760797342192691 0.8863636363636364 0.1852159468438538 0.8863636363636364 0.18853820598006646 0.8772727272727273 0.19102990033222592 0.8435064935064935
27 0.7209302325581395 0.75 0.5274086378737541 0.75 0.5274086378737541 0.8363636363636363 0.7209302325581395 0.8363636363636363
3 0.8480066445182725 0.3935064935064935 0.5614617940199336 0.3935064935064935 0.5614617940199336 0.6363636363636364 0.8480066445182725 0.6363636363636364 0.8480066445182725 0.5883116883116883 0.8421926910299004 0.5863636363636363 0.8397009966777409 0.577922077922078 0.8397009966777409 0.5253246753246753 0.8421926910299004 0.5175324675324675 0.8480066445182725 0.5136363636363637
4 0.7732558139534884 0.5012987012987012 0.5980066445182725 0.5012987012987012 0.5980066445182725 0.6 0.7732558139534884 0.6
7 0.5415282392026578 0.39025974025974025 0.43023255813953487 0.39025974025974025 0.42940199335548174 0.4038961038961039 0.42441860465116277 0.40454545454545454 0.4227574750830565 0.39025974025974025 0.2009966777408638 0.39025974025974025 0.2009966777408638 0.6448051948051948 0.21843853820598005 0.6448051948051948 0.22093023255813954 0.6415584415584416 0.22508305647840532 0.6448051948051948 0.24335548172757476 0.6448051948051948 0.2649501661129568 0.6363636363636364 0.3081395348837209 0.6350649350649351 0.40863787375415284 0.6337662337662338 0.43272425249169433 0.6363636363636364 0.4410299003322259 0.6324675324675325 0.5157807308970099 0.6324675324675325 0.5274086378737541 0.6350649350649351 0.5415282392026578 0.6350649350649351
6 0.7732558139534884 0.5337662337662338 0.7732558139534884 0.5662337662337662 0.770764119601329 0.5675324675324676 0.770764119601329 0.5733766233766234 0.760797342192691 0.5837662337662337 0.7516611295681063 0.5863636363636363 0.7483388704318937 0.5902597402597403 0.7358803986710963 0.5935064935064935 0.7358803986710963 0.8363636363636363 0.9227574750830565 0.8363636363636363 0.9227574750830565 0.5324675324675324 0.8521594684385382 0.5324675324675324 0.8513289036544851 0.5461038961038961 0.8471760797342193 0.5551948051948052 0.8421926910299004 0.5538961038961039 0.8421926910299004 0.5324675324675324
12 0.7225913621262459 0.6448051948051948 0.6760797342192691 0.6448051948051948 0.6760797342192691 0.7337662337662337 0.7225913621262459 0.7337662337662337
2 0.3579734219269103 0.1383116883116883 0.08388704318936877 0.1383116883116883 0.08388704318936877 0.38246753246753246 0.3579734219269103 0.38246753246753246
0 0.07973421926910298 0.3987012987012987 0.19767441860465115 0.3987012987012987 0.19767441860465115 0.887012987012987 0.07973421926910298 0.887012987012987
0 0.3704318936877076 0.03766233766233766 0.5465116279069767 0.03766233766233766 0.5465116279069767 0.13116883116883116 0.3704318936877076 0.13116883116883116
29 0.739202657807309 0.8454545454545455 0.9269102990033222 0.8454545454545455 0.9269102990033222 0.9701298701298702 0.739202657807309 0.9701298701298702
2 0.2026578073089701 0.6493506493506493 0.20431893687707642 0.8883116883116883 0.5182724252491694 0.8883116883116883 0.5149501661129569 0.7376623376623377 0.7308970099667774 0.7376623376623377 0.729235880398671 0.6402597402597403 0.19767441860465115 0.638961038961039
12 0.5083056478405316 0.6402597402597403 0.7192691029900332 0.6402597402597403 0.7192691029900332 0.6831168831168831 0.5083056478405316 0.6831168831168831
28 0.292358803986711 0.6441558441558441 0.4119601328903654 0.6441558441558441 0.4119601328903654 0.6662337662337663 0.292358803986711 0.6662337662337663
1 0.28903654485049834 0.7662337662337663 0.4318936877076412 0.7662337662337663 0.4318936877076412 0.8844155844155844 0.28903654485049834 0.8844155844155844
1 0.21262458471760798 0.17792207792207793 0.3588039867109635 0.17792207792207793 0.3588039867109635 0.2662337662337662 0.21262458471760798 0.2662337662337662
12 0.08803986710963455 0.34545454545454546 0.2807308970099668 0.34545454545454546 0.2807308970099668 0.38441558441558443 0.08803986710963455 0.38441558441558443
12 0.6378737541528239 0.24285714285714285 0.7308970099667774 0.24285714285714285 0.7308970099667774 0.2805194805194805 0.6378737541528239 0.2805194805194805
12 0.6445182724252492 0.34545454545454546 0.7225913621262459 0.34545454545454546 0.7225913621262459 0.38051948051948054 0.6445182724252492 0.38051948051948054
21 0.8737541528239202 0.5805194805194805 0.925249169435216 0.5805194805194805 0.925249169435216 0.9727272727272728 0.8737541528239202 0.9727272727272728
21 0.739202657807309 0.6922077922077922 0.7840531561461794 0.6922077922077922 0.7840531561461794 0.8558441558441559 0.739202657807309 0.8558441558441559
24 0.8820598006644518 0.8805194805194805 0.9235880398671097 0.8805194805194805 0.9235880398671097 0.9545454545454546 0.8820598006644518 0.9545454545454546
24 0.7408637873754153 0.7935064935064935 0.7790697674418605 0.7935064935064935 0.7790697674418605 0.8584415584415584 0.7408637873754153 0.8584415584415584
24 0.526578073089701 0.8 0.584717607973422 0.8 0.584717607973422 0.8311688311688312 0.526578073089701 0.8311688311688312
24 0.3787375415282392 0.261038961038961 0.4152823920265781 0.261038961038961 0.4152823920265781 0.3025974025974026 0.3787375415282392 0.3025974025974026
24 0.7524916943521595 0.34545454545454546 0.8239202657807309 0.34545454545454546 0.8239202657807309 0.38441558441558443 0.7524916943521595 0.38441558441558443
27 0.7408637873754153 0.24415584415584415 0.739202657807309 0.37922077922077924 0.9385382059800664 0.37922077922077924 0.9302325581395349 0.3038961038961039 0.8438538205980066 0.3025974025974026 0.8421926910299004 0.24415584415584415
27 0.3770764119601329 0.19480519480519481 0.3803986710963455 0.3051948051948052 0.5398671096345515 0.3038961038961039 0.5415282392026578 0.13636363636363635 0.45182724252491696 0.13636363636363635 0.45514950166112955 0.1987012987012987
16 0.5581395348837209 0.33766233766233766 0.6362126245847176 0.33766233766233766 0.6362126245847176 0.4012987012987013 0.5581395348837209 0.4012987012987013
16 0.7740863787375415 0.43246753246753245 0.8654485049833887 0.43246753246753245 0.8654485049833887 0.5025974025974026 0.7740863787375415 0.5025974025974026
16 0.34717607973421927 0.3142857142857143 0.4318936877076412 0.3142857142857143 0.4318936877076412 0.37792207792207794 0.34717607973421927 0.37792207792207794
16 0.46511627906976744 0.2597402597402597 0.53156146179402 0.2597402597402597 0.53156146179402 0.312987012987013 0.46511627906976744 0.312987012987013
16 0.4435215946843854 0.6350649350649351 0.5166112956810631 0.6350649350649351 0.5166112956810631 0.6935064935064935 0.4435215946843854 0.6935064935064935
16 0.5249169435215947 0.7402597402597403 0.5946843853820598 0.7402597402597403 0.5946843853820598 0.7792207792207793 0.5249169435215947 0.7792207792207793
8 0.20431893687707642 0.5116883116883116 0.25083056478405313 0.5116883116883116 0.25083056478405313 0.5792207792207792 0.20431893687707642 0.5792207792207792
8 0.2558139534883721 0.5922077922077922 0.4019933554817276 0.5922077922077922 0.4019933554817276 0.6311688311688312 0.2558139534883721 0.6311688311688312
8 0.420265780730897 0.5194805194805194 0.48006644518272423 0.5194805194805194 0.48006644518272423 0.5662337662337662 0.420265780730897 0.5662337662337662
25 0.8787375415282392 0.7415584415584415 0.925249169435216 0.7415584415584415 0.925249169435216 0.7779220779220779 0.8787375415282392 0.7779220779220779
17 0.5099667774086378 0.6350649350649351 0.729235880398671 0.6350649350649351 0.729235880398671 0.7337662337662337 0.5099667774086378 0.7337662337662337
1 0.6760797342192691 0.11688311688311688 0.8239202657807309 0.11688311688311688 0.8239202657807309 0.23766233766233766 0.6760797342192691 0.23766233766233766
28 0.707641196013289 0.033766233766233764 0.7890365448504983 0.033766233766233764 0.7890365448504983 0.06493506493506493 0.707641196013289 0.06493506493506493
15 0.7558139534883721 0.24675324675324675 0.7940199335548173 0.24675324675324675 0.7940199335548173 0.2844155844155844 0.7558139534883721 0.2844155844155844
15 0.6046511627906976 0.7961038961038961 0.6411960132890365 0.7961038961038961 0.6411960132890365 0.8324675324675325 0.6046511627906976 0.8324675324675325
18 0.5199335548172758 0.8454545454545455 0.7275747508305648 0.8454545454545455 0.7275747508305648 0.8935064935064935 0.5199335548172758 0.8935064935064935
15 0.38704318936877075 0.21558441558441557 0.4318936877076412 0.21558441558441557 0.4318936877076412 0.24025974025974026 0.38704318936877075 0.24025974025974026
12 0.6345514950166113 0.3961038961038961 0.8488372093023255 0.3961038961038961 0.8488372093023255 0.41818181818181815 0.6345514950166113 0.41818181818181815
18 0.8488372093023255 0.24285714285714285 0.925249169435216 0.24285714285714285 0.925249169435216 0.3012987012987013 0.8488372093023255 0.3012987012987013
28 0.25083056478405313 0.3948051948051948 0.3853820598006645 0.3948051948051948 0.3853820598006645 0.42077922077922075 0.25083056478405313 0.42077922077922075
18 0.3770764119601329 0.13246753246753246 0.4485049833887043 0.13246753246753246 0.4485049833887043 0.19480519480519481 0.3770764119601329 0.19480519480519481
19 0.738625415282392 0.6328668831168831 0.7863745847176079 0.6328668831168831 0.7863745847176079 0.6894707792207793 0.738625415282392 0.6894707792207793
32 0.736312292358804 0.9357532467532469 0.8726411960132892 0.9357532467532469 0.8726411960132892 0.9718831168831169 0.736312292358804 0.9718831168831169